0.000000000000000000e+00 0.000000000000000000e+00 0.000000000000000000e+00 0.000000000000000000e+00 0.000000000000000000e+00 0.000000000000000000e+00 0.000000000000000000e+00 0.000000000000000000e+00 0.000000000000000000e+00 0.000000000000000000e+00 1.000000000000000000e+04 0.000000000000000000e+00 0.000000000000000000e+00 0.000000000000000000e+00 0.000000000000000000e+00 0.000000000000000000e+00 0.000000000000000000e+00 0.000000000000000000e+00 0.000000000000000000e+00 0.000000000000000000e+00
0.000000000000000000e+00 0.000000000000000000e+00 0.000000000000000000e+00 0.000000000000000000e+00 0.000000000000000000e+00 0.000000000000000000e+00 0.000000000000000000e+00 0.000000000000000000e+00 0.000000000000000000e+00 5.042000000000000000e+03 4.958000000000000000e+03 0.000000000000000000e+00 0.000000000000000000e+00 0.000000000000000000e+00 0.000000000000000000e+00 0.000000000000000000e+00 0.000000000000000000e+00 0.000000000000000000e+00 0.000000000000000000e+00 0.000000000000000000e+00
0.000000000000000000e+00 0.000000000000000000e+00 0.000000000000000000e+00 0.000000000000000000e+00 0.000000000000000000e+00 0.000000000000000000e+00 0.000000000000000000e+00 0.000000000000000000e+00 0.000000000000000000e+00 2.505000000000000000e+03 7.495000000000000000e+03 0.000000000000000000e+00 0.000000000000000000e+00 0.000000000000000000e+00 0.000000000000000000e+00 0.000000000000000000e+00 0.000000000000000000e+00 0.000000000000000000e+00 0.000000000000000000e+00 0.000000000000000000e+00
0.000000000000000000e+00 0.000000000000000000e+00 0.000000000000000000e+00 0.000000000000000000e+00 0.000000000000000000e+00 0.000000000000000000e+00 0.000000000000000000e+00 0.000000000000000000e+00 0.000000000000000000e+00 5.031000000000000000e+03 4.969000000000000000e+03 0.000000000000000000e+00 0.000000000000000000e+00 0.000000000000000000e+00 0.000000000000000000e+00 0.000000000000000000e+00 0.000000000000000000e+00 0.000000000000000000e+00 0.000000000000000000e+00 0.000000000000000000e+00
0.000000000000000000e+00 0.000000000000000000e+00 0.000000000000000000e+00 0.000000000000000000e+00 0.000000000000000000e+00 0.000000000000000000e+00 0.000000000000000000e+00 0.000000000000000000e+00 0.000000000000000000e+00 3.116000000000000000e+03 6.247000000000000000e+03 6.370000000000000000e+02 0.000000000000000000e+00 0.000000000000000000e+00 0.000000000000000000e+00 0.000000000000000000e+00 0.000000000000000000e+00 0.000000000000000000e+00 0.000000000000000000e+00 0.000000000000000000e+00
0.000000000000000000e+00 0.000000000000000000e+00 0.000000000000000000e+00 0.000000000000000000e+00 0.000000000000000000e+00 0.000000000000000000e+00 0.000000000000000000e+00 0.000000000000000000e+00 3.150000000000000000e+02 4.699000000000000000e+03 4.676000000000000000e+03 3.100000000000000000e+02 0.000000000000000000e+00 0.000000000000000000e+00 0.000000000000000000e+00 0.000000000000000000e+00 0.000000000000000000e+00 0.000000000000000000e+00 0.000000000000000000e+00 0.000000000000000000e+00
0.000000000000000000e+00 0.000000000000000000e+00 0.000000000000000000e+00 0.000000000000000000e+00 0.000000000000000000e+00 0.000000000000000000e+00 0.000000000000000000e+00 0.000000000000000000e+00 1.590000000000000000e+02 3.231000000000000000e+03 5.488000000000000000e+03 1.122000000000000000e+03 0.000000000000000000e+00 0.000000000000000000e+00 0.000000000000000000e+00 0.000000000000000000e+00 0.000000000000000000e+00 0.000000000000000000e+00 0.000000000000000000e+00 0.000000000000000000e+00
0.000000000000000000e+00 0.000000000000000000e+00 0.000000000000000000e+00 0.000000000000000000e+00 0.000000000000000000e+00 0.000000000000000000e+00 0.000000000000000000e+00 0.000000000000000000e+00 6.300000000000000000e+02 4.384000000000000000e+03 4.347000000000000000e+03 6.390000000000000000e+02 0.000000000000000000e+00 0.000000000000000000e+00 0.000000000000000000e+00 0.000000000000000000e+00 0.000000000000000000e+00 0.000000000000000000e+00 0.000000000000000000e+00 0.000000000000000000e+00
0.000000000000000000e+00 0.000000000000000000e+00 0.000000000000000000e+00 0.000000000000000000e+00 0.000000000000000000e+00 0.000000000000000000e+00 0.000000000000000000e+00 0.000000000000000000e+00 3.540000000000000000e+02 3.291000000000000000e+03 4.911000000000000000e+03 1.404000000000000000e+03 4.000000000000000000e+01 0.000000000000000000e+00 0.000000000000000000e+00 0.000000000000000000e+00 0.000000000000000000e+00 0.000000000000000000e+00 0.000000000000000000e+00 0.000000000000000000e+00
0.000000000000000000e+00 0.000000000000000000e+00 0.000000000000000000e+00 0.000000000000000000e+00 0.000000000000000000e+00 0.000000000000000000e+00 0.000000000000000000e+00 2.000000000000000000e+01 8.910000000000000000e+02 4.101000000000000000e+03 4.088000000000000000e+03 8.850000000000000000e+02 1.500000000000000000e+01 0.000000000000000000e+00 0.000000000000000000e+00 0.000000000000000000e+00 0.000000000000000000e+00 0.000000000000000000e+00 0.000000000000000000e+00 0.000000000000000000e+00
0.000000000000000000e+00 0.000000000000000000e+00 0.000000000000000000e+00 0.000000000000000000e+00 0.000000000000000000e+00 0.000000000000000000e+00 0.000000000000000000e+00 1.200000000000000000e+01 5.630000000000000000e+02 3.178000000000000000e+03 4.512000000000000000e+03 1.639000000000000000e+03 9.600000000000000000e+01 0.000000000000000000e+00 0.000000000000000000e+00 0.000000000000000000e+00 0.000000000000000000e+00 0.000000000000000000e+00 0.000000000000000000e+00 0.000000000000000000e+00
0.000000000000000000e+00 0.000000000000000000e+00 0.000000000000000000e+00 0.000000000000000000e+00 0.000000000000000000e+00 0.000000000000000000e+00 0.000000000000000000e+00 5.200000000000000000e+01 1.080000000000000000e+03 3.884000000000000000e+03 3.870000000000000000e+03 1.069000000000000000e+03 4.500000000000000000e+01 0.000000000000000000e+00 0.000000000000000000e+00 0.000000000000000000e+00 0.000000000000000000e+00 0.000000000000000000e+00 0.000000000000000000e+00 0.000000000000000000e+00
0.000000000000000000e+00 0.000000000000000000e+00 0.000000000000000000e+00 0.000000000000000000e+00 0.000000000000000000e+00 0.000000000000000000e+00 0.000000000000000000e+00 2.400000000000000000e+01 7.160000000000000000e+02 3.137000000000000000e+03 4.239000000000000000e+03 1.708000000000000000e+03 1.720000000000000000e+02 4.000000000000000000e+00 0.000000000000000000e+00 0.000000000000000000e+00 0.000000000000000000e+00 0.000000000000000000e+00 0.000000000000000000e+00 0.000000000000000000e+00
0.000000000000000000e+00 0.000000000000000000e+00 0.000000000000000000e+00 0.000000000000000000e+00 0.000000000000000000e+00 0.000000000000000000e+00 2.000000000000000000e+00 1.090000000000000000e+02 1.217000000000000000e+03 3.679000000000000000e+03 3.692000000000000000e+03 1.209000000000000000e+03 8.900000000000000000e+01 3.000000000000000000e+00 0.000000000000000000e+00 0.000000000000000000e+00 0.000000000000000000e+00 0.000000000000000000e+00 0.000000000000000000e+00 0.000000000000000000e+00
0.000000000000000000e+00 0.000000000000000000e+00 0.000000000000000000e+00 0.000000000000000000e+00 0.000000000000000000e+00 0.000000000000000000e+00 0.000000000000000000e+00 6.700000000000000000e+01 8.300000000000000000e+02 3.093000000000000000e+03 3.868000000000000000e+03 1.868000000000000000e+03 2.660000000000000000e+02 8.000000000000000000e+00 0.000000000000000000e+00 0.000000000000000000e+00 0.000000000000000000e+00 0.000000000000000000e+00 0.000000000000000000e+00 0.000000000000000000e+00
0.000000000000000000e+00 0.000000000000000000e+00 0.000000000000000000e+00 0.000000000000000000e+00 0.000000000000000000e+00 0.000000000000000000e+00 5.000000000000000000e+00 1.830000000000000000e+02 1.332000000000000000e+03 3.443000000000000000e+03 3.541000000000000000e+03 1.328000000000000000e+03 1.630000000000000000e+02 5.000000000000000000e+00 0.000000000000000000e+00 0.000000000000000000e+00 0.000000000000000000e+00 0.000000000000000000e+00 0.000000000000000000e+00 0.000000000000000000e+00
0.000000000000000000e+00 0.000000000000000000e+00 0.000000000000000000e+00 0.000000000000000000e+00 0.000000000000000000e+00 0.000000000000000000e+00 4.000000000000000000e+00 1.240000000000000000e+02 9.270000000000000000e+02 2.972000000000000000e+03 3.706000000000000000e+03 1.909000000000000000e+03 3.350000000000000000e+02 2.300000000000000000e+01 0.000000000000000000e+00 0.000000000000000000e+00 0.000000000000000000e+00 0.000000000000000000e+00 0.000000000000000000e+00 0.000000000000000000e+00
0.000000000000000000e+00 0.000000000000000000e+00 0.000000000000000000e+00 0.000000000000000000e+00 0.000000000000000000e+00 0.000000000000000000e+00 1.400000000000000000e+01 2.420000000000000000e+02 1.416000000000000000e+03 3.326000000000000000e+03 3.372000000000000000e+03 1.407000000000000000e+03 2.080000000000000000e+02 1.500000000000000000e+01 0.000000000000000000e+00 0.000000000000000000e+00 0.000000000000000000e+00 0.000000000000000000e+00 0.000000000000000000e+00 0.000000000000000000e+00
0.000000000000000000e+00 0.000000000000000000e+00 0.000000000000000000e+00 0.000000000000000000e+00 0.000000000000000000e+00 0.000000000000000000e+00 6.000000000000000000e+00 1.590000000000000000e+02 1.023000000000000000e+03 2.909000000000000000e+03 3.506000000000000000e+03 1.920000000000000000e+03 4.360000000000000000e+02 3.900000000000000000e+01 2.000000000000000000e+00 0.000000000000000000e+00 0.000000000000000000e+00 0.000000000000000000e+00 0.000000000000000000e+00 0.000000000000000000e+00
0.000000000000000000e+00 0.000000000000000000e+00 0.000000000000000000e+00 0.000000000000000000e+00 0.000000000000000000e+00 0.000000000000000000e+00 2.600000000000000000e+01 2.920000000000000000e+02 1.484000000000000000e+03 3.250000000000000000e+03 3.156000000000000000e+03 1.496000000000000000e+03 2.730000000000000000e+02 2.100000000000000000e+01 2.000000000000000000e+00 0.000000000000000000e+00 0.000000000000000000e+00 0.000000000000000000e+00 0.000000000000000000e+00 0.000000000000000000e+00
0.000000000000000000e+00 0.000000000000000000e+00 0.000000000000000000e+00 0.000000000000000000e+00 0.000000000000000000e+00 0.000000000000000000e+00 2.000000000000000000e+01 1.910000000000000000e+02 1.131000000000000000e+03 2.837000000000000000e+03 3.291000000000000000e+03 1.972000000000000000e+03 5.060000000000000000e+02 4.800000000000000000e+01 4.000000000000000000e+00 0.000000000000000000e+00 0.000000000000000000e+00 0.000000000000000000e+00 0.000000000000000000e+00 0.000000000000000000e+00
0.000000000000000000e+00 0.000000000000000000e+00 0.000000000000000000e+00 0.000000000000000000e+00 0.000000000000000000e+00 1.000000000000000000e+00 4.000000000000000000e+01 3.680000000000000000e+02 1.545000000000000000e+03 3.090000000000000000e+03 3.036000000000000000e+03 1.548000000000000000e+03 3.410000000000000000e+02 2.900000000000000000e+01 2.000000000000000000e+00 0.000000000000000000e+00 0.000000000000000000e+00 0.000000000000000000e+00 0.000000000000000000e+00 0.000000000000000000e+00
0.000000000000000000e+00 0.000000000000000000e+00 0.000000000000000000e+00 0.000000000000000000e+00 0.000000000000000000e+00 1.000000000000000000e+00 2.500000000000000000e+01 2.440000000000000000e+02 1.190000000000000000e+03 2.749000000000000000e+03 3.127000000000000000e+03 2.015000000000000000e+03 5.730000000000000000e+02 7.300000000000000000e+01 2.000000000000000000e+00 1.000000000000000000e+00 0.000000000000000000e+00 0.000000000000000000e+00 0.000000000000000000e+00 0.000000000000000000e+00
0.000000000000000000e+00 0.000000000000000000e+00 0.000000000000000000e+00 0.000000000000000000e+00 0.000000000000000000e+00 3.000000000000000000e+00 6.000000000000000000e+01 4.120000000000000000e+02 1.601000000000000000e+03 2.959000000000000000e+03 2.946000000000000000e+03 1.554000000000000000e+03 4.170000000000000000e+02 4.500000000000000000e+01 3.000000000000000000e+00 0.000000000000000000e+00 0.000000000000000000e+00 0.000000000000000000e+00 0.000000000000000000e+00 0.000000000000000000e+00
0.000000000000000000e+00 0.000000000000000000e+00 0.000000000000000000e+00 0.000000000000000000e+00 0.000000000000000000e+00 2.000000000000000000e+00 4.300000000000000000e+01 2.840000000000000000e+02 1.260000000000000000e+03 2.626000000000000000e+03 3.080000000000000000e+03 1.960000000000000000e+03 6.560000000000000000e+02 8.200000000000000000e+01 7.000000000000000000e+00 0.000000000000000000e+00 0.000000000000000000e+00 0.000000000000000000e+00 0.000000000000000000e+00 0.000000000000000000e+00
0.000000000000000000e+00 0.000000000000000000e+00 0.000000000000000000e+00 0.000000000000000000e+00 0.000000000000000000e+00 6.000000000000000000e+00 7.700000000000000000e+01 4.670000000000000000e+02 1.615000000000000000e+03 2.878000000000000000e+03 2.820000000000000000e+03 1.624000000000000000e+03 4.590000000000000000e+02 4.900000000000000000e+01 5.000000000000000000e+00 0.000000000000000000e+00 0.000000000000000000e+00 0.000000000000000000e+00 0.000000000000000000e+00 0.000000000000000000e+00
0.000000000000000000e+00 0.000000000000000000e+00 0.000000000000000000e+00 0.000000000000000000e+00 0.000000000000000000e+00 2.000000000000000000e+00 5.000000000000000000e+01 3.330000000000000000e+02 1.281000000000000000e+03 2.601000000000000000e+03 2.966000000000000000e+03 1.947000000000000000e+03 6.950000000000000000e+02 1.140000000000000000e+02 1.100000000000000000e+01 0.000000000000000000e+00 0.000000000000000000e+00 0.000000000000000000e+00 0.000000000000000000e+00 0.000000000000000000e+00
0.000000000000000000e+00 0.000000000000000000e+00 0.000000000000000000e+00 0.000000000000000000e+00 0.000000000000000000e+00 6.000000000000000000e+00 9.400000000000000000e+01 5.520000000000000000e+02 1.593000000000000000e+03 2.765000000000000000e+03 2.792000000000000000e+03 1.601000000000000000e+03 5.170000000000000000e+02 7.200000000000000000e+01 8.000000000000000000e+00 0.000000000000000000e+00 0.000000000000000000e+00 0.000000000000000000e+00 0.000000000000000000e+00 0.000000000000000000e+00
0.000000000000000000e+00 0.000000000000000000e+00 0.000000000000000000e+00 0.000000000000000000e+00 0.000000000000000000e+00 4.000000000000000000e+00 5.800000000000000000e+01 4.080000000000000000e+02 1.287000000000000000e+03 2.463000000000000000e+03 2.960000000000000000e+03 1.892000000000000000e+03 7.640000000000000000e+02 1.420000000000000000e+02 2.100000000000000000e+01 1.000000000000000000e+00 0.000000000000000000e+00 0.000000000000000000e+00 0.000000000000000000e+00 0.000000000000000000e+00
0.000000000000000000e+00 0.000000000000000000e+00 0.000000000000000000e+00 0.000000000000000000e+00 0.000000000000000000e+00 1.100000000000000000e+01 1.160000000000000000e+02 5.900000000000000000e+02 1.605000000000000000e+03 2.697000000000000000e+03 2.681000000000000000e+03 1.619000000000000000e+03 5.620000000000000000e+02 1.030000000000000000e+02 1.600000000000000000e+01 0.000000000000000000e+00 0.000000000000000000e+00 0.000000000000000000e+00 0.000000000000000000e+00 0.000000000000000000e+00
0.000000000000000000e+00 0.000000000000000000e+00 0.000000000000000000e+00 0.000000000000000000e+00 0.000000000000000000e+00 6.000000000000000000e+00 7.800000000000000000e+01 4.270000000000000000e+02 1.307000000000000000e+03 2.464000000000000000e+03 2.807000000000000000e+03 1.905000000000000000e+03 7.830000000000000000e+02 1.910000000000000000e+02 3.000000000000000000e+01 2.000000000000000000e+00 0.000000000000000000e+00 0.000000000000000000e+00 0.000000000000000000e+00 0.000000000000000000e+00
0.000000000000000000e+00 0.000000000000000000e+00 0.000000000000000000e+00 0.000000000000000000e+00 0.000000000000000000e+00 1.500000000000000000e+01 1.320000000000000000e+02 6.250000000000000000e+02 1.607000000000000000e+03 2.634000000000000000e+03 2.597000000000000000e+03 1.630000000000000000e+03 6.100000000000000000e+02 1.260000000000000000e+02 2.300000000000000000e+01 1.000000000000000000e+00 0.000000000000000000e+00 0.000000000000000000e+00 0.000000000000000000e+00 0.000000000000000000e+00
0.000000000000000000e+00 0.000000000000000000e+00 0.000000000000000000e+00 0.000000000000000000e+00 0.000000000000000000e+00 9.000000000000000000e+00 9.400000000000000000e+01 4.660000000000000000e+02 1.324000000000000000e+03 2.403000000000000000e+03 2.710000000000000000e+03 1.909000000000000000e+03 8.040000000000000000e+02 2.360000000000000000e+02 4.200000000000000000e+01 3.000000000000000000e+00 0.000000000000000000e+00 0.000000000000000000e+00 0.000000000000000000e+00 0.000000000000000000e+00
0.000000000000000000e+00 0.000000000000000000e+00 0.000000000000000000e+00 0.000000000000000000e+00 0.000000000000000000e+00 2.400000000000000000e+01 1.620000000000000000e+02 6.440000000000000000e+02 1.621000000000000000e+03 2.538000000000000000e+03 2.544000000000000000e+03 1.645000000000000000e+03 6.310000000000000000e+02 1.560000000000000000e+02 3.400000000000000000e+01 1.000000000000000000e+00 0.000000000000000000e+00 0.000000000000000000e+00 0.000000000000000000e+00 0.000000000000000000e+00
0.000000000000000000e+00 0.000000000000000000e+00 0.000000000000000000e+00 0.000000000000000000e+00 1.000000000000000000e+00 1.300000000000000000e+01 1.130000000000000000e+02 4.850000000000000000e+02 1.375000000000000000e+03 2.328000000000000000e+03 2.620000000000000000e+03 1.901000000000000000e+03 8.430000000000000000e+02 2.600000000000000000e+02 5.700000000000000000e+01 4.000000000000000000e+00 0.000000000000000000e+00 0.000000000000000000e+00 0.000000000000000000e+00 0.000000000000000000e+00
0.000000000000000000e+00 0.000000000000000000e+00 0.000000000000000000e+00 0.000000000000000000e+00 0.000000000000000000e+00 2.900000000000000000e+01 1.890000000000000000e+02 6.740000000000000000e+02 1.586000000000000000e+03 2.512000000000000000e+03 2.519000000000000000e+03 1.582000000000000000e+03 6.840000000000000000e+02 1.840000000000000000e+02 3.800000000000000000e+01 3.000000000000000000e+00 0.000000000000000000e+00 0.000000000000000000e+00 0.000000000000000000e+00 0.000000000000000000e+00
0.000000000000000000e+00 0.000000000000000000e+00 0.000000000000000000e+00 0.000000000000000000e+00 1.000000000000000000e+00 1.900000000000000000e+01 1.420000000000000000e+02 4.990000000000000000e+02 1.374000000000000000e+03 2.275000000000000000e+03 2.604000000000000000e+03 1.845000000000000000e+03 8.950000000000000000e+02 2.750000000000000000e+02 6.500000000000000000e+01 6.000000000000000000e+00 0.000000000000000000e+00 0.000000000000000000e+00 0.000000000000000000e+00 0.000000000000000000e+00
0.000000000000000000e+00 0.000000000000000000e+00 0.000000000000000000e+00 0.000000000000000000e+00 0.000000000000000000e+00 3.600000000000000000e+01 2.160000000000000000e+02 6.790000000000000000e+02 1.628000000000000000e+03 2.436000000000000000e+03 2.451000000000000000e+03 1.608000000000000000e+03 6.940000000000000000e+02 1.990000000000000000e+02 5.000000000000000000e+01 3.000000000000000000e+00 0.000000000000000000e+00 0.000000000000000000e+00 0.000000000000000000e+00 0.000000000000000000e+00
0.000000000000000000e+00 0.000000000000000000e+00 0.000000000000000000e+00 0.000000000000000000e+00 8.000000000000000000e+00 1.700000000000000000e+01 1.580000000000000000e+02 5.250000000000000000e+02 1.388000000000000000e+03 2.242000000000000000e+03 2.497000000000000000e+03 1.870000000000000000e+03 9.190000000000000000e+02 2.910000000000000000e+02 7.500000000000000000e+01 1.000000000000000000e+01 0.000000000000000000e+00 0.000000000000000000e+00 0.000000000000000000e+00 0.000000000000000000e+00
0.000000000000000000e+00 0.000000000000000000e+00 0.000000000000000000e+00 0.000000000000000000e+00 4.000000000000000000e+00 4.600000000000000000e+01 2.150000000000000000e+02 7.400000000000000000e+02 1.638000000000000000e+03 2.354000000000000000e+03 2.368000000000000000e+03 1.639000000000000000e+03 7.260000000000000000e+02 2.110000000000000000e+02 5.400000000000000000e+01 5.000000000000000000e+00 0.000000000000000000e+00 0.000000000000000000e+00 0.000000000000000000e+00 0.000000000000000000e+00
0.000000000000000000e+00 0.000000000000000000e+00 0.000000000000000000e+00 0.000000000000000000e+00 9.000000000000000000e+00 2.000000000000000000e+01 1.690000000000000000e+02 5.690000000000000000e+02 1.407000000000000000e+03 2.191000000000000000e+03 2.416000000000000000e+03 1.864000000000000000e+03 9.400000000000000000e+02 3.260000000000000000e+02 7.300000000000000000e+01 1.500000000000000000e+01 1.000000000000000000e+00 0.000000000000000000e+00 0.000000000000000000e+00 0.000000000000000000e+00
0.000000000000000000e+00 0.000000000000000000e+00 0.000000000000000000e+00 0.000000000000000000e+00 4.000000000000000000e+00 4.800000000000000000e+01 2.450000000000000000e+02 7.500000000000000000e+02 1.640000000000000000e+03 2.281000000000000000e+03 2.340000000000000000e+03 1.616000000000000000e+03 7.750000000000000000e+02 2.310000000000000000e+02 6.100000000000000000e+01 9.000000000000000000e+00 0.000000000000000000e+00 0.000000000000000000e+00 0.000000000000000000e+00 0.000000000000000000e+00
0.000000000000000000e+00 0.000000000000000000e+00 0.000000000000000000e+00 0.000000000000000000e+00 1.200000000000000000e+01 2.200000000000000000e+01 1.790000000000000000e+02 5.950000000000000000e+02 1.409000000000000000e+03 2.119000000000000000e+03 2.433000000000000000e+03 1.822000000000000000e+03 9.610000000000000000e+02 3.530000000000000000e+02 7.300000000000000000e+01 2.100000000000000000e+01 1.000000000000000000e+00 0.000000000000000000e+00 0.000000000000000000e+00 0.000000000000000000e+00
0.000000000000000000e+00 0.000000000000000000e+00 0.000000000000000000e+00 0.000000000000000000e+00 5.000000000000000000e+00 6.900000000000000000e+01 2.410000000000000000e+02 8.120000000000000000e+02 1.608000000000000000e+03 2.242000000000000000e+03 2.320000000000000000e+03 1.598000000000000000e+03 7.670000000000000000e+02 2.640000000000000000e+02 5.900000000000000000e+01 1.400000000000000000e+01 1.000000000000000000e+00 0.000000000000000000e+00 0.000000000000000000e+00 0.000000000000000000e+00
0.000000000000000000e+00 0.000000000000000000e+00 0.000000000000000000e+00 2.000000000000000000e+00 1.100000000000000000e+01 3.500000000000000000e+01 1.920000000000000000e+02 6.350000000000000000e+02 1.379000000000000000e+03 2.135000000000000000e+03 2.379000000000000000e+03 1.762000000000000000e+03 9.770000000000000000e+02 3.650000000000000000e+02 9.900000000000000000e+01 2.700000000000000000e+01 2.000000000000000000e+00 0.000000000000000000e+00 0.000000000000000000e+00 0.000000000000000000e+00
0.000000000000000000e+00 0.000000000000000000e+00 0.000000000000000000e+00 1.000000000000000000e+00 9.000000000000000000e+00 7.400000000000000000e+01 2.690000000000000000e+02 7.960000000000000000e+02 1.605000000000000000e+03 2.270000000000000000e+03 2.247000000000000000e+03 1.574000000000000000e+03 7.830000000000000000e+02 2.870000000000000000e+02 6.600000000000000000e+01 1.800000000000000000e+01 1.000000000000000000e+00 0.000000000000000000e+00 0.000000000000000000e+00 0.000000000000000000e+00
0.000000000000000000e+00 0.000000000000000000e+00 0.000000000000000000e+00 3.000000000000000000e+00 1.800000000000000000e+01 3.200000000000000000e+01 2.120000000000000000e+02 6.430000000000000000e+02 1.398000000000000000e+03 2.126000000000000000e+03 2.292000000000000000e+03 1.784000000000000000e+03 9.730000000000000000e+02 3.840000000000000000e+02 1.060000000000000000e+02 2.800000000000000000e+01 1.000000000000000000e+00 0.000000000000000000e+00 0.000000000000000000e+00 0.000000000000000000e+00
0.000000000000000000e+00 0.000000000000000000e+00 0.000000000000000000e+00 3.000000000000000000e+00 1.200000000000000000e+01 7.200000000000000000e+01 3.020000000000000000e+02 8.120000000000000000e+02 1.602000000000000000e+03 2.236000000000000000e+03 2.183000000000000000e+03 1.549000000000000000e+03 8.240000000000000000e+02 3.120000000000000000e+02 7.300000000000000000e+01 1.900000000000000000e+01 1.000000000000000000e+00 0.000000000000000000e+00 0.000000000000000000e+00 0.000000000000000000e+00
0.000000000000000000e+00 0.000000000000000000e+00 0.000000000000000000e+00 6.000000000000000000e+00 2.000000000000000000e+01 3.100000000000000000e+01 2.410000000000000000e+02 6.770000000000000000e+02 1.355000000000000000e+03 2.138000000000000000e+03 2.232000000000000000e+03 1.741000000000000000e+03 9.960000000000000000e+02 4.040000000000000000e+02 1.330000000000000000e+02 2.300000000000000000e+01 3.000000000000000000e+00 0.000000000000000000e+00 0.000000000000000000e+00 0.000000000000000000e+00
0.000000000000000000e+00 0.000000000000000000e+00 0.000000000000000000e+00 4.000000000000000000e+00 1.600000000000000000e+01 8.400000000000000000e+01 3.270000000000000000e+02 8.410000000000000000e+02 1.534000000000000000e+03 2.205000000000000000e+03 2.134000000000000000e+03 1.598000000000000000e+03 8.320000000000000000e+02 3.080000000000000000e+02 9.300000000000000000e+01 2.200000000000000000e+01 2.000000000000000000e+00 0.000000000000000000e+00 0.000000000000000000e+00 0.000000000000000000e+00
