0.000000000000000000e+00
2.500000000000000000e+01
5.000000000000000000e+01
7.500000000000000000e+01
1.000000000000000000e+02
1.250000000000000000e+02
1.500000000000000000e+02
1.750000000000000000e+02
2.000000000000000000e+02
2.250000000000000000e+02
2.500000000000000000e+02
2.750000000000000000e+02
3.000000000000000000e+02
3.250000000000000000e+02
3.500000000000000000e+02
3.750000000000000000e+02
4.000000000000000000e+02
4.250000000000000000e+02
4.500000000000000000e+02
4.750000000000000000e+02
5.000000000000000000e+02
5.250000000000000000e+02
5.500000000000000000e+02
5.750000000000000000e+02
6.000000000000000000e+02
6.250000000000000000e+02
6.500000000000000000e+02
6.750000000000000000e+02
7.000000000000000000e+02
7.250000000000000000e+02
7.500000000000000000e+02
7.750000000000000000e+02
8.000000000000000000e+02
8.250000000000000000e+02
8.500000000000000000e+02
8.750000000000000000e+02
9.000000000000000000e+02
9.250000000000000000e+02
9.500000000000000000e+02
9.750000000000000000e+02
1.000000000000000000e+03
1.025000000000000000e+03
1.050000000000000000e+03
1.075000000000000000e+03
1.100000000000000000e+03
1.125000000000000000e+03
1.150000000000000000e+03
1.175000000000000000e+03
1.200000000000000000e+03
1.225000000000000000e+03
1.250000000000000000e+03
1.275000000000000000e+03
1.300000000000000000e+03
1.325000000000000000e+03
1.350000000000000000e+03
1.375000000000000000e+03
1.400000000000000000e+03
1.425000000000000000e+03
1.450000000000000000e+03
1.475000000000000000e+03
1.500000000000000000e+03
1.525000000000000000e+03
1.550000000000000000e+03
1.575000000000000000e+03
1.600000000000000000e+03
1.625000000000000000e+03
1.650000000000000000e+03
1.675000000000000000e+03
1.700000000000000000e+03
1.725000000000000000e+03
1.750000000000000000e+03
1.775000000000000000e+03
1.800000000000000000e+03
1.825000000000000000e+03
1.850000000000000000e+03
1.875000000000000000e+03
1.900000000000000000e+03
1.925000000000000000e+03
1.950000000000000000e+03
1.975000000000000000e+03
2.000000000000000000e+03
2.025000000000000000e+03
2.050000000000000000e+03
2.075000000000000000e+03
2.100000000000000000e+03
2.125000000000000000e+03
2.150000000000000000e+03
2.175000000000000000e+03
2.200000000000000000e+03
2.225000000000000000e+03
2.250000000000000000e+03
2.275000000000000000e+03
2.300000000000000000e+03
2.325000000000000000e+03
2.350000000000000000e+03
2.375000000000000000e+03
2.400000000000000000e+03
2.425000000000000000e+03
2.450000000000000000e+03
2.475000000000000000e+03
2.500000000000000000e+03
2.525000000000000000e+03
2.550000000000000000e+03
2.575000000000000000e+03
2.600000000000000000e+03
2.625000000000000000e+03
2.650000000000000000e+03
2.675000000000000000e+03
2.700000000000000000e+03
2.725000000000000000e+03
2.750000000000000000e+03
2.775000000000000000e+03
2.800000000000000000e+03
2.825000000000000000e+03
2.850000000000000000e+03
2.875000000000000000e+03
2.900000000000000000e+03
2.925000000000000000e+03
2.950000000000000000e+03
2.975000000000000000e+03
3.000000000000000000e+03
3.025000000000000000e+03
3.050000000000000000e+03
3.075000000000000000e+03
3.100000000000000000e+03
3.125000000000000000e+03
3.150000000000000000e+03
3.175000000000000000e+03
3.200000000000000000e+03
3.225000000000000000e+03
3.250000000000000000e+03
3.275000000000000000e+03
3.300000000000000000e+03
3.325000000000000000e+03
3.350000000000000000e+03
3.375000000000000000e+03
3.400000000000000000e+03
3.425000000000000000e+03
3.450000000000000000e+03
3.475000000000000000e+03
3.500000000000000000e+03
3.525000000000000000e+03
3.550000000000000000e+03
3.575000000000000000e+03
3.600000000000000000e+03
3.625000000000000000e+03
3.650000000000000000e+03
3.675000000000000000e+03
3.700000000000000000e+03
3.725000000000000000e+03
3.750000000000000000e+03
3.775000000000000000e+03
3.800000000000000000e+03
3.825000000000000000e+03
3.850000000000000000e+03
3.875000000000000000e+03
3.900000000000000000e+03
3.925000000000000000e+03
3.950000000000000000e+03
3.975000000000000000e+03
4.000000000000000000e+03
4.025000000000000000e+03
4.050000000000000000e+03
4.075000000000000000e+03
4.100000000000000000e+03
4.125000000000000000e+03
4.150000000000000000e+03
4.175000000000000000e+03
4.200000000000000000e+03
4.225000000000000000e+03
4.250000000000000000e+03
4.275000000000000000e+03
4.300000000000000000e+03
4.325000000000000000e+03
4.350000000000000000e+03
4.375000000000000000e+03
4.400000000000000000e+03
4.425000000000000000e+03
4.450000000000000000e+03
4.475000000000000000e+03
4.500000000000000000e+03
4.525000000000000000e+03
4.550000000000000000e+03
4.575000000000000000e+03
4.600000000000000000e+03
4.625000000000000000e+03
4.650000000000000000e+03
4.675000000000000000e+03
4.700000000000000000e+03
4.725000000000000000e+03
4.750000000000000000e+03
4.775000000000000000e+03
4.800000000000000000e+03
4.825000000000000000e+03
4.850000000000000000e+03
4.875000000000000000e+03
4.900000000000000000e+03
4.925000000000000000e+03
4.950000000000000000e+03
4.975000000000000000e+03
5.000000000000000000e+03
5.025000000000000000e+03
5.050000000000000000e+03
5.075000000000000000e+03
5.100000000000000000e+03
5.125000000000000000e+03
5.150000000000000000e+03
5.175000000000000000e+03
5.200000000000000000e+03
5.225000000000000000e+03
5.250000000000000000e+03
5.275000000000000000e+03
5.300000000000000000e+03
5.325000000000000000e+03
5.350000000000000000e+03
5.375000000000000000e+03
5.400000000000000000e+03
5.425000000000000000e+03
5.450000000000000000e+03
5.475000000000000000e+03
5.500000000000000000e+03
5.525000000000000000e+03
5.550000000000000000e+03
5.575000000000000000e+03
5.600000000000000000e+03
5.625000000000000000e+03
5.650000000000000000e+03
5.675000000000000000e+03
5.700000000000000000e+03
5.725000000000000000e+03
5.750000000000000000e+03
5.775000000000000000e+03
5.800000000000000000e+03
5.825000000000000000e+03
5.850000000000000000e+03
5.875000000000000000e+03
5.900000000000000000e+03
5.925000000000000000e+03
5.950000000000000000e+03
5.975000000000000000e+03
6.000000000000000000e+03
6.025000000000000000e+03
6.050000000000000000e+03
6.075000000000000000e+03
6.100000000000000000e+03
6.125000000000000000e+03
6.150000000000000000e+03
6.175000000000000000e+03
6.200000000000000000e+03
6.225000000000000000e+03
6.250000000000000000e+03
6.275000000000000000e+03
6.300000000000000000e+03
6.325000000000000000e+03
6.350000000000000000e+03
6.375000000000000000e+03
6.400000000000000000e+03
6.425000000000000000e+03
6.450000000000000000e+03
6.475000000000000000e+03
6.500000000000000000e+03
6.525000000000000000e+03
6.550000000000000000e+03
6.575000000000000000e+03
6.600000000000000000e+03
6.625000000000000000e+03
6.650000000000000000e+03
6.675000000000000000e+03
6.700000000000000000e+03
6.725000000000000000e+03
6.750000000000000000e+03
6.775000000000000000e+03
6.800000000000000000e+03
6.825000000000000000e+03
6.850000000000000000e+03
6.875000000000000000e+03
6.900000000000000000e+03
6.925000000000000000e+03
6.950000000000000000e+03
6.975000000000000000e+03
7.000000000000000000e+03
7.025000000000000000e+03
7.050000000000000000e+03
7.075000000000000000e+03
7.100000000000000000e+03
7.125000000000000000e+03
7.150000000000000000e+03
7.175000000000000000e+03
7.200000000000000000e+03
7.225000000000000000e+03
7.250000000000000000e+03
7.275000000000000000e+03
7.300000000000000000e+03
7.325000000000000000e+03
7.350000000000000000e+03
7.375000000000000000e+03
7.400000000000000000e+03
7.425000000000000000e+03
7.450000000000000000e+03
7.475000000000000000e+03
7.500000000000000000e+03
7.525000000000000000e+03
7.550000000000000000e+03
7.575000000000000000e+03
7.600000000000000000e+03
7.625000000000000000e+03
7.650000000000000000e+03
7.675000000000000000e+03
7.700000000000000000e+03
7.725000000000000000e+03
7.750000000000000000e+03
7.775000000000000000e+03
7.800000000000000000e+03
7.825000000000000000e+03
7.850000000000000000e+03
7.875000000000000000e+03
7.900000000000000000e+03
7.925000000000000000e+03
7.950000000000000000e+03
7.975000000000000000e+03
8.000000000000000000e+03
8.025000000000000000e+03
8.050000000000000000e+03
8.075000000000000000e+03
8.100000000000000000e+03
8.125000000000000000e+03
8.150000000000000000e+03
8.175000000000000000e+03
8.200000000000000000e+03
8.225000000000000000e+03
8.250000000000000000e+03
8.275000000000000000e+03
8.300000000000000000e+03
8.325000000000000000e+03
8.350000000000000000e+03
8.375000000000000000e+03
8.400000000000000000e+03
8.425000000000000000e+03
8.450000000000000000e+03
8.475000000000000000e+03
8.500000000000000000e+03
8.525000000000000000e+03
8.550000000000000000e+03
8.575000000000000000e+03
8.600000000000000000e+03
8.625000000000000000e+03
8.650000000000000000e+03
8.675000000000000000e+03
8.700000000000000000e+03
8.725000000000000000e+03
8.750000000000000000e+03
8.775000000000000000e+03
8.800000000000000000e+03
8.825000000000000000e+03
8.850000000000000000e+03
8.875000000000000000e+03
8.900000000000000000e+03
8.925000000000000000e+03
8.950000000000000000e+03
8.975000000000000000e+03
9.000000000000000000e+03
9.025000000000000000e+03
9.050000000000000000e+03
9.075000000000000000e+03
9.100000000000000000e+03
9.125000000000000000e+03
9.150000000000000000e+03
9.175000000000000000e+03
9.200000000000000000e+03
9.225000000000000000e+03
9.250000000000000000e+03
9.275000000000000000e+03
9.300000000000000000e+03
9.325000000000000000e+03
9.350000000000000000e+03
9.375000000000000000e+03
9.400000000000000000e+03
9.425000000000000000e+03
9.450000000000000000e+03
9.475000000000000000e+03
9.500000000000000000e+03
9.525000000000000000e+03
9.550000000000000000e+03
9.575000000000000000e+03
9.600000000000000000e+03
9.625000000000000000e+03
9.650000000000000000e+03
9.675000000000000000e+03
9.700000000000000000e+03
9.725000000000000000e+03
9.750000000000000000e+03
9.775000000000000000e+03
9.800000000000000000e+03
9.825000000000000000e+03
9.850000000000000000e+03
9.875000000000000000e+03
9.900000000000000000e+03
9.925000000000000000e+03
9.950000000000000000e+03
9.975000000000000000e+03
1.000000000000000000e+04
1.002500000000000000e+04
1.005000000000000000e+04
1.007500000000000000e+04
1.010000000000000000e+04
1.012500000000000000e+04
1.015000000000000000e+04
1.017500000000000000e+04
1.020000000000000000e+04
1.022500000000000000e+04
1.025000000000000000e+04
1.027500000000000000e+04
1.030000000000000000e+04
1.032500000000000000e+04
1.035000000000000000e+04
1.037500000000000000e+04
1.040000000000000000e+04
1.042500000000000000e+04
1.045000000000000000e+04
1.047500000000000000e+04
1.050000000000000000e+04
1.052500000000000000e+04
1.055000000000000000e+04
1.057500000000000000e+04
1.060000000000000000e+04
1.062500000000000000e+04
1.065000000000000000e+04
1.067500000000000000e+04
1.070000000000000000e+04
1.072500000000000000e+04
1.075000000000000000e+04
1.077500000000000000e+04
1.080000000000000000e+04
1.082500000000000000e+04
1.085000000000000000e+04
1.087500000000000000e+04
1.090000000000000000e+04
1.092500000000000000e+04
1.095000000000000000e+04
1.097500000000000000e+04
1.100000000000000000e+04
1.102500000000000000e+04
1.105000000000000000e+04
1.107500000000000000e+04
1.110000000000000000e+04
1.112500000000000000e+04
1.115000000000000000e+04
1.117500000000000000e+04
1.120000000000000000e+04
1.122500000000000000e+04
1.125000000000000000e+04
1.127500000000000000e+04
1.130000000000000000e+04
1.132500000000000000e+04
1.135000000000000000e+04
1.137500000000000000e+04
1.140000000000000000e+04
1.142500000000000000e+04
1.145000000000000000e+04
1.147500000000000000e+04
1.150000000000000000e+04
1.152500000000000000e+04
1.155000000000000000e+04
1.157500000000000000e+04
1.160000000000000000e+04
1.162500000000000000e+04
1.165000000000000000e+04
1.167500000000000000e+04
1.170000000000000000e+04
1.172500000000000000e+04
1.175000000000000000e+04
1.177500000000000000e+04
1.180000000000000000e+04
1.182500000000000000e+04
1.185000000000000000e+04
1.187500000000000000e+04
1.190000000000000000e+04
1.192500000000000000e+04
1.195000000000000000e+04
1.197500000000000000e+04
1.200000000000000000e+04
1.202500000000000000e+04
1.205000000000000000e+04
1.207500000000000000e+04
1.210000000000000000e+04
1.212500000000000000e+04
1.215000000000000000e+04
1.217500000000000000e+04
1.220000000000000000e+04
1.222500000000000000e+04
1.225000000000000000e+04
1.227500000000000000e+04
1.230000000000000000e+04
1.232500000000000000e+04
1.235000000000000000e+04
1.237500000000000000e+04
1.240000000000000000e+04
1.242500000000000000e+04
1.245000000000000000e+04
1.247500000000000000e+04
1.250000000000000000e+04
1.252500000000000000e+04
1.255000000000000000e+04
1.257500000000000000e+04
1.260000000000000000e+04
1.262500000000000000e+04
1.265000000000000000e+04
1.267500000000000000e+04
1.270000000000000000e+04
1.272500000000000000e+04
1.275000000000000000e+04
1.277500000000000000e+04
1.280000000000000000e+04
1.282500000000000000e+04
1.285000000000000000e+04
1.287500000000000000e+04
1.290000000000000000e+04
1.292500000000000000e+04
1.295000000000000000e+04
1.297500000000000000e+04
1.300000000000000000e+04
1.302500000000000000e+04
1.305000000000000000e+04
1.307500000000000000e+04
1.310000000000000000e+04
1.312500000000000000e+04
1.315000000000000000e+04
1.317500000000000000e+04
1.320000000000000000e+04
1.322500000000000000e+04
1.325000000000000000e+04
1.327500000000000000e+04
1.330000000000000000e+04
1.332500000000000000e+04
1.335000000000000000e+04
1.337500000000000000e+04
1.340000000000000000e+04
1.342500000000000000e+04
1.345000000000000000e+04
1.347500000000000000e+04
1.350000000000000000e+04
1.352500000000000000e+04
1.355000000000000000e+04
1.357500000000000000e+04
1.360000000000000000e+04
1.362500000000000000e+04
1.365000000000000000e+04
1.367500000000000000e+04
1.370000000000000000e+04
1.372500000000000000e+04
1.375000000000000000e+04
1.377500000000000000e+04
1.380000000000000000e+04
1.382500000000000000e+04
1.385000000000000000e+04
1.387500000000000000e+04
1.390000000000000000e+04
1.392500000000000000e+04
1.395000000000000000e+04
1.397500000000000000e+04
1.400000000000000000e+04
1.402500000000000000e+04
1.405000000000000000e+04
1.407500000000000000e+04
1.410000000000000000e+04
1.412500000000000000e+04
1.415000000000000000e+04
1.417500000000000000e+04
1.420000000000000000e+04
1.422500000000000000e+04
1.425000000000000000e+04
1.427500000000000000e+04
1.430000000000000000e+04
1.432500000000000000e+04
1.435000000000000000e+04
1.437500000000000000e+04
1.440000000000000000e+04
1.442500000000000000e+04
1.445000000000000000e+04
1.447500000000000000e+04
1.450000000000000000e+04
1.452500000000000000e+04
1.455000000000000000e+04
1.457500000000000000e+04
1.460000000000000000e+04
1.462500000000000000e+04
1.465000000000000000e+04
1.467500000000000000e+04
1.470000000000000000e+04
1.472500000000000000e+04
1.475000000000000000e+04
1.477500000000000000e+04
1.480000000000000000e+04
1.482500000000000000e+04
1.485000000000000000e+04
1.487500000000000000e+04
1.490000000000000000e+04
1.492500000000000000e+04
1.495000000000000000e+04
1.497500000000000000e+04
1.500000000000000000e+04
1.502500000000000000e+04
1.505000000000000000e+04
1.507500000000000000e+04
1.510000000000000000e+04
1.512500000000000000e+04
1.515000000000000000e+04
1.517500000000000000e+04
1.520000000000000000e+04
1.522500000000000000e+04
1.525000000000000000e+04
1.527500000000000000e+04
1.530000000000000000e+04
1.532500000000000000e+04
1.535000000000000000e+04
1.537500000000000000e+04
1.540000000000000000e+04
1.542500000000000000e+04
1.545000000000000000e+04
1.547500000000000000e+04
1.550000000000000000e+04
1.552500000000000000e+04
1.555000000000000000e+04
1.557500000000000000e+04
1.560000000000000000e+04
1.562500000000000000e+04
1.565000000000000000e+04
1.567500000000000000e+04
1.570000000000000000e+04
1.572500000000000000e+04
1.575000000000000000e+04
1.577500000000000000e+04
1.580000000000000000e+04
1.582500000000000000e+04
1.585000000000000000e+04
1.587500000000000000e+04
1.590000000000000000e+04
1.592500000000000000e+04
1.595000000000000000e+04
1.597500000000000000e+04
1.600000000000000000e+04
1.602500000000000000e+04
1.605000000000000000e+04
1.607500000000000000e+04
1.610000000000000000e+04
1.612500000000000000e+04
1.615000000000000000e+04
1.617500000000000000e+04
1.620000000000000000e+04
1.622500000000000000e+04
1.625000000000000000e+04
1.627500000000000000e+04
1.630000000000000000e+04
1.632500000000000000e+04
1.635000000000000000e+04
1.637500000000000000e+04
1.640000000000000000e+04
1.642500000000000000e+04
1.645000000000000000e+04
1.647500000000000000e+04
1.650000000000000000e+04
1.652500000000000000e+04
1.655000000000000000e+04
1.657500000000000000e+04
1.660000000000000000e+04
1.662500000000000000e+04
1.665000000000000000e+04
1.667500000000000000e+04
1.670000000000000000e+04
1.672500000000000000e+04
1.675000000000000000e+04
1.677500000000000000e+04
1.680000000000000000e+04
1.682500000000000000e+04
1.685000000000000000e+04
1.687500000000000000e+04
1.690000000000000000e+04
1.692500000000000000e+04
1.695000000000000000e+04
1.697500000000000000e+04
1.700000000000000000e+04
1.702500000000000000e+04
1.705000000000000000e+04
1.707500000000000000e+04
1.710000000000000000e+04
1.712500000000000000e+04
1.715000000000000000e+04
1.717500000000000000e+04
1.720000000000000000e+04
1.722500000000000000e+04
1.725000000000000000e+04
1.727500000000000000e+04
1.730000000000000000e+04
1.732500000000000000e+04
1.735000000000000000e+04
1.737500000000000000e+04
1.740000000000000000e+04
1.742500000000000000e+04
1.745000000000000000e+04
1.747500000000000000e+04
1.750000000000000000e+04
1.752500000000000000e+04
1.755000000000000000e+04
1.757500000000000000e+04
1.760000000000000000e+04
1.762500000000000000e+04
1.765000000000000000e+04
1.767500000000000000e+04
1.770000000000000000e+04
1.772500000000000000e+04
1.775000000000000000e+04
1.777500000000000000e+04
1.780000000000000000e+04
1.782500000000000000e+04
1.785000000000000000e+04
1.787500000000000000e+04
1.790000000000000000e+04
1.792500000000000000e+04
1.795000000000000000e+04
1.797500000000000000e+04
1.800000000000000000e+04
1.802500000000000000e+04
1.805000000000000000e+04
1.807500000000000000e+04
1.810000000000000000e+04
1.812500000000000000e+04
1.815000000000000000e+04
1.817500000000000000e+04
1.820000000000000000e+04
1.822500000000000000e+04
1.825000000000000000e+04
1.827500000000000000e+04
1.830000000000000000e+04
1.832500000000000000e+04
1.835000000000000000e+04
1.837500000000000000e+04
1.840000000000000000e+04
1.842500000000000000e+04
1.845000000000000000e+04
1.847500000000000000e+04
1.850000000000000000e+04
1.852500000000000000e+04
1.855000000000000000e+04
1.857500000000000000e+04
1.860000000000000000e+04
1.862500000000000000e+04
1.865000000000000000e+04
1.867500000000000000e+04
1.870000000000000000e+04
1.872500000000000000e+04
1.875000000000000000e+04
1.877500000000000000e+04
1.880000000000000000e+04
1.882500000000000000e+04
1.885000000000000000e+04
1.887500000000000000e+04
1.890000000000000000e+04
1.892500000000000000e+04
1.895000000000000000e+04
1.897500000000000000e+04
1.900000000000000000e+04
1.902500000000000000e+04
1.905000000000000000e+04
1.907500000000000000e+04
1.910000000000000000e+04
1.912500000000000000e+04
1.915000000000000000e+04
1.917500000000000000e+04
1.920000000000000000e+04
1.922500000000000000e+04
1.925000000000000000e+04
1.927500000000000000e+04
1.930000000000000000e+04
1.932500000000000000e+04
1.935000000000000000e+04
1.937500000000000000e+04
1.940000000000000000e+04
1.942500000000000000e+04
1.945000000000000000e+04
1.947500000000000000e+04
1.950000000000000000e+04
1.952500000000000000e+04
1.955000000000000000e+04
1.957500000000000000e+04
1.960000000000000000e+04
1.962500000000000000e+04
1.965000000000000000e+04
1.967500000000000000e+04
1.970000000000000000e+04
1.972500000000000000e+04
1.975000000000000000e+04
1.977500000000000000e+04
1.980000000000000000e+04
1.982500000000000000e+04
1.985000000000000000e+04
1.987500000000000000e+04
1.990000000000000000e+04
1.992500000000000000e+04
1.995000000000000000e+04
1.997500000000000000e+04
2.000000000000000000e+04
2.002500000000000000e+04
2.005000000000000000e+04
2.007500000000000000e+04
2.010000000000000000e+04
2.012500000000000000e+04
2.015000000000000000e+04
2.017500000000000000e+04
2.020000000000000000e+04
2.022500000000000000e+04
2.025000000000000000e+04
2.027500000000000000e+04
2.030000000000000000e+04
2.032500000000000000e+04
2.035000000000000000e+04
2.037500000000000000e+04
2.040000000000000000e+04
2.042500000000000000e+04
2.045000000000000000e+04
2.047500000000000000e+04
2.050000000000000000e+04
2.052500000000000000e+04
2.055000000000000000e+04
2.057500000000000000e+04
2.060000000000000000e+04
2.062500000000000000e+04
2.065000000000000000e+04
2.067500000000000000e+04
2.070000000000000000e+04
2.072500000000000000e+04
2.075000000000000000e+04
2.077500000000000000e+04
2.080000000000000000e+04
2.082500000000000000e+04
2.085000000000000000e+04
2.087500000000000000e+04
2.090000000000000000e+04
2.092500000000000000e+04
2.095000000000000000e+04
2.097500000000000000e+04
2.100000000000000000e+04
2.102500000000000000e+04
2.105000000000000000e+04
2.107500000000000000e+04
2.110000000000000000e+04
2.112500000000000000e+04
2.115000000000000000e+04
2.117500000000000000e+04
2.120000000000000000e+04
2.122500000000000000e+04
2.125000000000000000e+04
2.127500000000000000e+04
2.130000000000000000e+04
2.132500000000000000e+04
2.135000000000000000e+04
2.137500000000000000e+04
2.140000000000000000e+04
2.142500000000000000e+04
2.145000000000000000e+04
2.147500000000000000e+04
2.150000000000000000e+04
2.152500000000000000e+04
2.155000000000000000e+04
2.157500000000000000e+04
2.160000000000000000e+04
2.162500000000000000e+04
2.165000000000000000e+04
2.167500000000000000e+04
2.170000000000000000e+04
2.172500000000000000e+04
2.175000000000000000e+04
2.177500000000000000e+04
2.180000000000000000e+04
2.182500000000000000e+04
2.185000000000000000e+04
2.187500000000000000e+04
2.190000000000000000e+04
2.192500000000000000e+04
2.195000000000000000e+04
2.197500000000000000e+04
2.200000000000000000e+04
2.202500000000000000e+04
2.205000000000000000e+04
2.207500000000000000e+04
2.210000000000000000e+04
2.212500000000000000e+04
2.215000000000000000e+04
2.217500000000000000e+04
2.220000000000000000e+04
2.222500000000000000e+04
2.225000000000000000e+04
2.227500000000000000e+04
2.230000000000000000e+04
2.232500000000000000e+04
2.235000000000000000e+04
2.237500000000000000e+04
2.240000000000000000e+04
2.242500000000000000e+04
2.245000000000000000e+04
2.247500000000000000e+04
2.250000000000000000e+04
2.252500000000000000e+04
2.255000000000000000e+04
2.257500000000000000e+04
2.260000000000000000e+04
2.262500000000000000e+04
2.265000000000000000e+04
2.267500000000000000e+04
2.270000000000000000e+04
2.272500000000000000e+04
2.275000000000000000e+04
2.277500000000000000e+04
2.280000000000000000e+04
2.282500000000000000e+04
2.285000000000000000e+04
2.287500000000000000e+04
2.290000000000000000e+04
2.292500000000000000e+04
2.295000000000000000e+04
2.297500000000000000e+04
2.300000000000000000e+04
2.302500000000000000e+04
2.305000000000000000e+04
2.307500000000000000e+04
2.310000000000000000e+04
2.312500000000000000e+04
2.315000000000000000e+04
2.317500000000000000e+04
2.320000000000000000e+04
2.322500000000000000e+04
2.325000000000000000e+04
2.327500000000000000e+04
2.330000000000000000e+04
2.332500000000000000e+04
2.335000000000000000e+04
2.337500000000000000e+04
2.340000000000000000e+04
2.342500000000000000e+04
2.345000000000000000e+04
2.347500000000000000e+04
2.350000000000000000e+04
2.352500000000000000e+04
2.355000000000000000e+04
2.357500000000000000e+04
2.360000000000000000e+04
2.362500000000000000e+04
2.365000000000000000e+04
2.367500000000000000e+04
2.370000000000000000e+04
2.372500000000000000e+04
2.375000000000000000e+04
2.377500000000000000e+04
2.380000000000000000e+04
2.382500000000000000e+04
2.385000000000000000e+04
2.387500000000000000e+04
2.390000000000000000e+04
2.392500000000000000e+04
2.395000000000000000e+04
2.397500000000000000e+04
2.400000000000000000e+04
2.402500000000000000e+04
2.405000000000000000e+04
2.407500000000000000e+04
2.410000000000000000e+04
2.412500000000000000e+04
2.415000000000000000e+04
2.417500000000000000e+04
2.420000000000000000e+04
2.422500000000000000e+04
2.425000000000000000e+04
2.427500000000000000e+04
2.430000000000000000e+04
2.432500000000000000e+04
2.435000000000000000e+04
2.437500000000000000e+04
2.440000000000000000e+04
2.442500000000000000e+04
2.445000000000000000e+04
2.447500000000000000e+04
2.450000000000000000e+04
2.452500000000000000e+04
2.455000000000000000e+04
2.457500000000000000e+04
2.460000000000000000e+04
2.462500000000000000e+04
2.465000000000000000e+04
2.467500000000000000e+04
2.470000000000000000e+04
2.472500000000000000e+04
2.475000000000000000e+04
2.477500000000000000e+04
2.480000000000000000e+04
2.482500000000000000e+04
2.485000000000000000e+04
2.487500000000000000e+04
2.490000000000000000e+04
2.492500000000000000e+04
2.495000000000000000e+04
2.497500000000000000e+04
2.500000000000000000e+04
2.502500000000000000e+04
2.505000000000000000e+04
2.507500000000000000e+04
2.510000000000000000e+04
2.512500000000000000e+04
2.515000000000000000e+04
2.517500000000000000e+04
2.520000000000000000e+04
2.522500000000000000e+04
2.525000000000000000e+04
2.527500000000000000e+04
2.530000000000000000e+04
2.532500000000000000e+04
2.535000000000000000e+04
2.537500000000000000e+04
2.540000000000000000e+04
2.542500000000000000e+04
2.545000000000000000e+04
2.547500000000000000e+04
2.550000000000000000e+04
2.552500000000000000e+04
2.555000000000000000e+04
2.557500000000000000e+04
2.560000000000000000e+04
2.562500000000000000e+04
2.565000000000000000e+04
2.567500000000000000e+04
2.570000000000000000e+04
2.572500000000000000e+04
2.575000000000000000e+04
2.577500000000000000e+04
2.580000000000000000e+04
2.582500000000000000e+04
2.585000000000000000e+04
2.587500000000000000e+04
2.590000000000000000e+04
2.592500000000000000e+04
2.595000000000000000e+04
2.597500000000000000e+04
2.600000000000000000e+04
2.602500000000000000e+04
2.605000000000000000e+04
2.607500000000000000e+04
2.610000000000000000e+04
2.612500000000000000e+04
2.615000000000000000e+04
2.617500000000000000e+04
2.620000000000000000e+04
2.622500000000000000e+04
2.625000000000000000e+04
2.627500000000000000e+04
2.630000000000000000e+04
2.632500000000000000e+04
2.635000000000000000e+04
2.637500000000000000e+04
2.640000000000000000e+04
2.642500000000000000e+04
2.645000000000000000e+04
2.647500000000000000e+04
2.650000000000000000e+04
2.652500000000000000e+04
2.655000000000000000e+04
2.657500000000000000e+04
2.660000000000000000e+04
2.662500000000000000e+04
2.665000000000000000e+04
2.667500000000000000e+04
2.670000000000000000e+04
2.672500000000000000e+04
2.675000000000000000e+04
2.677500000000000000e+04
2.680000000000000000e+04
2.682500000000000000e+04
2.685000000000000000e+04
2.687500000000000000e+04
2.690000000000000000e+04
2.692500000000000000e+04
2.695000000000000000e+04
2.697500000000000000e+04
2.700000000000000000e+04
2.702500000000000000e+04
2.705000000000000000e+04
2.707500000000000000e+04
2.710000000000000000e+04
2.712500000000000000e+04
2.715000000000000000e+04
2.717500000000000000e+04
2.720000000000000000e+04
2.722500000000000000e+04
2.725000000000000000e+04
2.727500000000000000e+04
2.730000000000000000e+04
2.732500000000000000e+04
2.735000000000000000e+04
2.737500000000000000e+04
2.740000000000000000e+04
2.742500000000000000e+04
2.745000000000000000e+04
2.747500000000000000e+04
2.750000000000000000e+04
2.752500000000000000e+04
2.755000000000000000e+04
2.757500000000000000e+04
2.760000000000000000e+04
2.762500000000000000e+04
2.765000000000000000e+04
2.767500000000000000e+04
2.770000000000000000e+04
2.772500000000000000e+04
2.775000000000000000e+04
2.777500000000000000e+04
2.780000000000000000e+04
2.782500000000000000e+04
2.785000000000000000e+04
2.787500000000000000e+04
2.790000000000000000e+04
2.792500000000000000e+04
2.795000000000000000e+04
2.797500000000000000e+04
2.800000000000000000e+04
2.802500000000000000e+04
2.805000000000000000e+04
2.807500000000000000e+04
2.810000000000000000e+04
2.812500000000000000e+04
2.815000000000000000e+04
2.817500000000000000e+04
2.820000000000000000e+04
2.822500000000000000e+04
2.825000000000000000e+04
2.827500000000000000e+04
2.830000000000000000e+04
2.832500000000000000e+04
2.835000000000000000e+04
2.837500000000000000e+04
2.840000000000000000e+04
2.842500000000000000e+04
2.845000000000000000e+04
2.847500000000000000e+04
2.850000000000000000e+04
2.852500000000000000e+04
2.855000000000000000e+04
2.857500000000000000e+04
2.860000000000000000e+04
2.862500000000000000e+04
2.865000000000000000e+04
2.867500000000000000e+04
2.870000000000000000e+04
2.872500000000000000e+04
2.875000000000000000e+04
2.877500000000000000e+04
2.880000000000000000e+04
2.882500000000000000e+04
2.885000000000000000e+04
2.887500000000000000e+04
2.890000000000000000e+04
2.892500000000000000e+04
2.895000000000000000e+04
2.897500000000000000e+04
2.900000000000000000e+04
2.902500000000000000e+04
2.905000000000000000e+04
2.907500000000000000e+04
2.910000000000000000e+04
2.912500000000000000e+04
2.915000000000000000e+04
2.917500000000000000e+04
2.920000000000000000e+04
2.922500000000000000e+04
2.925000000000000000e+04
2.927500000000000000e+04
2.930000000000000000e+04
2.932500000000000000e+04
2.935000000000000000e+04
2.937500000000000000e+04
2.940000000000000000e+04
2.942500000000000000e+04
2.945000000000000000e+04
2.947500000000000000e+04
2.950000000000000000e+04
2.952500000000000000e+04
2.955000000000000000e+04
2.957500000000000000e+04
2.960000000000000000e+04
2.962500000000000000e+04
2.965000000000000000e+04
2.967500000000000000e+04
2.970000000000000000e+04
2.972500000000000000e+04
2.975000000000000000e+04
2.977500000000000000e+04
2.980000000000000000e+04
2.982500000000000000e+04
2.985000000000000000e+04
2.987500000000000000e+04
2.990000000000000000e+04
2.992500000000000000e+04
2.995000000000000000e+04
2.997500000000000000e+04
3.000000000000000000e+04
3.002500000000000000e+04
3.005000000000000000e+04
3.007500000000000000e+04
3.010000000000000000e+04
3.012500000000000000e+04
3.015000000000000000e+04
3.017500000000000000e+04
3.020000000000000000e+04
3.022500000000000000e+04
3.025000000000000000e+04
3.027500000000000000e+04
3.030000000000000000e+04
3.032500000000000000e+04
3.035000000000000000e+04
3.037500000000000000e+04
3.040000000000000000e+04
3.042500000000000000e+04
3.045000000000000000e+04
3.047500000000000000e+04
3.050000000000000000e+04
3.052500000000000000e+04
3.055000000000000000e+04
3.057500000000000000e+04
3.060000000000000000e+04
3.062500000000000000e+04
3.065000000000000000e+04
3.067500000000000000e+04
3.070000000000000000e+04
3.072500000000000000e+04
3.075000000000000000e+04
3.077500000000000000e+04
3.080000000000000000e+04
3.082500000000000000e+04
3.085000000000000000e+04
3.087500000000000000e+04
3.090000000000000000e+04
3.092500000000000000e+04
3.095000000000000000e+04
3.097500000000000000e+04
3.100000000000000000e+04
3.102500000000000000e+04
3.105000000000000000e+04
3.107500000000000000e+04
3.110000000000000000e+04
3.112500000000000000e+04
3.115000000000000000e+04
3.117500000000000000e+04
3.120000000000000000e+04
3.122500000000000000e+04
3.125000000000000000e+04
3.127500000000000000e+04
3.130000000000000000e+04
3.132500000000000000e+04
3.135000000000000000e+04
3.137500000000000000e+04
3.140000000000000000e+04
3.142500000000000000e+04
3.145000000000000000e+04
3.147500000000000000e+04
3.150000000000000000e+04
3.152500000000000000e+04
3.155000000000000000e+04
3.157500000000000000e+04
3.160000000000000000e+04
3.162500000000000000e+04
3.165000000000000000e+04
3.167500000000000000e+04
3.170000000000000000e+04
3.172500000000000000e+04
3.175000000000000000e+04
3.177500000000000000e+04
3.180000000000000000e+04
3.182500000000000000e+04
3.185000000000000000e+04
3.187500000000000000e+04
3.190000000000000000e+04
3.192500000000000000e+04
3.195000000000000000e+04
3.197500000000000000e+04
3.200000000000000000e+04
3.202500000000000000e+04
3.205000000000000000e+04
3.207500000000000000e+04
3.210000000000000000e+04
3.212500000000000000e+04
3.215000000000000000e+04
3.217500000000000000e+04
3.220000000000000000e+04
3.222500000000000000e+04
3.225000000000000000e+04
3.227500000000000000e+04
3.230000000000000000e+04
3.232500000000000000e+04
3.235000000000000000e+04
3.237500000000000000e+04
3.240000000000000000e+04
3.242500000000000000e+04
3.245000000000000000e+04
3.247500000000000000e+04
3.250000000000000000e+04
3.252500000000000000e+04
3.255000000000000000e+04
3.257500000000000000e+04
3.260000000000000000e+04
3.262500000000000000e+04
3.265000000000000000e+04
3.267500000000000000e+04
3.270000000000000000e+04
3.272500000000000000e+04
3.275000000000000000e+04
3.277500000000000000e+04
3.280000000000000000e+04
3.282500000000000000e+04
3.285000000000000000e+04
3.287500000000000000e+04
3.290000000000000000e+04
3.292500000000000000e+04
3.295000000000000000e+04
3.297500000000000000e+04
3.300000000000000000e+04
3.302500000000000000e+04
3.305000000000000000e+04
3.307500000000000000e+04
3.310000000000000000e+04
3.312500000000000000e+04
3.315000000000000000e+04
3.317500000000000000e+04
3.320000000000000000e+04
3.322500000000000000e+04
3.325000000000000000e+04
3.327500000000000000e+04
3.330000000000000000e+04
3.332500000000000000e+04
3.335000000000000000e+04
3.337500000000000000e+04
3.340000000000000000e+04
3.342500000000000000e+04
3.345000000000000000e+04
3.347500000000000000e+04
3.350000000000000000e+04
3.352500000000000000e+04
3.355000000000000000e+04
3.357500000000000000e+04
3.360000000000000000e+04
3.362500000000000000e+04
3.365000000000000000e+04
3.367500000000000000e+04
3.370000000000000000e+04
3.372500000000000000e+04
3.375000000000000000e+04
3.377500000000000000e+04
3.380000000000000000e+04
3.382500000000000000e+04
3.385000000000000000e+04
3.387500000000000000e+04
3.390000000000000000e+04
3.392500000000000000e+04
3.395000000000000000e+04
3.397500000000000000e+04
3.400000000000000000e+04
3.402500000000000000e+04
3.405000000000000000e+04
3.407500000000000000e+04
3.410000000000000000e+04
3.412500000000000000e+04
3.415000000000000000e+04
3.417500000000000000e+04
3.420000000000000000e+04
3.422500000000000000e+04
3.425000000000000000e+04
3.427500000000000000e+04
3.430000000000000000e+04
3.432500000000000000e+04
3.435000000000000000e+04
3.437500000000000000e+04
3.440000000000000000e+04
3.442500000000000000e+04
3.445000000000000000e+04
3.447500000000000000e+04
3.450000000000000000e+04
3.452500000000000000e+04
3.455000000000000000e+04
3.457500000000000000e+04
3.460000000000000000e+04
3.462500000000000000e+04
3.465000000000000000e+04
3.467500000000000000e+04
3.470000000000000000e+04
3.472500000000000000e+04
3.475000000000000000e+04
3.477500000000000000e+04
3.480000000000000000e+04
3.482500000000000000e+04
3.485000000000000000e+04
3.487500000000000000e+04
3.490000000000000000e+04
3.492500000000000000e+04
3.495000000000000000e+04
3.497500000000000000e+04
3.500000000000000000e+04
3.502500000000000000e+04
3.505000000000000000e+04
3.507500000000000000e+04
3.510000000000000000e+04
3.512500000000000000e+04
3.515000000000000000e+04
3.517500000000000000e+04
3.520000000000000000e+04
3.522500000000000000e+04
3.525000000000000000e+04
3.527500000000000000e+04
3.530000000000000000e+04
3.532500000000000000e+04
3.535000000000000000e+04
3.537500000000000000e+04
3.540000000000000000e+04
3.542500000000000000e+04
3.545000000000000000e+04
3.547500000000000000e+04
3.550000000000000000e+04
3.552500000000000000e+04
3.555000000000000000e+04
3.557500000000000000e+04
3.560000000000000000e+04
3.562500000000000000e+04
3.565000000000000000e+04
3.567500000000000000e+04
3.570000000000000000e+04
3.572500000000000000e+04
3.575000000000000000e+04
3.577500000000000000e+04
3.580000000000000000e+04
3.582500000000000000e+04
3.585000000000000000e+04
3.587500000000000000e+04
3.590000000000000000e+04
3.592500000000000000e+04
3.595000000000000000e+04
3.597500000000000000e+04
3.600000000000000000e+04
3.602500000000000000e+04
3.605000000000000000e+04
3.607500000000000000e+04
3.610000000000000000e+04
3.612500000000000000e+04
3.615000000000000000e+04
3.617500000000000000e+04
3.620000000000000000e+04
3.622500000000000000e+04
3.625000000000000000e+04
3.627500000000000000e+04
3.630000000000000000e+04
3.632500000000000000e+04
3.635000000000000000e+04
3.637500000000000000e+04
3.640000000000000000e+04
3.642500000000000000e+04
3.645000000000000000e+04
3.647500000000000000e+04
3.650000000000000000e+04
3.652500000000000000e+04
3.655000000000000000e+04
3.657500000000000000e+04
3.660000000000000000e+04
3.662500000000000000e+04
3.665000000000000000e+04
3.667500000000000000e+04
3.670000000000000000e+04
3.672500000000000000e+04
3.675000000000000000e+04
3.677500000000000000e+04
3.680000000000000000e+04
3.682500000000000000e+04
3.685000000000000000e+04
3.687500000000000000e+04
3.690000000000000000e+04
3.692500000000000000e+04
3.695000000000000000e+04
3.697500000000000000e+04
3.700000000000000000e+04
3.702500000000000000e+04
3.705000000000000000e+04
3.707500000000000000e+04
3.710000000000000000e+04
3.712500000000000000e+04
3.715000000000000000e+04
3.717500000000000000e+04
3.720000000000000000e+04
3.722500000000000000e+04
3.725000000000000000e+04
3.727500000000000000e+04
3.730000000000000000e+04
3.732500000000000000e+04
3.735000000000000000e+04
3.737500000000000000e+04
3.740000000000000000e+04
3.742500000000000000e+04
3.745000000000000000e+04
3.747500000000000000e+04
3.750000000000000000e+04
3.752500000000000000e+04
3.755000000000000000e+04
3.757500000000000000e+04
3.760000000000000000e+04
3.762500000000000000e+04
3.765000000000000000e+04
3.767500000000000000e+04
3.770000000000000000e+04
3.772500000000000000e+04
3.775000000000000000e+04
3.777500000000000000e+04
3.780000000000000000e+04
3.782500000000000000e+04
3.785000000000000000e+04
3.787500000000000000e+04
3.790000000000000000e+04
3.792500000000000000e+04
3.795000000000000000e+04
3.797500000000000000e+04
3.800000000000000000e+04
3.802500000000000000e+04
3.805000000000000000e+04
3.807500000000000000e+04
3.810000000000000000e+04
3.812500000000000000e+04
3.815000000000000000e+04
3.817500000000000000e+04
3.820000000000000000e+04
3.822500000000000000e+04
3.825000000000000000e+04
3.827500000000000000e+04
3.830000000000000000e+04
3.832500000000000000e+04
3.835000000000000000e+04
3.837500000000000000e+04
3.840000000000000000e+04
3.842500000000000000e+04
3.845000000000000000e+04
3.847500000000000000e+04
3.850000000000000000e+04
3.852500000000000000e+04
3.855000000000000000e+04
3.857500000000000000e+04
3.860000000000000000e+04
3.862500000000000000e+04
3.865000000000000000e+04
3.867500000000000000e+04
3.870000000000000000e+04
3.872500000000000000e+04
3.875000000000000000e+04
3.877500000000000000e+04
3.880000000000000000e+04
3.882500000000000000e+04
3.885000000000000000e+04
3.887500000000000000e+04
3.890000000000000000e+04
3.892500000000000000e+04
3.895000000000000000e+04
3.897500000000000000e+04
3.900000000000000000e+04
3.902500000000000000e+04
3.905000000000000000e+04
3.907500000000000000e+04
3.910000000000000000e+04
3.912500000000000000e+04
3.915000000000000000e+04
3.917500000000000000e+04
3.920000000000000000e+04
3.922500000000000000e+04
3.925000000000000000e+04
3.927500000000000000e+04
3.930000000000000000e+04
3.932500000000000000e+04
3.935000000000000000e+04
3.937500000000000000e+04
3.940000000000000000e+04
3.942500000000000000e+04
3.945000000000000000e+04
3.947500000000000000e+04
3.950000000000000000e+04
3.952500000000000000e+04
3.955000000000000000e+04
3.957500000000000000e+04
3.960000000000000000e+04
3.962500000000000000e+04
3.965000000000000000e+04
3.967500000000000000e+04
3.970000000000000000e+04
3.972500000000000000e+04
3.975000000000000000e+04
3.977500000000000000e+04
3.980000000000000000e+04
3.982500000000000000e+04
3.985000000000000000e+04
3.987500000000000000e+04
3.990000000000000000e+04
3.992500000000000000e+04
3.995000000000000000e+04
3.997500000000000000e+04
4.000000000000000000e+04
4.002500000000000000e+04
4.005000000000000000e+04
4.007500000000000000e+04
4.010000000000000000e+04
4.012500000000000000e+04
4.015000000000000000e+04
4.017500000000000000e+04
4.020000000000000000e+04
4.022500000000000000e+04
4.025000000000000000e+04
4.027500000000000000e+04
4.030000000000000000e+04
4.032500000000000000e+04
4.035000000000000000e+04
4.037500000000000000e+04
4.040000000000000000e+04
4.042500000000000000e+04
4.045000000000000000e+04
4.047500000000000000e+04
4.050000000000000000e+04
4.052500000000000000e+04
4.055000000000000000e+04
4.057500000000000000e+04
4.060000000000000000e+04
4.062500000000000000e+04
4.065000000000000000e+04
4.067500000000000000e+04
4.070000000000000000e+04
4.072500000000000000e+04
4.075000000000000000e+04
4.077500000000000000e+04
4.080000000000000000e+04
4.082500000000000000e+04
4.085000000000000000e+04
4.087500000000000000e+04
4.090000000000000000e+04
4.092500000000000000e+04
4.095000000000000000e+04
4.097500000000000000e+04
4.100000000000000000e+04
4.102500000000000000e+04
4.105000000000000000e+04
4.107500000000000000e+04
4.110000000000000000e+04
4.112500000000000000e+04
4.115000000000000000e+04
4.117500000000000000e+04
4.120000000000000000e+04
4.122500000000000000e+04
4.125000000000000000e+04
4.127500000000000000e+04
4.130000000000000000e+04
4.132500000000000000e+04
4.135000000000000000e+04
4.137500000000000000e+04
4.140000000000000000e+04
4.142500000000000000e+04
4.145000000000000000e+04
4.147500000000000000e+04
4.150000000000000000e+04
4.152500000000000000e+04
4.155000000000000000e+04
4.157500000000000000e+04
4.160000000000000000e+04
4.162500000000000000e+04
4.165000000000000000e+04
4.167500000000000000e+04
4.170000000000000000e+04
4.172500000000000000e+04
4.175000000000000000e+04
4.177500000000000000e+04
4.180000000000000000e+04
4.182500000000000000e+04
4.185000000000000000e+04
4.187500000000000000e+04
4.190000000000000000e+04
4.192500000000000000e+04
4.195000000000000000e+04
4.197500000000000000e+04
4.200000000000000000e+04
4.202500000000000000e+04
4.205000000000000000e+04
4.207500000000000000e+04
4.210000000000000000e+04
4.212500000000000000e+04
4.215000000000000000e+04
4.217500000000000000e+04
4.220000000000000000e+04
4.222500000000000000e+04
4.225000000000000000e+04
4.227500000000000000e+04
4.230000000000000000e+04
4.232500000000000000e+04
4.235000000000000000e+04
4.237500000000000000e+04
4.240000000000000000e+04
4.242500000000000000e+04
4.245000000000000000e+04
4.247500000000000000e+04
4.250000000000000000e+04
4.252500000000000000e+04
4.255000000000000000e+04
4.257500000000000000e+04
4.260000000000000000e+04
4.262500000000000000e+04
4.265000000000000000e+04
4.267500000000000000e+04
4.270000000000000000e+04
4.272500000000000000e+04
4.275000000000000000e+04
4.277500000000000000e+04
4.280000000000000000e+04
4.282500000000000000e+04
4.285000000000000000e+04
4.287500000000000000e+04
4.290000000000000000e+04
4.292500000000000000e+04
4.295000000000000000e+04
4.297500000000000000e+04
4.300000000000000000e+04
4.302500000000000000e+04
4.305000000000000000e+04
4.307500000000000000e+04
4.310000000000000000e+04
4.312500000000000000e+04
4.315000000000000000e+04
4.317500000000000000e+04
4.320000000000000000e+04
4.322500000000000000e+04
4.325000000000000000e+04
4.327500000000000000e+04
4.330000000000000000e+04
4.332500000000000000e+04
4.335000000000000000e+04
4.337500000000000000e+04
4.340000000000000000e+04
4.342500000000000000e+04
4.345000000000000000e+04
4.347500000000000000e+04
4.350000000000000000e+04
4.352500000000000000e+04
4.355000000000000000e+04
4.357500000000000000e+04
4.360000000000000000e+04
4.362500000000000000e+04
4.365000000000000000e+04
4.367500000000000000e+04
4.370000000000000000e+04
4.372500000000000000e+04
4.375000000000000000e+04
4.377500000000000000e+04
4.380000000000000000e+04
4.382500000000000000e+04
4.385000000000000000e+04
4.387500000000000000e+04
4.390000000000000000e+04
4.392500000000000000e+04
4.395000000000000000e+04
4.397500000000000000e+04
4.400000000000000000e+04
4.402500000000000000e+04
4.405000000000000000e+04
4.407500000000000000e+04
4.410000000000000000e+04
4.412500000000000000e+04
4.415000000000000000e+04
4.417500000000000000e+04
4.420000000000000000e+04
4.422500000000000000e+04
4.425000000000000000e+04
4.427500000000000000e+04
4.430000000000000000e+04
4.432500000000000000e+04
4.435000000000000000e+04
4.437500000000000000e+04
4.440000000000000000e+04
4.442500000000000000e+04
4.445000000000000000e+04
4.447500000000000000e+04
4.450000000000000000e+04
4.452500000000000000e+04
4.455000000000000000e+04
4.457500000000000000e+04
4.460000000000000000e+04
4.462500000000000000e+04
4.465000000000000000e+04
4.467500000000000000e+04
4.470000000000000000e+04
4.472500000000000000e+04
4.475000000000000000e+04
4.477500000000000000e+04
4.480000000000000000e+04
4.482500000000000000e+04
4.485000000000000000e+04
4.487500000000000000e+04
4.490000000000000000e+04
4.492500000000000000e+04
4.495000000000000000e+04
4.497500000000000000e+04
4.500000000000000000e+04
4.502500000000000000e+04
4.505000000000000000e+04
4.507500000000000000e+04
4.510000000000000000e+04
4.512500000000000000e+04
4.515000000000000000e+04
4.517500000000000000e+04
4.520000000000000000e+04
4.522500000000000000e+04
4.525000000000000000e+04
4.527500000000000000e+04
4.530000000000000000e+04
4.532500000000000000e+04
4.535000000000000000e+04
4.537500000000000000e+04
4.540000000000000000e+04
4.542500000000000000e+04
4.545000000000000000e+04
4.547500000000000000e+04
4.550000000000000000e+04
4.552500000000000000e+04
4.555000000000000000e+04
4.557500000000000000e+04
4.560000000000000000e+04
4.562500000000000000e+04
4.565000000000000000e+04
4.567500000000000000e+04
4.570000000000000000e+04
4.572500000000000000e+04
4.575000000000000000e+04
4.577500000000000000e+04
4.580000000000000000e+04
4.582500000000000000e+04
4.585000000000000000e+04
4.587500000000000000e+04
4.590000000000000000e+04
4.592500000000000000e+04
4.595000000000000000e+04
4.597500000000000000e+04
4.600000000000000000e+04
4.602500000000000000e+04
4.605000000000000000e+04
4.607500000000000000e+04
4.610000000000000000e+04
4.612500000000000000e+04
4.615000000000000000e+04
4.617500000000000000e+04
4.620000000000000000e+04
4.622500000000000000e+04
4.625000000000000000e+04
4.627500000000000000e+04
4.630000000000000000e+04
4.632500000000000000e+04
4.635000000000000000e+04
4.637500000000000000e+04
4.640000000000000000e+04
4.642500000000000000e+04
4.645000000000000000e+04
4.647500000000000000e+04
4.650000000000000000e+04
4.652500000000000000e+04
4.655000000000000000e+04
4.657500000000000000e+04
4.660000000000000000e+04
4.662500000000000000e+04
4.665000000000000000e+04
4.667500000000000000e+04
4.670000000000000000e+04
4.672500000000000000e+04
4.675000000000000000e+04
4.677500000000000000e+04
4.680000000000000000e+04
4.682500000000000000e+04
4.685000000000000000e+04
4.687500000000000000e+04
4.690000000000000000e+04
4.692500000000000000e+04
4.695000000000000000e+04
4.697500000000000000e+04
4.700000000000000000e+04
4.702500000000000000e+04
4.705000000000000000e+04
4.707500000000000000e+04
4.710000000000000000e+04
4.712500000000000000e+04
4.715000000000000000e+04
4.717500000000000000e+04
4.720000000000000000e+04
4.722500000000000000e+04
4.725000000000000000e+04
4.727500000000000000e+04
4.730000000000000000e+04
4.732500000000000000e+04
4.735000000000000000e+04
4.737500000000000000e+04
4.740000000000000000e+04
4.742500000000000000e+04
4.745000000000000000e+04
4.747500000000000000e+04
4.750000000000000000e+04
4.752500000000000000e+04
4.755000000000000000e+04
4.757500000000000000e+04
4.760000000000000000e+04
4.762500000000000000e+04
4.765000000000000000e+04
4.767500000000000000e+04
4.770000000000000000e+04
4.772500000000000000e+04
4.775000000000000000e+04
4.777500000000000000e+04
4.780000000000000000e+04
4.782500000000000000e+04
4.785000000000000000e+04
4.787500000000000000e+04
4.790000000000000000e+04
4.792500000000000000e+04
4.795000000000000000e+04
4.797500000000000000e+04
4.800000000000000000e+04
4.802500000000000000e+04
4.805000000000000000e+04
4.807500000000000000e+04
4.810000000000000000e+04
4.812500000000000000e+04
4.815000000000000000e+04
4.817500000000000000e+04
4.820000000000000000e+04
4.822500000000000000e+04
4.825000000000000000e+04
4.827500000000000000e+04
4.830000000000000000e+04
4.832500000000000000e+04
4.835000000000000000e+04
4.837500000000000000e+04
4.840000000000000000e+04
4.842500000000000000e+04
4.845000000000000000e+04
4.847500000000000000e+04
4.850000000000000000e+04
4.852500000000000000e+04
4.855000000000000000e+04
4.857500000000000000e+04
4.860000000000000000e+04
4.862500000000000000e+04
4.865000000000000000e+04
4.867500000000000000e+04
4.870000000000000000e+04
4.872500000000000000e+04
4.875000000000000000e+04
4.877500000000000000e+04
4.880000000000000000e+04
4.882500000000000000e+04
4.885000000000000000e+04
4.887500000000000000e+04
4.890000000000000000e+04
4.892500000000000000e+04
4.895000000000000000e+04
4.897500000000000000e+04
4.900000000000000000e+04
4.902500000000000000e+04
4.905000000000000000e+04
4.907500000000000000e+04
4.910000000000000000e+04
4.912500000000000000e+04
4.915000000000000000e+04
4.917500000000000000e+04
4.920000000000000000e+04
4.922500000000000000e+04
4.925000000000000000e+04
4.927500000000000000e+04
4.930000000000000000e+04
4.932500000000000000e+04
4.935000000000000000e+04
4.937500000000000000e+04
4.940000000000000000e+04
4.942500000000000000e+04
4.945000000000000000e+04
4.947500000000000000e+04
4.950000000000000000e+04
4.952500000000000000e+04
4.955000000000000000e+04
4.957500000000000000e+04
4.960000000000000000e+04
4.962500000000000000e+04
4.965000000000000000e+04
4.967500000000000000e+04
4.970000000000000000e+04
4.972500000000000000e+04
4.975000000000000000e+04
4.977500000000000000e+04
4.980000000000000000e+04
4.982500000000000000e+04
4.985000000000000000e+04
4.987500000000000000e+04
4.990000000000000000e+04
4.992500000000000000e+04
4.995000000000000000e+04
4.997500000000000000e+04
5.000000000000000000e+04
5.002500000000000000e+04
5.005000000000000000e+04
5.007500000000000000e+04
5.010000000000000000e+04
5.012500000000000000e+04
5.015000000000000000e+04
5.017500000000000000e+04
5.020000000000000000e+04
5.022500000000000000e+04
5.025000000000000000e+04
5.027500000000000000e+04
5.030000000000000000e+04
5.032500000000000000e+04
5.035000000000000000e+04
5.037500000000000000e+04
5.040000000000000000e+04
5.042500000000000000e+04
5.045000000000000000e+04
5.047500000000000000e+04
5.050000000000000000e+04
5.052500000000000000e+04
5.055000000000000000e+04
5.057500000000000000e+04
5.060000000000000000e+04
5.062500000000000000e+04
5.065000000000000000e+04
5.067500000000000000e+04
5.070000000000000000e+04
5.072500000000000000e+04
5.075000000000000000e+04
5.077500000000000000e+04
5.080000000000000000e+04
5.082500000000000000e+04
5.085000000000000000e+04
5.087500000000000000e+04
5.090000000000000000e+04
5.092500000000000000e+04
5.095000000000000000e+04
5.097500000000000000e+04
5.100000000000000000e+04
5.102500000000000000e+04
5.105000000000000000e+04
5.107500000000000000e+04
5.110000000000000000e+04
5.112500000000000000e+04
5.115000000000000000e+04
5.117500000000000000e+04
5.120000000000000000e+04
5.122500000000000000e+04
5.125000000000000000e+04
5.127500000000000000e+04
5.130000000000000000e+04
5.132500000000000000e+04
5.135000000000000000e+04
5.137500000000000000e+04
5.140000000000000000e+04
5.142500000000000000e+04
5.145000000000000000e+04
5.147500000000000000e+04
5.150000000000000000e+04
5.152500000000000000e+04
5.155000000000000000e+04
5.157500000000000000e+04
5.160000000000000000e+04
5.162500000000000000e+04
5.165000000000000000e+04
5.167500000000000000e+04
5.170000000000000000e+04
5.172500000000000000e+04
5.175000000000000000e+04
5.177500000000000000e+04
5.180000000000000000e+04
5.182500000000000000e+04
5.185000000000000000e+04
5.187500000000000000e+04
5.190000000000000000e+04
5.192500000000000000e+04
5.195000000000000000e+04
5.197500000000000000e+04
5.200000000000000000e+04
5.202500000000000000e+04
5.205000000000000000e+04
5.207500000000000000e+04
5.210000000000000000e+04
5.212500000000000000e+04
5.215000000000000000e+04
5.217500000000000000e+04
5.220000000000000000e+04
5.222500000000000000e+04
5.225000000000000000e+04
5.227500000000000000e+04
5.230000000000000000e+04
5.232500000000000000e+04
5.235000000000000000e+04
5.237500000000000000e+04
5.240000000000000000e+04
5.242500000000000000e+04
5.245000000000000000e+04
5.247500000000000000e+04
5.250000000000000000e+04
5.252500000000000000e+04
5.255000000000000000e+04
5.257500000000000000e+04
5.260000000000000000e+04
5.262500000000000000e+04
5.265000000000000000e+04
5.267500000000000000e+04
5.270000000000000000e+04
5.272500000000000000e+04
5.275000000000000000e+04
5.277500000000000000e+04
5.280000000000000000e+04
5.282500000000000000e+04
5.285000000000000000e+04
5.287500000000000000e+04
5.290000000000000000e+04
5.292500000000000000e+04
5.295000000000000000e+04
5.297500000000000000e+04
5.300000000000000000e+04
5.302500000000000000e+04
5.305000000000000000e+04
5.307500000000000000e+04
5.310000000000000000e+04
5.312500000000000000e+04
5.315000000000000000e+04
5.317500000000000000e+04
5.320000000000000000e+04
5.322500000000000000e+04
5.325000000000000000e+04
5.327500000000000000e+04
5.330000000000000000e+04
5.332500000000000000e+04
5.335000000000000000e+04
5.337500000000000000e+04
5.340000000000000000e+04
5.342500000000000000e+04
5.345000000000000000e+04
5.347500000000000000e+04
5.350000000000000000e+04
5.352500000000000000e+04
5.355000000000000000e+04
5.357500000000000000e+04
5.360000000000000000e+04
5.362500000000000000e+04
5.365000000000000000e+04
5.367500000000000000e+04
5.370000000000000000e+04
5.372500000000000000e+04
5.375000000000000000e+04
5.377500000000000000e+04
5.380000000000000000e+04
5.382500000000000000e+04
5.385000000000000000e+04
5.387500000000000000e+04
5.390000000000000000e+04
5.392500000000000000e+04
5.395000000000000000e+04
5.397500000000000000e+04
5.400000000000000000e+04
5.402500000000000000e+04
5.405000000000000000e+04
5.407500000000000000e+04
5.410000000000000000e+04
5.412500000000000000e+04
5.415000000000000000e+04
5.417500000000000000e+04
5.420000000000000000e+04
5.422500000000000000e+04
5.425000000000000000e+04
5.427500000000000000e+04
5.430000000000000000e+04
5.432500000000000000e+04
5.435000000000000000e+04
5.437500000000000000e+04
5.440000000000000000e+04
5.442500000000000000e+04
5.445000000000000000e+04
5.447500000000000000e+04
5.450000000000000000e+04
5.452500000000000000e+04
5.455000000000000000e+04
5.457500000000000000e+04
5.460000000000000000e+04
5.462500000000000000e+04
5.465000000000000000e+04
5.467500000000000000e+04
5.470000000000000000e+04
5.472500000000000000e+04
5.475000000000000000e+04
5.477500000000000000e+04
5.480000000000000000e+04
5.482500000000000000e+04
5.485000000000000000e+04
5.487500000000000000e+04
5.490000000000000000e+04
5.492500000000000000e+04
5.495000000000000000e+04
5.497500000000000000e+04
5.500000000000000000e+04
5.502500000000000000e+04
5.505000000000000000e+04
5.507500000000000000e+04
5.510000000000000000e+04
5.512500000000000000e+04
5.515000000000000000e+04
5.517500000000000000e+04
5.520000000000000000e+04
5.522500000000000000e+04
5.525000000000000000e+04
5.527500000000000000e+04
5.530000000000000000e+04
5.532500000000000000e+04
5.535000000000000000e+04
5.537500000000000000e+04
5.540000000000000000e+04
5.542500000000000000e+04
5.545000000000000000e+04
5.547500000000000000e+04
5.550000000000000000e+04
5.552500000000000000e+04
5.555000000000000000e+04
5.557500000000000000e+04
5.560000000000000000e+04
5.562500000000000000e+04
5.565000000000000000e+04
5.567500000000000000e+04
5.570000000000000000e+04
5.572500000000000000e+04
5.575000000000000000e+04
5.577500000000000000e+04
5.580000000000000000e+04
5.582500000000000000e+04
5.585000000000000000e+04
5.587500000000000000e+04
5.590000000000000000e+04
5.592500000000000000e+04
5.595000000000000000e+04
5.597500000000000000e+04
5.600000000000000000e+04
5.602500000000000000e+04
5.605000000000000000e+04
5.607500000000000000e+04
5.610000000000000000e+04
5.612500000000000000e+04
5.615000000000000000e+04
5.617500000000000000e+04
5.620000000000000000e+04
5.622500000000000000e+04
5.625000000000000000e+04
5.627500000000000000e+04
5.630000000000000000e+04
5.632500000000000000e+04
5.635000000000000000e+04
5.637500000000000000e+04
5.640000000000000000e+04
5.642500000000000000e+04
5.645000000000000000e+04
5.647500000000000000e+04
5.650000000000000000e+04
5.652500000000000000e+04
5.655000000000000000e+04
5.657500000000000000e+04
5.660000000000000000e+04
5.662500000000000000e+04
5.665000000000000000e+04
5.667500000000000000e+04
5.670000000000000000e+04
5.672500000000000000e+04
5.675000000000000000e+04
5.677500000000000000e+04
5.680000000000000000e+04
5.682500000000000000e+04
5.685000000000000000e+04
5.687500000000000000e+04
5.690000000000000000e+04
5.692500000000000000e+04
5.695000000000000000e+04
5.697500000000000000e+04
5.700000000000000000e+04
5.702500000000000000e+04
5.705000000000000000e+04
5.707500000000000000e+04
5.710000000000000000e+04
5.712500000000000000e+04
5.715000000000000000e+04
5.717500000000000000e+04
5.720000000000000000e+04
5.722500000000000000e+04
5.725000000000000000e+04
5.727500000000000000e+04
5.730000000000000000e+04
5.732500000000000000e+04
5.735000000000000000e+04
5.737500000000000000e+04
5.740000000000000000e+04
5.742500000000000000e+04
5.745000000000000000e+04
5.747500000000000000e+04
5.750000000000000000e+04
5.752500000000000000e+04
5.755000000000000000e+04
5.757500000000000000e+04
5.760000000000000000e+04
5.762500000000000000e+04
5.765000000000000000e+04
5.767500000000000000e+04
5.770000000000000000e+04
5.772500000000000000e+04
5.775000000000000000e+04
5.777500000000000000e+04
5.780000000000000000e+04
5.782500000000000000e+04
5.785000000000000000e+04
5.787500000000000000e+04
5.790000000000000000e+04
5.792500000000000000e+04
5.795000000000000000e+04
5.797500000000000000e+04
5.800000000000000000e+04
5.802500000000000000e+04
5.805000000000000000e+04
5.807500000000000000e+04
5.810000000000000000e+04
5.812500000000000000e+04
5.815000000000000000e+04
5.817500000000000000e+04
5.820000000000000000e+04
5.822500000000000000e+04
5.825000000000000000e+04
5.827500000000000000e+04
5.830000000000000000e+04
5.832500000000000000e+04
5.835000000000000000e+04
5.837500000000000000e+04
5.840000000000000000e+04
5.842500000000000000e+04
5.845000000000000000e+04
5.847500000000000000e+04
5.850000000000000000e+04
5.852500000000000000e+04
5.855000000000000000e+04
5.857500000000000000e+04
5.860000000000000000e+04
5.862500000000000000e+04
5.865000000000000000e+04
5.867500000000000000e+04
5.870000000000000000e+04
5.872500000000000000e+04
5.875000000000000000e+04
5.877500000000000000e+04
5.880000000000000000e+04
5.882500000000000000e+04
5.885000000000000000e+04
5.887500000000000000e+04
5.890000000000000000e+04
5.892500000000000000e+04
5.895000000000000000e+04
5.897500000000000000e+04
5.900000000000000000e+04
5.902500000000000000e+04
5.905000000000000000e+04
5.907500000000000000e+04
5.910000000000000000e+04
5.912500000000000000e+04
5.915000000000000000e+04
5.917500000000000000e+04
5.920000000000000000e+04
5.922500000000000000e+04
5.925000000000000000e+04
5.927500000000000000e+04
5.930000000000000000e+04
5.932500000000000000e+04
5.935000000000000000e+04
5.937500000000000000e+04
5.940000000000000000e+04
5.942500000000000000e+04
5.945000000000000000e+04
5.947500000000000000e+04
5.950000000000000000e+04
5.952500000000000000e+04
5.955000000000000000e+04
5.957500000000000000e+04
5.960000000000000000e+04
5.962500000000000000e+04
5.965000000000000000e+04
5.967500000000000000e+04
5.970000000000000000e+04
5.972500000000000000e+04
5.975000000000000000e+04
5.977500000000000000e+04
5.980000000000000000e+04
5.982500000000000000e+04
5.985000000000000000e+04
5.987500000000000000e+04
5.990000000000000000e+04
5.992500000000000000e+04
5.995000000000000000e+04
5.997500000000000000e+04
6.000000000000000000e+04
6.002500000000000000e+04
6.005000000000000000e+04
6.007500000000000000e+04
6.010000000000000000e+04
6.012500000000000000e+04
6.015000000000000000e+04
6.017500000000000000e+04
6.020000000000000000e+04
6.022500000000000000e+04
6.025000000000000000e+04
6.027500000000000000e+04
6.030000000000000000e+04
6.032500000000000000e+04
6.035000000000000000e+04
6.037500000000000000e+04
6.040000000000000000e+04
6.042500000000000000e+04
6.045000000000000000e+04
6.047500000000000000e+04
6.050000000000000000e+04
6.052500000000000000e+04
6.055000000000000000e+04
6.057500000000000000e+04
6.060000000000000000e+04
6.062500000000000000e+04
6.065000000000000000e+04
6.067500000000000000e+04
6.070000000000000000e+04
6.072500000000000000e+04
6.075000000000000000e+04
6.077500000000000000e+04
6.080000000000000000e+04
6.082500000000000000e+04
6.085000000000000000e+04
6.087500000000000000e+04
6.090000000000000000e+04
6.092500000000000000e+04
6.095000000000000000e+04
6.097500000000000000e+04
6.100000000000000000e+04
6.102500000000000000e+04
6.105000000000000000e+04
6.107500000000000000e+04
6.110000000000000000e+04
6.112500000000000000e+04
6.115000000000000000e+04
6.117500000000000000e+04
6.120000000000000000e+04
6.122500000000000000e+04
6.125000000000000000e+04
6.127500000000000000e+04
6.130000000000000000e+04
6.132500000000000000e+04
6.135000000000000000e+04
6.137500000000000000e+04
6.140000000000000000e+04
6.142500000000000000e+04
6.145000000000000000e+04
6.147500000000000000e+04
6.150000000000000000e+04
6.152500000000000000e+04
6.155000000000000000e+04
6.157500000000000000e+04
6.160000000000000000e+04
6.162500000000000000e+04
6.165000000000000000e+04
6.167500000000000000e+04
6.170000000000000000e+04
6.172500000000000000e+04
6.175000000000000000e+04
6.177500000000000000e+04
6.180000000000000000e+04
6.182500000000000000e+04
6.185000000000000000e+04
6.187500000000000000e+04
6.190000000000000000e+04
6.192500000000000000e+04
6.195000000000000000e+04
6.197500000000000000e+04
6.200000000000000000e+04
6.202500000000000000e+04
6.205000000000000000e+04
6.207500000000000000e+04
6.210000000000000000e+04
6.212500000000000000e+04
6.215000000000000000e+04
6.217500000000000000e+04
6.220000000000000000e+04
6.222500000000000000e+04
6.225000000000000000e+04
6.227500000000000000e+04
6.230000000000000000e+04
6.232500000000000000e+04
6.235000000000000000e+04
6.237500000000000000e+04
6.240000000000000000e+04
6.242500000000000000e+04
6.245000000000000000e+04
6.247500000000000000e+04
6.250000000000000000e+04
6.252500000000000000e+04
6.255000000000000000e+04
6.257500000000000000e+04
6.260000000000000000e+04
6.262500000000000000e+04
6.265000000000000000e+04
6.267500000000000000e+04
6.270000000000000000e+04
6.272500000000000000e+04
6.275000000000000000e+04
6.277500000000000000e+04
6.280000000000000000e+04
6.282500000000000000e+04
6.285000000000000000e+04
6.287500000000000000e+04
6.290000000000000000e+04
6.292500000000000000e+04
6.295000000000000000e+04
6.297500000000000000e+04
6.300000000000000000e+04
6.302500000000000000e+04
6.305000000000000000e+04
6.307500000000000000e+04
6.310000000000000000e+04
6.312500000000000000e+04
6.315000000000000000e+04
6.317500000000000000e+04
6.320000000000000000e+04
6.322500000000000000e+04
6.325000000000000000e+04
6.327500000000000000e+04
6.330000000000000000e+04
6.332500000000000000e+04
6.335000000000000000e+04
6.337500000000000000e+04
6.340000000000000000e+04
6.342500000000000000e+04
6.345000000000000000e+04
6.347500000000000000e+04
6.350000000000000000e+04
6.352500000000000000e+04
6.355000000000000000e+04
6.357500000000000000e+04
6.360000000000000000e+04
6.362500000000000000e+04
6.365000000000000000e+04
6.367500000000000000e+04
6.370000000000000000e+04
6.372500000000000000e+04
6.375000000000000000e+04
6.377500000000000000e+04
6.380000000000000000e+04
6.382500000000000000e+04
6.385000000000000000e+04
6.387500000000000000e+04
6.390000000000000000e+04
6.392500000000000000e+04
6.395000000000000000e+04
6.397500000000000000e+04
6.400000000000000000e+04
6.402500000000000000e+04
6.405000000000000000e+04
6.407500000000000000e+04
6.410000000000000000e+04
6.412500000000000000e+04
6.415000000000000000e+04
6.417500000000000000e+04
6.420000000000000000e+04
6.422500000000000000e+04
6.425000000000000000e+04
6.427500000000000000e+04
6.430000000000000000e+04
6.432500000000000000e+04
6.435000000000000000e+04
6.437500000000000000e+04
6.440000000000000000e+04
6.442500000000000000e+04
6.445000000000000000e+04
6.447500000000000000e+04
6.450000000000000000e+04
6.452500000000000000e+04
6.455000000000000000e+04
6.457500000000000000e+04
6.460000000000000000e+04
6.462500000000000000e+04
6.465000000000000000e+04
6.467500000000000000e+04
6.470000000000000000e+04
6.472500000000000000e+04
6.475000000000000000e+04
6.477500000000000000e+04
6.480000000000000000e+04
6.482500000000000000e+04
6.485000000000000000e+04
6.487500000000000000e+04
6.490000000000000000e+04
6.492500000000000000e+04
6.495000000000000000e+04
6.497500000000000000e+04
6.500000000000000000e+04
6.502500000000000000e+04
6.505000000000000000e+04
6.507500000000000000e+04
6.510000000000000000e+04
6.512500000000000000e+04
6.515000000000000000e+04
6.517500000000000000e+04
6.520000000000000000e+04
6.522500000000000000e+04
6.525000000000000000e+04
6.527500000000000000e+04
6.530000000000000000e+04
6.532500000000000000e+04
6.535000000000000000e+04
6.537500000000000000e+04
6.540000000000000000e+04
6.542500000000000000e+04
6.545000000000000000e+04
6.547500000000000000e+04
6.550000000000000000e+04
6.552500000000000000e+04
6.555000000000000000e+04
6.557500000000000000e+04
6.560000000000000000e+04
6.562500000000000000e+04
6.565000000000000000e+04
6.567500000000000000e+04
6.570000000000000000e+04
6.572500000000000000e+04
6.575000000000000000e+04
6.577500000000000000e+04
6.580000000000000000e+04
6.582500000000000000e+04
6.585000000000000000e+04
6.587500000000000000e+04
6.590000000000000000e+04
6.592500000000000000e+04
6.595000000000000000e+04
6.597500000000000000e+04
6.600000000000000000e+04
6.602500000000000000e+04
6.605000000000000000e+04
6.607500000000000000e+04
6.610000000000000000e+04
6.612500000000000000e+04
6.615000000000000000e+04
6.617500000000000000e+04
6.620000000000000000e+04
6.622500000000000000e+04
6.625000000000000000e+04
6.627500000000000000e+04
6.630000000000000000e+04
6.632500000000000000e+04
6.635000000000000000e+04
6.637500000000000000e+04
6.640000000000000000e+04
6.642500000000000000e+04
6.645000000000000000e+04
6.647500000000000000e+04
6.650000000000000000e+04
6.652500000000000000e+04
6.655000000000000000e+04
6.657500000000000000e+04
6.660000000000000000e+04
6.662500000000000000e+04
6.665000000000000000e+04
6.667500000000000000e+04
6.670000000000000000e+04
6.672500000000000000e+04
6.675000000000000000e+04
6.677500000000000000e+04
6.680000000000000000e+04
6.682500000000000000e+04
6.685000000000000000e+04
6.687500000000000000e+04
6.690000000000000000e+04
6.692500000000000000e+04
6.695000000000000000e+04
6.697500000000000000e+04
6.700000000000000000e+04
6.702500000000000000e+04
6.705000000000000000e+04
6.707500000000000000e+04
6.710000000000000000e+04
6.712500000000000000e+04
6.715000000000000000e+04
6.717500000000000000e+04
6.720000000000000000e+04
6.722500000000000000e+04
6.725000000000000000e+04
6.727500000000000000e+04
6.730000000000000000e+04
6.732500000000000000e+04
6.735000000000000000e+04
6.737500000000000000e+04
6.740000000000000000e+04
6.742500000000000000e+04
6.745000000000000000e+04
6.747500000000000000e+04
6.750000000000000000e+04
6.752500000000000000e+04
6.755000000000000000e+04
6.757500000000000000e+04
6.760000000000000000e+04
6.762500000000000000e+04
6.765000000000000000e+04
6.767500000000000000e+04
6.770000000000000000e+04
6.772500000000000000e+04
6.775000000000000000e+04
6.777500000000000000e+04
6.780000000000000000e+04
6.782500000000000000e+04
6.785000000000000000e+04
6.787500000000000000e+04
6.790000000000000000e+04
6.792500000000000000e+04
6.795000000000000000e+04
6.797500000000000000e+04
6.800000000000000000e+04
6.802500000000000000e+04
6.805000000000000000e+04
6.807500000000000000e+04
6.810000000000000000e+04
6.812500000000000000e+04
6.815000000000000000e+04
6.817500000000000000e+04
6.820000000000000000e+04
6.822500000000000000e+04
6.825000000000000000e+04
6.827500000000000000e+04
6.830000000000000000e+04
6.832500000000000000e+04
6.835000000000000000e+04
6.837500000000000000e+04
6.840000000000000000e+04
6.842500000000000000e+04
6.845000000000000000e+04
6.847500000000000000e+04
6.850000000000000000e+04
6.852500000000000000e+04
6.855000000000000000e+04
6.857500000000000000e+04
6.860000000000000000e+04
6.862500000000000000e+04
6.865000000000000000e+04
6.867500000000000000e+04
6.870000000000000000e+04
6.872500000000000000e+04
6.875000000000000000e+04
6.877500000000000000e+04
6.880000000000000000e+04
6.882500000000000000e+04
6.885000000000000000e+04
6.887500000000000000e+04
6.890000000000000000e+04
6.892500000000000000e+04
6.895000000000000000e+04
6.897500000000000000e+04
6.900000000000000000e+04
6.902500000000000000e+04
6.905000000000000000e+04
6.907500000000000000e+04
6.910000000000000000e+04
6.912500000000000000e+04
6.915000000000000000e+04
6.917500000000000000e+04
6.920000000000000000e+04
6.922500000000000000e+04
6.925000000000000000e+04
6.927500000000000000e+04
6.930000000000000000e+04
6.932500000000000000e+04
6.935000000000000000e+04
6.937500000000000000e+04
6.940000000000000000e+04
6.942500000000000000e+04
6.945000000000000000e+04
6.947500000000000000e+04
6.950000000000000000e+04
6.952500000000000000e+04
6.955000000000000000e+04
6.957500000000000000e+04
6.960000000000000000e+04
6.962500000000000000e+04
6.965000000000000000e+04
6.967500000000000000e+04
6.970000000000000000e+04
6.972500000000000000e+04
6.975000000000000000e+04
6.977500000000000000e+04
6.980000000000000000e+04
6.982500000000000000e+04
6.985000000000000000e+04
6.987500000000000000e+04
6.990000000000000000e+04
6.992500000000000000e+04
6.995000000000000000e+04
6.997500000000000000e+04
7.000000000000000000e+04
7.002500000000000000e+04
7.005000000000000000e+04
7.007500000000000000e+04
7.010000000000000000e+04
7.012500000000000000e+04
7.015000000000000000e+04
7.017500000000000000e+04
7.020000000000000000e+04
7.022500000000000000e+04
7.025000000000000000e+04
7.027500000000000000e+04
7.030000000000000000e+04
7.032500000000000000e+04
7.035000000000000000e+04
7.037500000000000000e+04
7.040000000000000000e+04
7.042500000000000000e+04
7.045000000000000000e+04
7.047500000000000000e+04
7.050000000000000000e+04
7.052500000000000000e+04
7.055000000000000000e+04
7.057500000000000000e+04
7.060000000000000000e+04
7.062500000000000000e+04
7.065000000000000000e+04
7.067500000000000000e+04
7.070000000000000000e+04
7.072500000000000000e+04
7.075000000000000000e+04
7.077500000000000000e+04
7.080000000000000000e+04
7.082500000000000000e+04
7.085000000000000000e+04
7.087500000000000000e+04
7.090000000000000000e+04
7.092500000000000000e+04
7.095000000000000000e+04
7.097500000000000000e+04
7.100000000000000000e+04
7.102500000000000000e+04
7.105000000000000000e+04
7.107500000000000000e+04
7.110000000000000000e+04
7.112500000000000000e+04
7.115000000000000000e+04
7.117500000000000000e+04
7.120000000000000000e+04
7.122500000000000000e+04
7.125000000000000000e+04
7.127500000000000000e+04
7.130000000000000000e+04
7.132500000000000000e+04
7.135000000000000000e+04
7.137500000000000000e+04
7.140000000000000000e+04
7.142500000000000000e+04
7.145000000000000000e+04
7.147500000000000000e+04
7.150000000000000000e+04
7.152500000000000000e+04
7.155000000000000000e+04
7.157500000000000000e+04
7.160000000000000000e+04
7.162500000000000000e+04
7.165000000000000000e+04
7.167500000000000000e+04
7.170000000000000000e+04
7.172500000000000000e+04
7.175000000000000000e+04
7.177500000000000000e+04
7.180000000000000000e+04
7.182500000000000000e+04
7.185000000000000000e+04
7.187500000000000000e+04
7.190000000000000000e+04
7.192500000000000000e+04
7.195000000000000000e+04
7.197500000000000000e+04
7.200000000000000000e+04
7.202500000000000000e+04
7.205000000000000000e+04
7.207500000000000000e+04
7.210000000000000000e+04
7.212500000000000000e+04
7.215000000000000000e+04
7.217500000000000000e+04
7.220000000000000000e+04
7.222500000000000000e+04
7.225000000000000000e+04
7.227500000000000000e+04
7.230000000000000000e+04
7.232500000000000000e+04
7.235000000000000000e+04
7.237500000000000000e+04
7.240000000000000000e+04
7.242500000000000000e+04
7.245000000000000000e+04
7.247500000000000000e+04
7.250000000000000000e+04
7.252500000000000000e+04
7.255000000000000000e+04
7.257500000000000000e+04
7.260000000000000000e+04
7.262500000000000000e+04
7.265000000000000000e+04
7.267500000000000000e+04
7.270000000000000000e+04
7.272500000000000000e+04
7.275000000000000000e+04
7.277500000000000000e+04
7.280000000000000000e+04
7.282500000000000000e+04
7.285000000000000000e+04
7.287500000000000000e+04
7.290000000000000000e+04
7.292500000000000000e+04
7.295000000000000000e+04
7.297500000000000000e+04
7.300000000000000000e+04
7.302500000000000000e+04
7.305000000000000000e+04
7.307500000000000000e+04
7.310000000000000000e+04
7.312500000000000000e+04
7.315000000000000000e+04
7.317500000000000000e+04
7.320000000000000000e+04
7.322500000000000000e+04
7.325000000000000000e+04
7.327500000000000000e+04
7.330000000000000000e+04
7.332500000000000000e+04
7.335000000000000000e+04
7.337500000000000000e+04
7.340000000000000000e+04
7.342500000000000000e+04
7.345000000000000000e+04
7.347500000000000000e+04
7.350000000000000000e+04
7.352500000000000000e+04
7.355000000000000000e+04
7.357500000000000000e+04
7.360000000000000000e+04
7.362500000000000000e+04
7.365000000000000000e+04
7.367500000000000000e+04
7.370000000000000000e+04
7.372500000000000000e+04
7.375000000000000000e+04
7.377500000000000000e+04
7.380000000000000000e+04
7.382500000000000000e+04
7.385000000000000000e+04
7.387500000000000000e+04
7.390000000000000000e+04
7.392500000000000000e+04
7.395000000000000000e+04
7.397500000000000000e+04
7.400000000000000000e+04
7.402500000000000000e+04
7.405000000000000000e+04
7.407500000000000000e+04
7.410000000000000000e+04
7.412500000000000000e+04
7.415000000000000000e+04
7.417500000000000000e+04
7.420000000000000000e+04
7.422500000000000000e+04
7.425000000000000000e+04
7.427500000000000000e+04
7.430000000000000000e+04
7.432500000000000000e+04
7.435000000000000000e+04
7.437500000000000000e+04
7.440000000000000000e+04
7.442500000000000000e+04
7.445000000000000000e+04
7.447500000000000000e+04
7.450000000000000000e+04
7.452500000000000000e+04
7.455000000000000000e+04
7.457500000000000000e+04
7.460000000000000000e+04
7.462500000000000000e+04
7.465000000000000000e+04
7.467500000000000000e+04
7.470000000000000000e+04
7.472500000000000000e+04
7.475000000000000000e+04
7.477500000000000000e+04
7.480000000000000000e+04
7.482500000000000000e+04
7.485000000000000000e+04
7.487500000000000000e+04
7.490000000000000000e+04
7.492500000000000000e+04
7.495000000000000000e+04
7.497500000000000000e+04
7.500000000000000000e+04
7.502500000000000000e+04
7.505000000000000000e+04
7.507500000000000000e+04
7.510000000000000000e+04
7.512500000000000000e+04
7.515000000000000000e+04
7.517500000000000000e+04
7.520000000000000000e+04
7.522500000000000000e+04
7.525000000000000000e+04
7.527500000000000000e+04
7.530000000000000000e+04
7.532500000000000000e+04
7.535000000000000000e+04
7.537500000000000000e+04
7.540000000000000000e+04
7.542500000000000000e+04
7.545000000000000000e+04
7.547500000000000000e+04
7.550000000000000000e+04
7.552500000000000000e+04
7.555000000000000000e+04
7.557500000000000000e+04
7.560000000000000000e+04
7.562500000000000000e+04
7.565000000000000000e+04
7.567500000000000000e+04
7.570000000000000000e+04
7.572500000000000000e+04
7.575000000000000000e+04
7.577500000000000000e+04
7.580000000000000000e+04
7.582500000000000000e+04
7.585000000000000000e+04
7.587500000000000000e+04
7.590000000000000000e+04
7.592500000000000000e+04
7.595000000000000000e+04
7.597500000000000000e+04
7.600000000000000000e+04
7.602500000000000000e+04
7.605000000000000000e+04
7.607500000000000000e+04
7.610000000000000000e+04
7.612500000000000000e+04
7.615000000000000000e+04
7.617500000000000000e+04
7.620000000000000000e+04
7.622500000000000000e+04
7.625000000000000000e+04
7.627500000000000000e+04
7.630000000000000000e+04
7.632500000000000000e+04
7.635000000000000000e+04
7.637500000000000000e+04
7.640000000000000000e+04
7.642500000000000000e+04
7.645000000000000000e+04
7.647500000000000000e+04
7.650000000000000000e+04
7.652500000000000000e+04
7.655000000000000000e+04
7.657500000000000000e+04
7.660000000000000000e+04
7.662500000000000000e+04
7.665000000000000000e+04
7.667500000000000000e+04
7.670000000000000000e+04
7.672500000000000000e+04
7.675000000000000000e+04
7.677500000000000000e+04
7.680000000000000000e+04
7.682500000000000000e+04
7.685000000000000000e+04
7.687500000000000000e+04
7.690000000000000000e+04
7.692500000000000000e+04
7.695000000000000000e+04
7.697500000000000000e+04
7.700000000000000000e+04
7.702500000000000000e+04
7.705000000000000000e+04
7.707500000000000000e+04
7.710000000000000000e+04
7.712500000000000000e+04
7.715000000000000000e+04
7.717500000000000000e+04
7.720000000000000000e+04
7.722500000000000000e+04
7.725000000000000000e+04
7.727500000000000000e+04
7.730000000000000000e+04
7.732500000000000000e+04
7.735000000000000000e+04
7.737500000000000000e+04
7.740000000000000000e+04
7.742500000000000000e+04
7.745000000000000000e+04
7.747500000000000000e+04
7.750000000000000000e+04
7.752500000000000000e+04
7.755000000000000000e+04
7.757500000000000000e+04
7.760000000000000000e+04
7.762500000000000000e+04
7.765000000000000000e+04
7.767500000000000000e+04
7.770000000000000000e+04
7.772500000000000000e+04
7.775000000000000000e+04
7.777500000000000000e+04
7.780000000000000000e+04
7.782500000000000000e+04
7.785000000000000000e+04
7.787500000000000000e+04
7.790000000000000000e+04
7.792500000000000000e+04
7.795000000000000000e+04
7.797500000000000000e+04
7.800000000000000000e+04
7.802500000000000000e+04
7.805000000000000000e+04
7.807500000000000000e+04
7.810000000000000000e+04
7.812500000000000000e+04
7.815000000000000000e+04
7.817500000000000000e+04
7.820000000000000000e+04
7.822500000000000000e+04
7.825000000000000000e+04
7.827500000000000000e+04
7.830000000000000000e+04
7.832500000000000000e+04
7.835000000000000000e+04
7.837500000000000000e+04
7.840000000000000000e+04
7.842500000000000000e+04
7.845000000000000000e+04
7.847500000000000000e+04
7.850000000000000000e+04
7.852500000000000000e+04
7.855000000000000000e+04
7.857500000000000000e+04
7.860000000000000000e+04
7.862500000000000000e+04
7.865000000000000000e+04
7.867500000000000000e+04
7.870000000000000000e+04
7.872500000000000000e+04
7.875000000000000000e+04
7.877500000000000000e+04
7.880000000000000000e+04
7.882500000000000000e+04
7.885000000000000000e+04
7.887500000000000000e+04
7.890000000000000000e+04
7.892500000000000000e+04
7.895000000000000000e+04
7.897500000000000000e+04
7.900000000000000000e+04
7.902500000000000000e+04
7.905000000000000000e+04
7.907500000000000000e+04
7.910000000000000000e+04
7.912500000000000000e+04
7.915000000000000000e+04
7.917500000000000000e+04
7.920000000000000000e+04
7.922500000000000000e+04
7.925000000000000000e+04
7.927500000000000000e+04
7.930000000000000000e+04
7.932500000000000000e+04
7.935000000000000000e+04
7.937500000000000000e+04
7.940000000000000000e+04
7.942500000000000000e+04
7.945000000000000000e+04
7.947500000000000000e+04
7.950000000000000000e+04
7.952500000000000000e+04
7.955000000000000000e+04
7.957500000000000000e+04
7.960000000000000000e+04
7.962500000000000000e+04
7.965000000000000000e+04
7.967500000000000000e+04
7.970000000000000000e+04
7.972500000000000000e+04
7.975000000000000000e+04
7.977500000000000000e+04
7.980000000000000000e+04
7.982500000000000000e+04
7.985000000000000000e+04
7.987500000000000000e+04
7.990000000000000000e+04
7.992500000000000000e+04
7.995000000000000000e+04
7.997500000000000000e+04
8.000000000000000000e+04
8.002500000000000000e+04
8.005000000000000000e+04
8.007500000000000000e+04
8.010000000000000000e+04
8.012500000000000000e+04
8.015000000000000000e+04
8.017500000000000000e+04
8.020000000000000000e+04
8.022500000000000000e+04
8.025000000000000000e+04
8.027500000000000000e+04
8.030000000000000000e+04
8.032500000000000000e+04
8.035000000000000000e+04
8.037500000000000000e+04
8.040000000000000000e+04
8.042500000000000000e+04
8.045000000000000000e+04
8.047500000000000000e+04
8.050000000000000000e+04
8.052500000000000000e+04
8.055000000000000000e+04
8.057500000000000000e+04
8.060000000000000000e+04
8.062500000000000000e+04
8.065000000000000000e+04
8.067500000000000000e+04
8.070000000000000000e+04
8.072500000000000000e+04
8.075000000000000000e+04
8.077500000000000000e+04
8.080000000000000000e+04
8.082500000000000000e+04
8.085000000000000000e+04
8.087500000000000000e+04
8.090000000000000000e+04
8.092500000000000000e+04
8.095000000000000000e+04
8.097500000000000000e+04
8.100000000000000000e+04
8.102500000000000000e+04
8.105000000000000000e+04
8.107500000000000000e+04
8.110000000000000000e+04
8.112500000000000000e+04
8.115000000000000000e+04
8.117500000000000000e+04
8.120000000000000000e+04
8.122500000000000000e+04
8.125000000000000000e+04
8.127500000000000000e+04
8.130000000000000000e+04
8.132500000000000000e+04
8.135000000000000000e+04
8.137500000000000000e+04
8.140000000000000000e+04
8.142500000000000000e+04
8.145000000000000000e+04
8.147500000000000000e+04
8.150000000000000000e+04
8.152500000000000000e+04
8.155000000000000000e+04
8.157500000000000000e+04
8.160000000000000000e+04
8.162500000000000000e+04
8.165000000000000000e+04
8.167500000000000000e+04
8.170000000000000000e+04
8.172500000000000000e+04
8.175000000000000000e+04
8.177500000000000000e+04
8.180000000000000000e+04
8.182500000000000000e+04
8.185000000000000000e+04
8.187500000000000000e+04
8.190000000000000000e+04
8.192500000000000000e+04
8.195000000000000000e+04
8.197500000000000000e+04
8.200000000000000000e+04
8.202500000000000000e+04
8.205000000000000000e+04
8.207500000000000000e+04
8.210000000000000000e+04
8.212500000000000000e+04
8.215000000000000000e+04
8.217500000000000000e+04
8.220000000000000000e+04
8.222500000000000000e+04
8.225000000000000000e+04
8.227500000000000000e+04
8.230000000000000000e+04
8.232500000000000000e+04
8.235000000000000000e+04
8.237500000000000000e+04
8.240000000000000000e+04
8.242500000000000000e+04
8.245000000000000000e+04
8.247500000000000000e+04
8.250000000000000000e+04
8.252500000000000000e+04
8.255000000000000000e+04
8.257500000000000000e+04
8.260000000000000000e+04
8.262500000000000000e+04
8.265000000000000000e+04
8.267500000000000000e+04
8.270000000000000000e+04
8.272500000000000000e+04
8.275000000000000000e+04
8.277500000000000000e+04
8.280000000000000000e+04
8.282500000000000000e+04
8.285000000000000000e+04
8.287500000000000000e+04
8.290000000000000000e+04
8.292500000000000000e+04
8.295000000000000000e+04
8.297500000000000000e+04
8.300000000000000000e+04
8.302500000000000000e+04
8.305000000000000000e+04
8.307500000000000000e+04
8.310000000000000000e+04
8.312500000000000000e+04
8.315000000000000000e+04
8.317500000000000000e+04
8.320000000000000000e+04
8.322500000000000000e+04
8.325000000000000000e+04
8.327500000000000000e+04
8.330000000000000000e+04
8.332500000000000000e+04
8.335000000000000000e+04
8.337500000000000000e+04
8.340000000000000000e+04
8.342500000000000000e+04
8.345000000000000000e+04
8.347500000000000000e+04
8.350000000000000000e+04
8.352500000000000000e+04
8.355000000000000000e+04
8.357500000000000000e+04
8.360000000000000000e+04
8.362500000000000000e+04
8.365000000000000000e+04
8.367500000000000000e+04
8.370000000000000000e+04
8.372500000000000000e+04
8.375000000000000000e+04
8.377500000000000000e+04
8.380000000000000000e+04
8.382500000000000000e+04
8.385000000000000000e+04
8.387500000000000000e+04
8.390000000000000000e+04
8.392500000000000000e+04
8.395000000000000000e+04
8.397500000000000000e+04
8.400000000000000000e+04
8.402500000000000000e+04
8.405000000000000000e+04
8.407500000000000000e+04
8.410000000000000000e+04
8.412500000000000000e+04
8.415000000000000000e+04
8.417500000000000000e+04
8.420000000000000000e+04
8.422500000000000000e+04
8.425000000000000000e+04
8.427500000000000000e+04
8.430000000000000000e+04
8.432500000000000000e+04
8.435000000000000000e+04
8.437500000000000000e+04
8.440000000000000000e+04
8.442500000000000000e+04
8.445000000000000000e+04
8.447500000000000000e+04
8.450000000000000000e+04
8.452500000000000000e+04
8.455000000000000000e+04
8.457500000000000000e+04
8.460000000000000000e+04
8.462500000000000000e+04
8.465000000000000000e+04
8.467500000000000000e+04
8.470000000000000000e+04
8.472500000000000000e+04
8.475000000000000000e+04
8.477500000000000000e+04
8.480000000000000000e+04
8.482500000000000000e+04
8.485000000000000000e+04
8.487500000000000000e+04
8.490000000000000000e+04
8.492500000000000000e+04
8.495000000000000000e+04
8.497500000000000000e+04
8.500000000000000000e+04
8.502500000000000000e+04
8.505000000000000000e+04
8.507500000000000000e+04
8.510000000000000000e+04
8.512500000000000000e+04
8.515000000000000000e+04
8.517500000000000000e+04
8.520000000000000000e+04
8.522500000000000000e+04
8.525000000000000000e+04
8.527500000000000000e+04
8.530000000000000000e+04
8.532500000000000000e+04
8.535000000000000000e+04
8.537500000000000000e+04
8.540000000000000000e+04
8.542500000000000000e+04
8.545000000000000000e+04
8.547500000000000000e+04
8.550000000000000000e+04
8.552500000000000000e+04
8.555000000000000000e+04
8.557500000000000000e+04
8.560000000000000000e+04
8.562500000000000000e+04
8.565000000000000000e+04
8.567500000000000000e+04
8.570000000000000000e+04
8.572500000000000000e+04
8.575000000000000000e+04
8.577500000000000000e+04
8.580000000000000000e+04
8.582500000000000000e+04
8.585000000000000000e+04
8.587500000000000000e+04
8.590000000000000000e+04
8.592500000000000000e+04
8.595000000000000000e+04
8.597500000000000000e+04
8.600000000000000000e+04
8.602500000000000000e+04
8.605000000000000000e+04
8.607500000000000000e+04
8.610000000000000000e+04
8.612500000000000000e+04
8.615000000000000000e+04
8.617500000000000000e+04
8.620000000000000000e+04
8.622500000000000000e+04
8.625000000000000000e+04
8.627500000000000000e+04
8.630000000000000000e+04
8.632500000000000000e+04
8.635000000000000000e+04
8.637500000000000000e+04
8.640000000000000000e+04
8.642500000000000000e+04
8.645000000000000000e+04
8.647500000000000000e+04
8.650000000000000000e+04
8.652500000000000000e+04
8.655000000000000000e+04
8.657500000000000000e+04
8.660000000000000000e+04
8.662500000000000000e+04
8.665000000000000000e+04
8.667500000000000000e+04
8.670000000000000000e+04
8.672500000000000000e+04
8.675000000000000000e+04
8.677500000000000000e+04
8.680000000000000000e+04
8.682500000000000000e+04
8.685000000000000000e+04
8.687500000000000000e+04
8.690000000000000000e+04
8.692500000000000000e+04
8.695000000000000000e+04
8.697500000000000000e+04
8.700000000000000000e+04
8.702500000000000000e+04
8.705000000000000000e+04
8.707500000000000000e+04
8.710000000000000000e+04
8.712500000000000000e+04
8.715000000000000000e+04
8.717500000000000000e+04
8.720000000000000000e+04
8.722500000000000000e+04
8.725000000000000000e+04
8.727500000000000000e+04
8.730000000000000000e+04
8.732500000000000000e+04
8.735000000000000000e+04
8.737500000000000000e+04
8.740000000000000000e+04
8.742500000000000000e+04
8.745000000000000000e+04
8.747500000000000000e+04
8.750000000000000000e+04
8.752500000000000000e+04
8.755000000000000000e+04
8.757500000000000000e+04
8.760000000000000000e+04
8.762500000000000000e+04
8.765000000000000000e+04
8.767500000000000000e+04
8.770000000000000000e+04
8.772500000000000000e+04
8.775000000000000000e+04
8.777500000000000000e+04
8.780000000000000000e+04
8.782500000000000000e+04
8.785000000000000000e+04
8.787500000000000000e+04
8.790000000000000000e+04
8.792500000000000000e+04
8.795000000000000000e+04
8.797500000000000000e+04
8.800000000000000000e+04
8.802500000000000000e+04
8.805000000000000000e+04
8.807500000000000000e+04
8.810000000000000000e+04
8.812500000000000000e+04
8.815000000000000000e+04
8.817500000000000000e+04
8.820000000000000000e+04
8.822500000000000000e+04
8.825000000000000000e+04
8.827500000000000000e+04
8.830000000000000000e+04
8.832500000000000000e+04
8.835000000000000000e+04
8.837500000000000000e+04
8.840000000000000000e+04
8.842500000000000000e+04
8.845000000000000000e+04
8.847500000000000000e+04
8.850000000000000000e+04
8.852500000000000000e+04
8.855000000000000000e+04
8.857500000000000000e+04
8.860000000000000000e+04
8.862500000000000000e+04
8.865000000000000000e+04
8.867500000000000000e+04
8.870000000000000000e+04
8.872500000000000000e+04
8.875000000000000000e+04
8.877500000000000000e+04
8.880000000000000000e+04
8.882500000000000000e+04
8.885000000000000000e+04
8.887500000000000000e+04
8.890000000000000000e+04
8.892500000000000000e+04
8.895000000000000000e+04
8.897500000000000000e+04
8.900000000000000000e+04
8.902500000000000000e+04
8.905000000000000000e+04
8.907500000000000000e+04
8.910000000000000000e+04
8.912500000000000000e+04
8.915000000000000000e+04
8.917500000000000000e+04
8.920000000000000000e+04
8.922500000000000000e+04
8.925000000000000000e+04
8.927500000000000000e+04
8.930000000000000000e+04
8.932500000000000000e+04
8.935000000000000000e+04
8.937500000000000000e+04
8.940000000000000000e+04
8.942500000000000000e+04
8.945000000000000000e+04
8.947500000000000000e+04
8.950000000000000000e+04
8.952500000000000000e+04
8.955000000000000000e+04
8.957500000000000000e+04
8.960000000000000000e+04
8.962500000000000000e+04
8.965000000000000000e+04
8.967500000000000000e+04
8.970000000000000000e+04
8.972500000000000000e+04
8.975000000000000000e+04
8.977500000000000000e+04
8.980000000000000000e+04
8.982500000000000000e+04
8.985000000000000000e+04
8.987500000000000000e+04
8.990000000000000000e+04
8.992500000000000000e+04
8.995000000000000000e+04
8.997500000000000000e+04
9.000000000000000000e+04
9.002500000000000000e+04
9.005000000000000000e+04
9.007500000000000000e+04
9.010000000000000000e+04
9.012500000000000000e+04
9.015000000000000000e+04
9.017500000000000000e+04
9.020000000000000000e+04
9.022500000000000000e+04
9.025000000000000000e+04
9.027500000000000000e+04
9.030000000000000000e+04
9.032500000000000000e+04
9.035000000000000000e+04
9.037500000000000000e+04
9.040000000000000000e+04
9.042500000000000000e+04
9.045000000000000000e+04
9.047500000000000000e+04
9.050000000000000000e+04
9.052500000000000000e+04
9.055000000000000000e+04
9.057500000000000000e+04
9.060000000000000000e+04
9.062500000000000000e+04
9.065000000000000000e+04
9.067500000000000000e+04
9.070000000000000000e+04
9.072500000000000000e+04
9.075000000000000000e+04
9.077500000000000000e+04
9.080000000000000000e+04
9.082500000000000000e+04
9.085000000000000000e+04
9.087500000000000000e+04
9.090000000000000000e+04
9.092500000000000000e+04
9.095000000000000000e+04
9.097500000000000000e+04
9.100000000000000000e+04
9.102500000000000000e+04
9.105000000000000000e+04
9.107500000000000000e+04
9.110000000000000000e+04
9.112500000000000000e+04
9.115000000000000000e+04
9.117500000000000000e+04
9.120000000000000000e+04
9.122500000000000000e+04
9.125000000000000000e+04
9.127500000000000000e+04
9.130000000000000000e+04
9.132500000000000000e+04
9.135000000000000000e+04
9.137500000000000000e+04
9.140000000000000000e+04
9.142500000000000000e+04
9.145000000000000000e+04
9.147500000000000000e+04
9.150000000000000000e+04
9.152500000000000000e+04
9.155000000000000000e+04
9.157500000000000000e+04
9.160000000000000000e+04
9.162500000000000000e+04
9.165000000000000000e+04
9.167500000000000000e+04
9.170000000000000000e+04
9.172500000000000000e+04
9.175000000000000000e+04
9.177500000000000000e+04
9.180000000000000000e+04
9.182500000000000000e+04
9.185000000000000000e+04
9.187500000000000000e+04
9.190000000000000000e+04
9.192500000000000000e+04
9.195000000000000000e+04
9.197500000000000000e+04
9.200000000000000000e+04
9.202500000000000000e+04
9.205000000000000000e+04
9.207500000000000000e+04
9.210000000000000000e+04
9.212500000000000000e+04
9.215000000000000000e+04
9.217500000000000000e+04
9.220000000000000000e+04
9.222500000000000000e+04
9.225000000000000000e+04
9.227500000000000000e+04
9.230000000000000000e+04
9.232500000000000000e+04
9.235000000000000000e+04
9.237500000000000000e+04
9.240000000000000000e+04
9.242500000000000000e+04
9.245000000000000000e+04
9.247500000000000000e+04
9.250000000000000000e+04
9.252500000000000000e+04
9.255000000000000000e+04
9.257500000000000000e+04
9.260000000000000000e+04
9.262500000000000000e+04
9.265000000000000000e+04
9.267500000000000000e+04
9.270000000000000000e+04
9.272500000000000000e+04
9.275000000000000000e+04
9.277500000000000000e+04
9.280000000000000000e+04
9.282500000000000000e+04
9.285000000000000000e+04
9.287500000000000000e+04
9.290000000000000000e+04
9.292500000000000000e+04
9.295000000000000000e+04
9.297500000000000000e+04
9.300000000000000000e+04
9.302500000000000000e+04
9.305000000000000000e+04
9.307500000000000000e+04
9.310000000000000000e+04
9.312500000000000000e+04
9.315000000000000000e+04
9.317500000000000000e+04
9.320000000000000000e+04
9.322500000000000000e+04
9.325000000000000000e+04
9.327500000000000000e+04
9.330000000000000000e+04
9.332500000000000000e+04
9.335000000000000000e+04
9.337500000000000000e+04
9.340000000000000000e+04
9.342500000000000000e+04
9.345000000000000000e+04
9.347500000000000000e+04
9.350000000000000000e+04
9.352500000000000000e+04
9.355000000000000000e+04
9.357500000000000000e+04
9.360000000000000000e+04
9.362500000000000000e+04
9.365000000000000000e+04
9.367500000000000000e+04
9.370000000000000000e+04
9.372500000000000000e+04
9.375000000000000000e+04
9.377500000000000000e+04
9.380000000000000000e+04
9.382500000000000000e+04
9.385000000000000000e+04
9.387500000000000000e+04
9.390000000000000000e+04
9.392500000000000000e+04
9.395000000000000000e+04
9.397500000000000000e+04
9.400000000000000000e+04
9.402500000000000000e+04
9.405000000000000000e+04
9.407500000000000000e+04
9.410000000000000000e+04
9.412500000000000000e+04
9.415000000000000000e+04
9.417500000000000000e+04
9.420000000000000000e+04
9.422500000000000000e+04
9.425000000000000000e+04
9.427500000000000000e+04
9.430000000000000000e+04
9.432500000000000000e+04
9.435000000000000000e+04
9.437500000000000000e+04
9.440000000000000000e+04
9.442500000000000000e+04
9.445000000000000000e+04
9.447500000000000000e+04
9.450000000000000000e+04
9.452500000000000000e+04
9.455000000000000000e+04
9.457500000000000000e+04
9.460000000000000000e+04
9.462500000000000000e+04
9.465000000000000000e+04
9.467500000000000000e+04
9.470000000000000000e+04
9.472500000000000000e+04
9.475000000000000000e+04
9.477500000000000000e+04
9.480000000000000000e+04
9.482500000000000000e+04
9.485000000000000000e+04
9.487500000000000000e+04
9.490000000000000000e+04
9.492500000000000000e+04
9.495000000000000000e+04
9.497500000000000000e+04
9.500000000000000000e+04
9.502500000000000000e+04
9.505000000000000000e+04
9.507500000000000000e+04
9.510000000000000000e+04
9.512500000000000000e+04
9.515000000000000000e+04
9.517500000000000000e+04
9.520000000000000000e+04
9.522500000000000000e+04
9.525000000000000000e+04
9.527500000000000000e+04
9.530000000000000000e+04
9.532500000000000000e+04
9.535000000000000000e+04
9.537500000000000000e+04
9.540000000000000000e+04
9.542500000000000000e+04
9.545000000000000000e+04
9.547500000000000000e+04
9.550000000000000000e+04
9.552500000000000000e+04
9.555000000000000000e+04
9.557500000000000000e+04
9.560000000000000000e+04
9.562500000000000000e+04
9.565000000000000000e+04
9.567500000000000000e+04
9.570000000000000000e+04
9.572500000000000000e+04
9.575000000000000000e+04
9.577500000000000000e+04
9.580000000000000000e+04
9.582500000000000000e+04
9.585000000000000000e+04
9.587500000000000000e+04
9.590000000000000000e+04
9.592500000000000000e+04
9.595000000000000000e+04
9.597500000000000000e+04
9.600000000000000000e+04
9.602500000000000000e+04
9.605000000000000000e+04
9.607500000000000000e+04
9.610000000000000000e+04
9.612500000000000000e+04
9.615000000000000000e+04
9.617500000000000000e+04
9.620000000000000000e+04
9.622500000000000000e+04
9.625000000000000000e+04
9.627500000000000000e+04
9.630000000000000000e+04
9.632500000000000000e+04
9.635000000000000000e+04
9.637500000000000000e+04
9.640000000000000000e+04
9.642500000000000000e+04
9.645000000000000000e+04
9.647500000000000000e+04
9.650000000000000000e+04
9.652500000000000000e+04
9.655000000000000000e+04
9.657500000000000000e+04
9.660000000000000000e+04
9.662500000000000000e+04
9.665000000000000000e+04
9.667500000000000000e+04
9.670000000000000000e+04
9.672500000000000000e+04
9.675000000000000000e+04
9.677500000000000000e+04
9.680000000000000000e+04
9.682500000000000000e+04
9.685000000000000000e+04
9.687500000000000000e+04
9.690000000000000000e+04
9.692500000000000000e+04
9.695000000000000000e+04
9.697500000000000000e+04
9.700000000000000000e+04
9.702500000000000000e+04
9.705000000000000000e+04
9.707500000000000000e+04
9.710000000000000000e+04
9.712500000000000000e+04
9.715000000000000000e+04
9.717500000000000000e+04
9.720000000000000000e+04
9.722500000000000000e+04
9.725000000000000000e+04
9.727500000000000000e+04
9.730000000000000000e+04
9.732500000000000000e+04
9.735000000000000000e+04
9.737500000000000000e+04
9.740000000000000000e+04
9.742500000000000000e+04
9.745000000000000000e+04
9.747500000000000000e+04
9.750000000000000000e+04
9.752500000000000000e+04
9.755000000000000000e+04
9.757500000000000000e+04
9.760000000000000000e+04
9.762500000000000000e+04
9.765000000000000000e+04
9.767500000000000000e+04
9.770000000000000000e+04
9.772500000000000000e+04
9.775000000000000000e+04
9.777500000000000000e+04
9.780000000000000000e+04
9.782500000000000000e+04
9.785000000000000000e+04
9.787500000000000000e+04
9.790000000000000000e+04
9.792500000000000000e+04
9.795000000000000000e+04
9.797500000000000000e+04
9.800000000000000000e+04
9.802500000000000000e+04
9.805000000000000000e+04
9.807500000000000000e+04
9.810000000000000000e+04
9.812500000000000000e+04
9.815000000000000000e+04
9.817500000000000000e+04
9.820000000000000000e+04
9.822500000000000000e+04
9.825000000000000000e+04
9.827500000000000000e+04
9.830000000000000000e+04
9.832500000000000000e+04
9.835000000000000000e+04
9.837500000000000000e+04
9.840000000000000000e+04
9.842500000000000000e+04
9.845000000000000000e+04
9.847500000000000000e+04
9.850000000000000000e+04
9.852500000000000000e+04
9.855000000000000000e+04
9.857500000000000000e+04
9.860000000000000000e+04
9.862500000000000000e+04
9.865000000000000000e+04
9.867500000000000000e+04
9.870000000000000000e+04
9.872500000000000000e+04
9.875000000000000000e+04
9.877500000000000000e+04
9.880000000000000000e+04
9.882500000000000000e+04
9.885000000000000000e+04
9.887500000000000000e+04
9.890000000000000000e+04
9.892500000000000000e+04
9.895000000000000000e+04
9.897500000000000000e+04
9.900000000000000000e+04
9.902500000000000000e+04
9.905000000000000000e+04
9.907500000000000000e+04
