3.367960453033447266e-03
-1.873653149232268333e-03
2.718296367675065994e-03
-3.631686866283416748e-01
3.309982363134622574e-03
7.742320001125335693e-02
1.093932241201400757e-02
6.642673164606094360e-02
2.399010211229324341e-02
1.326743792742490768e-02
3.217161633074283600e-03
-2.235733845736831427e-04
1.209923904389142990e-02
-3.598255862016230822e-04
-1.894835266284644604e-03
-1.239347681403160095e-01
-3.487997949123382568e-01
-5.339567661285400391e-01
-2.070470452308654785e-01
9.425480384379625320e-04
-7.778451545163989067e-04
8.033382892608642578e-02
3.146362956613302231e-03
4.042378067970275879e-02
6.141316890716552734e-02
-1.459162950515747070e+00
-2.075894735753536224e-03
-8.827034384012222290e-03
-8.906156290322542191e-04
1.799474358558654785e-01
3.557515796273946762e-03
1.532091293483972549e-03
-4.899663035757839680e-04
-1.811378868296742439e-03
1.038638502359390259e-01
7.807535678148269653e-02
1.106603369116783142e-01
6.681057624518871307e-03
2.341581042855978012e-03
2.282589487731456757e-02
-1.840322911739349365e-01
1.090826243162155151e-01
-1.831364929676055908e-01
-6.317771971225738525e-02
1.330502033233642578e-01
-9.488986730575561523e-01
8.861896581947803497e-03
7.977563887834548950e-02
2.808277262374758720e-03
4.040933679789304733e-03
8.180730044841766357e-03
-1.033861190080642700e-03
-6.630558636970818043e-04
3.549921885132789612e-02
9.265998750925064087e-02
4.663373529911041260e-02
4.340789467096328735e-02
2.172922194004058838e-01
6.129002431407570839e-04
4.362847656011581421e-03
1.766172703355550766e-03
2.900729477405548096e-01
4.249290376901626587e-02
-6.263946741819381714e-02
2.441842555999755859e+00
8.171225199475884438e-04
1.764719747006893158e-02
1.737864315509796143e-02
-4.118404388427734375e-01
5.090579390525817871e-01
3.730884520336985588e-03
5.700022447854280472e-03
7.825877517461776733e-02
6.694571580737829208e-03
1.616230607032775879e-01
9.243522584438323975e-02
-2.597891143523156643e-04
-3.261903068050742149e-03
7.745663076639175415e-02
2.336947247385978699e-02
-2.366732340306043625e-03
5.606244504451751709e-02
4.117958247661590576e-03
4.834281653165817261e-02
-6.424143314361572266e-01
-1.578570925630629063e-03
9.288255870342254639e-02
4.850536584854125977e-02
2.008825242519378662e-01
1.598320435732603073e-03
5.445735529065132141e-02
3.151640994474291801e-03
3.470396623015403748e-02
2.637007506564259529e-03
1.900804229080677032e-03
7.826268556527793407e-04
1.805335879325866699e-01
-4.621636867523193359e+00
-3.646091222763061523e-01
1.340126097202301025e-01
-5.316561087965965271e-03
1.450249366462230682e-02
1.290238928049802780e-03
1.111241173930466175e-03
5.199069157242774963e-03
3.607839941978454590e-01
8.836903609335422516e-03
-1.157803982496261597e-01
3.684322349727153778e-03
8.779637864790856838e-04
2.595071315765380859e+00
-1.214569568634033203e+00
6.372490897774696350e-04
5.261099711060523987e-02
-3.712841272354125977e-01
5.118909757584333420e-03
7.227174937725067139e-02
1.221674457192420959e-01
7.993868738412857056e-02
1.641012430191040039e-01
2.626632573083043098e-03
3.359037451446056366e-03
2.416417188942432404e-02
-4.020499587059020996e-01
7.222834974527359009e-02
9.376298636198043823e-02
2.339394297450780869e-03
2.479455666616559029e-03
-5.223700404167175293e-02
9.157214313745498657e-03
7.615239592269062996e-04
3.280241042375564575e-03
-1.112239658832550049e-01
-4.589674063026905060e-04
-2.296084165573120117e-01
-2.505054473876953125e-01
-8.838291466236114502e-02
-9.759656190872192383e-01
-2.214662432670593262e-01
1.113859121687710285e-03
7.080843206495046616e-04
-6.124239414930343628e-03
-2.506931079551577568e-03
-1.383355702273547649e-03
3.726241886615753174e-01
6.250279545783996582e-01
-1.559108495712280273e-03
2.241967245936393738e-02
-1.585228717885911465e-03
1.069973339326679707e-03
-6.330753862857818604e-02
1.249698456376791000e-03
9.470314718782901764e-03
7.628655433654785156e-02
2.155622243881225586e-01
-6.083078682422637939e-03
3.530322574079036713e-03
8.484342833980917931e-04
1.010598801076412201e-02
5.443394184112548828e-03
3.531609177589416504e-01
1.275068032555282116e-03
-1.959489881992340088e-01
-2.189133614301681519e-01
7.545875012874603271e-02
1.155202509835362434e-03
3.396705910563468933e-02
9.293434023857116699e-02
-5.428465843200683594e+00
1.178772330284118652e+00
3.073798306286334991e-02
1.682735863141715527e-03
3.167628077790141106e-03
4.496586322784423828e-02
6.374561227858066559e-03
5.148968659341335297e-03
8.694714866578578949e-03
-7.576825469732284546e-02
6.487526744604110718e-02
3.222271567210555077e-03
-3.967635929584503174e-01
1.319543123245239258e-01
2.372317481786012650e-03
1.687581185251474380e-03
3.811511695384979248e-01
5.680728703737258911e-02
-4.397016600705683231e-04
-2.650917172431945801e-01
3.429071977734565735e-03
3.685249015688896179e-03
3.138119354844093323e-03
5.467204004526138306e-02
-7.718314300291240215e-04
2.323451638221740723e-02
-3.139805495738983154e-01
-2.260481417179107666e-01
6.269991397857666016e-03
1.223709434270858765e-02
-1.292866319417953491e-01
1.106051844544708729e-03
6.749405525624752045e-03
-1.153144538402557373e-01
1.175280660390853882e-02
1.677311141975224018e-03
8.076813071966171265e-02
-8.737720199860632420e-04
-2.165350914001464844e-01
9.324042201042175293e-01
1.792087778449058533e-02
6.433134078979492188e-01
1.716903448104858398e-01
-6.074415054172277451e-03
-3.011131882667541504e-01
8.159933984279632568e-02
1.948447339236736298e-02
1.618744106963276863e-03
3.326732218265533447e-01
-1.049531158059835434e-03
-9.414890664629638195e-04
1.139128464274108410e-03
-1.237476128153502941e-03
-1.982196699827909470e-03
3.439017534255981445e-01
1.590232597663998604e-03
1.780685409903526306e-02
9.433243423700332642e-03
2.313948003575205803e-03
-1.621935283765196800e-03
8.972492069005966187e-02
2.730663493275642395e-02
-1.617773668840527534e-03
-4.436824798583984375e+00
3.719503432512283325e-02
1.440400141291320324e-03
9.898404777050018311e-02
-9.173860549926757812e-01
-6.435173563659191132e-04
3.623085096478462219e-03
-2.130042791366577148e+00
-3.965922805946320295e-04
6.526946090161800385e-03
2.795564755797386169e-02
3.807794302701950073e-03
8.560552448034286499e-02
-2.385216765105724335e-03
4.365298897027969360e-03
1.207749010063707829e-03
7.669164985418319702e-02
9.399537928402423859e-03
-9.396992623805999756e-03
1.764697371982038021e-03
3.048334270715713501e-02
3.545329906046390533e-03
2.532504033297300339e-03
-2.251295372843742371e-03
-3.320520743727684021e-03
2.661755122244358063e-02
6.932150106877088547e-03
1.868155747652053833e-01
4.901634901762008667e-02
8.918148279190063477e-02
9.266647696495056152e-02
5.156477913260459900e-02
1.692538149654865265e-03
3.619387745857238770e-03
9.360925294458866119e-03
1.236486062407493591e-02
1.859334181062877178e-03
1.681955158710479736e-02
3.128334045410156250e+01
-2.283742360305041075e-04
4.133261740207672119e-02
7.984641706570982933e-04
-1.944042276591062546e-03
1.879670540802180767e-03
2.203379292041063309e-03
5.550023168325424194e-02
-2.331901341676712036e-01
3.551078028976917267e-03
-6.504212319850921631e-02
3.011751174926757812e-02
-2.523178815841674805e+00
-5.669013038277626038e-02
-4.420931637287139893e-02
1.597613096237182617e-03
6.806607823818922043e-03
4.625340551137924194e-02
7.955621182918548584e-02
-6.031841039657592773e-03
-2.069278270937502384e-04
8.878673426806926727e-03
-5.482261767610907555e-04
3.385544288903474808e-03
-5.097395274788141251e-03
3.682776819914579391e-03
3.768431544303894043e-01
2.730479929596185684e-03
1.441833227872848511e-01
-3.437992095947265625e+00
4.436093568801879883e-02
-2.327390247955918312e-03
-3.298026621341705322e-01
2.811889946460723877e-01
1.089238375425338745e-01
3.868988528847694397e-02
1.065363921225070953e-02
-1.754504203796386719e+00
-6.654206514358520508e-01
-4.219934940338134766e-01
-2.837575376033782959e-01
4.408448189496994019e-02
5.354894697666168213e-02
1.965801566839218140e-01
2.761306762695312500e-01
1.102065388113260269e-02
-1.993755344301462173e-03
9.214065968990325928e-02
1.631512073799967766e-03
1.981766894459724426e-02
6.849294900894165039e-02
-7.500912761315703392e-04
-1.771409958600997925e-01
2.108469139784574509e-03
1.063728630542755127e-01
-2.096851821988821030e-03
2.411550842225551605e-02
2.498064888641238213e-03
-8.665997982025146484e-01
2.439228248596191406e+01
5.059452727437019348e-02
-3.900371074676513672e+00
7.668502628803253174e-02
8.485639840364456177e-02
-3.442714223638176918e-03
-4.918074309825897217e-01
1.391401048749685287e-03
-1.080907583236694336e-01
7.096140086650848389e-02
6.616997998207807541e-04
-3.579551875591278076e-01
5.065547302365303040e-03
2.350073773413896561e-03
2.594775147736072540e-02
-6.111703813076019287e-03
-7.261037244461476803e-04
6.414146628230810165e-03
-3.113890290260314941e-01
2.805445808917284012e-03
7.567594647407531738e-01
4.492103122174739838e-03
-1.222888529300689697e-01
-1.907752454280853271e-01
1.460324674844741821e-01
1.964059770107269287e-01
7.719327695667743683e-03
8.014414925128221512e-04
1.183374822139739990e-01
2.368713496252894402e-03
-4.193752765655517578e+00
-1.322310767136514187e-03
2.843688428401947021e-02
-1.961552351713180542e-02
7.683311589062213898e-03
-1.605872064828872681e-01
2.728834934532642365e-02
3.522148821502923965e-03
1.535728690214455128e-03
-5.469132214784622192e-02
2.312359586358070374e-02
2.811931818723678589e-02
8.984245359897613525e-02
7.982203364372253418e-02
6.099295020103454590e-01
2.340266015380620956e-03
5.574349313974380493e-02
-5.977941676974296570e-03
-7.777288556098937988e-04
6.473115682601928711e-01
3.868730971589684486e-03
1.067430363036692142e-03
1.520130038261413574e-02
1.115784980356693268e-03
1.157012418843805790e-03
7.980185151100158691e-01
1.148001058027148247e-03
2.688641892746090889e-03
3.457028884440660477e-03
9.461975656449794769e-03
1.472256146371364594e-02
3.136965679004788399e-03
3.859596326947212219e-04
-1.327032456174492836e-03
5.727015435695648193e-03
1.196854412555694580e-01
1.576239243149757385e-03
4.386987909674644470e-02
