1.985410094261169434e+00
-1.515189170837402344e+00
-4.707959890365600586e-01
-7.908780127763748169e-02
-2.927692979574203491e-02
-1.104422938078641891e-02
-5.449975132942199707e-01
-5.499241352081298828e-01
-2.171902507543563843e-01
-2.575844991952180862e-03
-1.425127685070037842e-01
-8.940764702856540680e-03
1.289721965789794922e+00
-1.298988144844770432e-02
-3.537114942446351051e-03
-2.143333107233047485e-02
-6.791639924049377441e-01
-3.832083642482757568e-01
-2.606702744960784912e-01
-1.034174673259258270e-02
-1.097688317298889160e+00
-1.622494459152221680e-01
-4.632747173309326172e-01
-9.945009369403123856e-04
-1.002305448055267334e-01
-3.490014076232910156e-01
3.297832608222961426e-01
-5.092858076095581055e-01
6.218289025127887726e-03
-4.801229238510131836e-01
-8.406056091189384460e-03
-5.649238228797912598e-01
-1.560140494257211685e-02
-3.754548132419586182e-01
1.040720701217651367e+00
-3.756990730762481689e-01
-1.434689108282327652e-02
-4.703366011381149292e-02
-1.612776815891265869e-01
-7.565497886389493942e-03
-2.101044356822967529e-01
1.532217979431152344e+00
-1.942965984344482422e-01
1.329167038202285767e-01
-2.354371920228004456e-02
-2.682754397392272949e-01
-1.679471731185913086e-01
-7.924305647611618042e-02
-4.789030551910400391e-02
-1.719476580619812012e-01
-2.318982183933258057e-01
-1.311131119728088379e-01
-3.407939895987510681e-02
-4.975857445970177650e-04
1.241358876228332520e+00
3.449256764724850655e-04
-1.224679231643676758e+00
-1.020112112164497375e-01
-8.888804167509078979e-02
-4.928277432918548584e-02
-5.461874008178710938e-01
-4.701631888747215271e-02
-8.177576959133148193e-02
-4.999017119407653809e-01
-1.730364561080932617e-01
-4.380837827920913696e-02
-1.554291248321533203e+00
9.223892688751220703e-01
-1.902589499950408936e-01
-9.982045739889144897e-03
9.569738507270812988e-01
-4.051792025566101074e-01
-1.439215689897537231e-01
-2.350758388638496399e-02
-1.499836705625057220e-02
-1.435592211782932281e-02
-5.499014258384704590e-02
-1.737283468246459961e-01
-5.759886503219604492e-01
-8.413377404212951660e-02
-2.123273760080337524e-01
-1.759279668331146240e-01
6.284085512161254883e-01
-1.454388350248336792e-02
-1.371889352798461914e+00
-2.179631032049655914e-03
-1.021836251020431519e-01
-5.352157354354858398e-02
9.908391237258911133e-01
-3.597051277756690979e-02
-6.639708299189805984e-04
-5.968050360679626465e-01
6.881927251815795898e-01
-7.220838684588670731e-03
-2.201088964939117432e-01
-2.877700328826904297e-02
-4.361455328762531281e-03
-9.461228549480438232e-02
-1.235085260123014450e-02
-3.593532368540763855e-02
-3.081383183598518372e-03
4.212317466735839844e-01
4.828134924173355103e-02
-4.672296047210693359e-01
-2.745664119720458984e-01
-1.024660281836986542e-02
-2.437808364629745483e-01
-1.065712943673133850e-01
-1.249308586120605469e-01
-2.934666723012924194e-02
-3.571736514568328857e-01
-6.443771123886108398e-01
-8.016183972358703613e-02
-1.619274541735649109e-02
-6.249974295496940613e-02
8.816683292388916016e-01
-2.193996682763099670e-03
6.274812698364257812e+00
-1.854790374636650085e-02
-5.773198604583740234e-01
-7.911304384469985962e-02
-2.088057994842529297e-01
-1.097227260470390320e-01
-5.966799259185791016e-01
-1.089259609580039978e-02
-1.817046999931335449e-01
1.029156804084777832e+00
-1.383384689688682556e-03
-1.712479628622531891e-02
-9.293316304683685303e-02
-1.072608709335327148e+00
-1.458897143602371216e-01
-5.022556185722351074e-01
8.263683319091796875e-01
-1.094883799552917480e+00
-2.275775559246540070e-02
-2.038610726594924927e-01
-2.158061414957046509e-01
-5.019578337669372559e-02
-4.114019684493541718e-03
-6.507016718387603760e-02
-1.205501705408096313e-02
-2.819794118404388428e-01
-2.223142981529235840e-02
8.762799501419067383e-01
-1.858256608247756958e-01
1.029824972152709961e+00
-3.628841042518615723e-02
-2.105483599007129669e-02
-1.190472990274429321e-01
-1.065466478466987610e-01
-1.199533231556415558e-02
-4.070680588483810425e-02
3.493037223815917969e+00
-5.950192734599113464e-02
-5.348825454711914062e-01
-2.018026858568191528e-01
-1.323472261428833008e-01
-4.314170684665441513e-03
-3.832148760557174683e-02
-1.511398237198591232e-02
-2.242214530706405640e-01
-8.263784646987915039e-02
-6.925964951515197754e-01
-3.520671278238296509e-02
-5.030648708343505859e-01
-2.986832261085510254e-01
-5.510892271995544434e-01
9.371098875999450684e-01
-7.452689856290817261e-02
2.150049686431884766e+00
-6.824342161417007446e-02
1.004032492637634277e+00
1.644491314888000488e+00
-6.084660813212394714e-02
-6.641474962234497070e-01
4.893087387084960938e+00
-1.122289150953292847e-02
-1.785070002079010010e-01
-1.180802751332521439e-02
-1.128794908523559570e+00
-6.812702119350433350e-02
-3.060653060674667358e-02
2.607251750305294991e-03
-6.242179498076438904e-02
-4.980527609586715698e-02
-7.547182589769363403e-02
-7.126295566558837891e-01
-9.162863343954086304e-02
-1.441088020801544189e-01
-2.514103986322879791e-02
-1.081967446953058243e-02
2.638104915618896484e+00
-1.840919256210327148e-03
3.093427419662475586e-01
-6.455172896385192871e-01
-8.614473976194858551e-03
-4.641746636480093002e-03
-3.316653519868850708e-02
-2.545083165168762207e-01
-1.193514943122863770e+00
-1.585012435913085938e+00
-1.402564793825149536e-01
2.617748975753784180e-01
-6.521001458168029785e-03
-1.151874661445617676e-03
-6.272936612367630005e-02
-1.182034797966480255e-02
-1.035425588488578796e-01
1.471826434135437012e-01
2.806615084409713745e-03
-1.873205900192260742e-01
-1.823573261499404907e-01
-6.135748028755187988e-01
-1.310141570866107941e-02
8.670856952667236328e-01
-7.595875300467014313e-03
3.883473109453916550e-04
-3.319458365440368652e-01
1.270081281661987305e+00
-3.632897138595581055e-01
6.002898216247558594e-01
-3.111131191253662109e-01
-2.811427116394042969e-01
1.602592468261718750e+00
-2.716976590454578400e-02
-1.838204264640808105e-02
-1.333636231720447540e-03
-2.546166256070137024e-02
-1.259503662586212158e-01
4.634369015693664551e-01
-2.783792316913604736e-01
1.481797575950622559e+00
8.674361705780029297e-01
-9.860485792160034180e-01
-4.767987411469221115e-03
-1.707534641027450562e-01
-1.962529420852661133e-01
5.099138021469116211e-01
6.021825596690177917e-03
-7.759474217891693115e-02
-9.687146544456481934e-02
-8.865758776664733887e-03
-1.652079463005065918e+00
-1.177879795432090759e-02
-3.562006652355194092e-01
-1.305611990392208099e-02
-7.654473185539245605e-02
-1.835975237190723419e-02
-2.015716582536697388e-02
-4.893901199102401733e-02
-2.899904968217015266e-03
-2.779792062938213348e-03
-5.960873328149318695e-03
5.229732513427734375e+00
-1.931288003921508789e+00
-1.092584505677223206e-01
-6.988865137100219727e-01
-9.382898919284343719e-03
2.111630678176879883e+00
-2.878392487764358521e-02
-3.738697618246078491e-02
-4.073531031608581543e-01
-6.204077601432800293e-01
-1.437998712062835693e-01
-4.915868043899536133e-01
-1.292359530925750732e-01
-1.918536126613616943e-01
-9.269846975803375244e-02
-6.167007237672805786e-02
-1.281384937465190887e-02
-2.941608726978302002e-01
-2.408191934227943420e-02
-1.901647150516510010e-01
-1.265727914869785309e-02
-1.667983531951904297e-01
-1.771072000265121460e-01
-4.724436998367309570e-02
-2.328997477889060974e-03
-1.275794804096221924e-01
-2.482428029179573059e-02
-6.957233697175979614e-02
-9.989461302757263184e-02
-3.356612324714660645e-01
-1.059525758028030396e-01
-1.331855952739715576e-01
1.147390127182006836e+00
-2.114887714385986328e+00
1.436838626861572266e+00
-8.939810097217559814e-03
1.286401510238647461e+00
-1.191879995167255402e-02
1.550150662660598755e-02
-4.020253121852874756e-01
-8.510065823793411255e-02
-1.947108387947082520e+00
5.250143408775329590e-01
-2.370350994169712067e-02
-5.728626996278762817e-02
-1.168275699019432068e-01
7.476786375045776367e-01
-1.571644097566604614e-03
-6.656762212514877319e-02
-1.400801092386245728e-01
-1.861475706100463867e-01
-2.459450438618659973e-02
-8.603184483945369720e-03
-5.888634324073791504e-01
-1.739474385976791382e-02
-3.906671702861785889e-02
-6.610102206468582153e-02
1.129791736602783203e+00
-3.477342426776885986e-01
-1.314221322536468506e-02
1.280842781066894531e+00
-2.240537665784358978e-03
-2.847067117691040039e-01
-6.123473048210144043e-01
2.202802658081054688e+00
-4.508711695671081543e-01
-2.123562246561050415e-02
-1.413341611623764038e-01
-3.164296224713325500e-02
-6.380863487720489502e-03
9.713644385337829590e-01
1.269710250198841095e-02
1.476932764053344727e-01
-2.769790822640061378e-03
-4.812889099121093750e-01
-5.823957920074462891e-01
-4.433367848396301270e-01
-9.029778651893138885e-03
-3.095831274986267090e-01
-1.002116128802299500e-01
-1.093071699142456055e-02
-3.826363012194633484e-03
-2.862248942255973816e-02
-3.928738646209239960e-03
-4.457542672753334045e-03
7.689805328845977783e-02
-7.802823185920715332e-02
-1.346999662928283215e-03
-7.753420621156692505e-03
-1.198078170418739319e-01
-4.773163795471191406e-01
-4.594345688819885254e-01
-1.042357921600341797e+00
-6.295787096023559570e-01
-2.736270194873213768e-03
-1.457753896713256836e+00
-4.904243350028991699e-02
-4.481846094131469727e-02
-7.268986105918884277e-02
1.564651131629943848e-01
-3.630768358707427979e-01
-1.159757748246192932e-01
-5.679198354482650757e-02
-4.014007002115249634e-02
-5.472003221511840820e-01
-4.710078239440917969e-03
-3.756985440850257874e-02
1.273349761962890625e+00
7.528301328420639038e-03
-4.687636625021696091e-03
-8.854961395263671875e-02
-2.928452491760253906e-01
-8.707270026206970215e-02
-2.382424101233482361e-02
-1.296996355056762695e+00
-7.873214781284332275e-02
-3.960050344467163086e-01
-9.765981137752532959e-02
1.251590967178344727e+00
-2.117120623588562012e-01
-3.187947571277618408e-01
-1.428828835487365723e-01
-6.080930233001708984e-01
-1.211241818964481354e-02
6.068047285079956055e-01
-1.688583754003047943e-03
-2.122012376785278320e-01
-3.055520355701446533e-02
-1.936542987823486328e-02
-5.993685871362686157e-02
1.670670323073863983e-02
-1.184898428618907928e-02
9.183496236801147461e-02
-4.097393527626991272e-02
-8.759932592511177063e-03
-1.735140336677432060e-03
-4.692928493022918701e-02
-2.802902832627296448e-02
-8.099544048309326172e-02
-7.621363550424575806e-02
-5.306847691535949707e-01
-3.243991136550903320e-01
-2.109773457050323486e-02
-5.138921141624450684e-01
1.682203635573387146e-02
-1.582899987697601318e-01
-1.257611662149429321e-01
1.307202428579330444e-01
2.022592872381210327e-01
-1.439346224069595337e-01
-5.422743558883666992e-01
-5.315344333648681641e-01
1.361330747604370117e-01
1.643177866935729980e+00
-4.760499298572540283e-02
-1.528564542531967163e-01
-2.159724012017250061e-02
-6.476536393165588379e-03
-1.547177433967590332e-01
-5.791463851928710938e-01
-2.739379405975341797e-01
-2.768640518188476562e-01
-3.557571023702621460e-02
-1.071087643504142761e-02
-1.080587029457092285e+00
-4.076237231492996216e-02
-9.118045680224895477e-03
-2.083038985729217529e-01
-2.978799343109130859e-01
-1.226383894681930542e-01
-3.809856623411178589e-02
4.565378189086914062e+00
-2.088387729600071907e-03
-9.362348355352878571e-03
-2.002100460231304169e-03
-1.566503662616014481e-03
-6.961095333099365234e-01
2.297692699357867241e-03
-8.952124416828155518e-02
-6.165502965450286865e-02
8.821808099746704102e-01
-1.355735361576080322e-01
-1.200606487691402435e-02
-6.170798540115356445e-01
2.184393815696239471e-04
-3.336162492632865906e-02
-9.583697468042373657e-02
-5.136808156967163086e-01
-2.219025194644927979e-01
-2.975722774863243103e-02
-1.206136588007211685e-02
-2.490609511733055115e-02
-2.081109955906867981e-02
-1.348970651626586914e+00
-5.159621685743331909e-02
5.127797126770019531e-01
-4.857187867164611816e-01
-1.976804435253143311e-01
-1.352549158036708832e-02
-4.643017053604125977e-02
-1.020481958985328674e-01
-1.599696427583694458e-01
-3.742386773228645325e-02
-2.857122421264648438e-01
-3.968744874000549316e-01
-4.555444791913032532e-02
-1.179000660777091980e-01
-1.017300412058830261e-02
-8.186396211385726929e-03
-4.427024722099304199e-01
-5.052231997251510620e-02
-7.833361625671386719e-02
-4.732235074043273926e-01
-1.493518054485321045e-01
-7.750329375267028809e-02
-1.279390156269073486e-01
9.887011349201202393e-02
-7.326798979192972183e-03
-1.177338361740112305e+00
-9.894287213683128357e-03
-2.021520584821701050e-01
-7.363334298133850098e-03
-1.153653144836425781e+00
1.979263186454772949e+00
-1.759357750415802002e-01
-1.538946107029914856e-02
4.365191161632537842e-01
1.236672401428222656e+00
6.167604327201843262e-01
-1.082022339105606079e-01
3.006161451339721680e+00
6.908816099166870117e-01
5.069909617304801941e-03
-3.519699275493621826e-01
-3.963551484048366547e-03
-2.394496230408549309e-03
-6.807279586791992188e-01
-1.550118718296289444e-02
-2.457606140524148941e-03
-2.508144825696945190e-03
-3.126208204776048660e-03
3.695652484893798828e-01
-2.894056439399719238e-01
1.101548910140991211e+00
-1.288201361894607544e-01
-4.661218263208866119e-03
-7.089289836585521698e-03
-8.229421451687812805e-03
-1.812048435211181641e+00
-3.333069756627082825e-02
-6.139530614018440247e-02
-1.424895524978637695e-01
6.952828764915466309e-01
-1.805930398404598236e-02
-3.700937628746032715e-01
-4.334307275712490082e-03
-5.266453623771667480e-01
-8.996970951557159424e-03
1.315423488616943359e+00
-2.993836104869842529e-01
1.348591875284910202e-03
-2.837832868099212646e-01
-5.152772665023803711e-01
-1.733769416809082031e+00
-2.592220306396484375e-01
-1.005960226058959961e+00
2.342911064624786377e-01
-1.742798835039138794e-01
-9.348647668957710266e-03
-8.916499093174934387e-03
-7.290898561477661133e-01
-1.645279228687286377e-01
-3.045332431793212891e-01
-4.859505891799926758e-01
-5.334430932998657227e-01
1.238017797470092773e+00
-4.376127123832702637e-01
-1.283253133296966553e-01
-5.438861250877380371e-01
-1.214773766696453094e-02
-4.929390549659729004e-01
-9.852981567382812500e-02
-3.451470285654067993e-03
-2.139149233698844910e-02
-2.675721421837806702e-03
-6.109224557876586914e-01
-7.824814319610595703e-01
-7.085573673248291016e-02
-8.321948349475860596e-02
-2.824540436267852783e-02
-4.975725412368774414e-01
-9.978665113449096680e-01
7.819040417671203613e-01
-2.675310373306274414e-01
-1.664656028151512146e-02
-1.821643859148025513e-02
-9.377697855234146118e-02
-2.403899729251861572e-01
2.103068530559539795e-01
-4.572418332099914551e-01
-4.937794059514999390e-03
-2.072298899292945862e-02
-7.137664593756198883e-03
3.729704618453979492e-01
-2.599578164517879486e-02
1.597680449485778809e+00
-1.431421786546707153e-01
2.115297555923461914e+00
2.313141971826553345e-01
-2.840158939361572266e-01
1.590713262557983398e+00
-3.682268410921096802e-02
-3.063302021473646164e-03
-7.310301880352199078e-04
4.568655014038085938e+00
-8.778831362724304199e-02
-7.293104529380798340e-01
8.123528212308883667e-03
-1.917221307754516602e+00
-6.108405441045761108e-02
-5.643246173858642578e-01
-4.019880201667547226e-03
-1.388897467404603958e-02
1.053589344024658203e+00
-4.844580963253974915e-02
-9.506160020828247070e-02
-1.190130949020385742e+00
-2.046100795269012451e-01
1.968674659729003906e+00
-5.056250095367431641e-01
-2.065657615661621094e+00
-6.851889193058013916e-02
1.213843584060668945e+00
-1.743155717849731445e-01
-1.025371998548507690e-02
-1.442368794232606888e-02
-1.325254421681165695e-02
-1.785674481652677059e-03
-2.615601420402526855e-01
-1.931118220090866089e-02
3.010267624631524086e-03
-5.745688080787658691e-01
-5.354495719075202942e-03
-1.787816286087036133e-01
-2.703487407416105270e-03
-3.331664949655532837e-02
-5.684343725442886353e-02
-2.391900867223739624e-02
-1.117945536971092224e-01
-2.569264732301235199e-03
-4.588351845741271973e-01
1.064207315444946289e+00
2.390801012516021729e-01
-2.524341922253370285e-03
-1.535785943269729614e-02
-2.325322329998016357e-01
-1.199575699865818024e-02
-3.726013302803039551e-01
-2.029245495796203613e-01
-7.253175601363182068e-03
-4.616592824459075928e-01
-4.090193659067153931e-03
-2.156126946210861206e-01
-1.057144924998283386e-01
2.981699071824550629e-03
-8.094875141978263855e-03
-2.190119400620460510e-02
5.688592195510864258e-01
-1.527674436569213867e+00
-9.198130108416080475e-03
-4.017122685909271240e-01
-1.259854286909103394e-01
-1.883794069290161133e-01
1.127146005630493164e+00
-2.494445815682411194e-02
-3.341922070831060410e-03
-3.422478213906288147e-03
-7.257564067840576172e-01
-5.226995944976806641e-01
-2.700468599796295166e-01
-6.711188554763793945e-01
1.139038801193237305e+00
-7.794286012649536133e-01
-4.320129156112670898e-01
-1.218547299504280090e-01
-5.866818130016326904e-02
-2.887479662895202637e-01
-9.165748953819274902e-03
-9.068595245480537415e-03
-3.660911228507757187e-03
-2.267337441444396973e-01
-1.379208825528621674e-02
-2.302264869213104248e-01
-1.714806631207466125e-02
6.244019865989685059e-01
-5.268257111310958862e-02
-1.518337614834308624e-02
-1.559862136840820312e+00
-7.062535267323255539e-03
-7.831976562738418579e-02
-2.512058913707733154e-01
-4.773861765861511230e-01
-2.211135998368263245e-02
-7.329027652740478516e-01
-3.120394647121429443e-01
-2.212765812873840332e-02
-5.620387792587280273e-01
-1.936656534671783447e-01
-3.133120015263557434e-03
-4.934626817703247070e-01
-2.340655587613582611e-02
-1.064655184745788574e-02
-3.392236307263374329e-02
-1.154907513409852982e-03
-1.633917447179555893e-03
2.513167858123779297e+00
9.345651865005493164e-01
-7.965468801558017731e-03
-2.475185878574848175e-02
6.616942584514617920e-03
-8.284972049295902252e-03
-3.966562449932098389e-02
-6.403706669807434082e-01
2.751322269439697266e+00
-9.006568789482116699e-02
-3.557928204536437988e-01
-5.003324896097183228e-02
-6.822228431701660156e-02
1.635582447052001953e-01
-6.770467152819037437e-04
-2.282554050907492638e-03
9.435724020004272461e-01
-2.613682299852371216e-02
1.366249442100524902e+00
1.161902844905853271e-01
8.124122768640518188e-02
-1.468934267759323120e-01
-2.227060496807098389e-01
-2.154306275770068169e-03
-1.926629245281219482e-02
1.705108404159545898e+00
-2.360324142500758171e-04
4.429511427879333496e-01
4.246560335159301758e-01
-1.513780653476715088e-01
-6.948656868189573288e-03
-1.816109269857406616e-01
-2.628758782520890236e-03
-3.363101743161678314e-03
-6.739236414432525635e-02
-3.809742629528045654e-02
-1.440528780221939087e-01
-4.447704553604125977e-02
1.971815943717956543e+00
-1.834465190768241882e-02
2.172470092773437500e+00
-7.788586616516113281e-02
-1.645918004214763641e-02
-3.988891839981079102e-03
-4.725121427327394485e-03
-3.734302148222923279e-02
-7.510689902119338512e-04
-5.411079525947570801e-02
-1.891739852726459503e-02
-3.392725437879562378e-02
-6.909253597259521484e-01
-1.019615530967712402e+00
-5.670385360717773438e-01
-3.968293219804763794e-02
-3.378298282623291016e-01
5.939124897122383118e-02
1.947294354438781738e+00
-5.523481369018554688e-01
-6.754784584045410156e-01
-1.416622428223490715e-03
-1.354620754718780518e-01
-2.682131901383399963e-02
-4.051943868398666382e-02
-1.035099104046821594e-02
-1.791939884424209595e-01
-5.253087282180786133e-01
-6.810137629508972168e-01
-1.220171223394572735e-03
-6.766368634998798370e-03
-9.460163116455078125e-01
-4.994994401931762695e-01
-3.163838014006614685e-02
2.962971925735473633e-01
-5.102277733385562897e-03
1.472713232040405273e+00
-6.057506799697875977e-01
-1.003524214029312134e-01
2.052146911621093750e+00
-4.572071135044097900e-02
-2.159449458122253418e-01
-3.080505430698394775e-01
1.599286556243896484e+00
-9.358784183859825134e-03
-1.222425252199172974e-01
-3.921139240264892578e-01
-2.754291705787181854e-02
1.507560372352600098e+00
-1.126514524221420288e-01
-5.251504778861999512e-01
-5.718442611396312714e-03
4.309092760086059570e-01
-5.372082814574241638e-03
-3.438680199906229973e-03
-4.704660773277282715e-01
-1.497150957584381104e-02
-4.731876254081726074e-01
-6.320428252220153809e-01
-1.496005058288574219e+00
-3.775745630264282227e-01
-6.623228080570697784e-03
3.583642959594726562e+00
-1.555163115262985229e-01
-3.981168866157531738e-01
-6.542340666055679321e-02
-1.164625026285648346e-02
-3.132681362330913544e-03
-1.022046327590942383e+00
2.018228530883789062e+00
5.508305430412292480e-01
-4.963540732860565186e-01
-1.141796484589576721e-01
-2.475441396236419678e-01
-5.577651858329772949e-01
-9.052674472332000732e-02
-6.264110561460256577e-03
-9.174167178571224213e-03
-2.661489695310592651e-02
-2.187705785036087036e-02
1.924240216612815857e-02
-1.126516819000244141e+00
-4.283726215362548828e-02
-2.374283969402313232e-03
-1.200398281216621399e-01
-3.126481175422668457e-01
-5.264700204133987427e-02
-1.340246796607971191e-01
-5.545914769172668457e-01
-7.131139747798442841e-03
-4.730695188045501709e-01
-1.028132997453212738e-02
-1.897117346525192261e-01
-1.894865334033966064e-01
-8.246655464172363281e-01
-2.089971676468849182e-03
-5.236547812819480896e-02
-2.119722664356231689e-01
-2.041797786951065063e-01
-5.827113986015319824e-01
-1.947661116719245911e-02
-3.179629147052764893e-02
-5.526397377252578735e-03
-1.600330322980880737e-02
-1.067527476698160172e-02
-1.116628408432006836e+00
-2.402795553207397461e-01
-3.194502368569374084e-02
-6.377239711582660675e-03
-4.967502057552337646e-01
-5.662142038345336914e-01
-5.533584626391530037e-04
-1.159342050552368164e+00
-9.767478704452514648e-01
-1.752248220145702362e-02
-5.973614752292633057e-02
-3.296485543251037598e-01
-1.968004927039146423e-02
-4.591757655143737793e-01
-2.701399624347686768e-01
-1.517276279628276825e-02
-3.459596931934356689e-01
-1.627822071313858032e-01
-2.579739093780517578e-01
-7.890323549509048462e-02
2.969207987189292908e-02
-1.545620083808898926e+00
-1.931588351726531982e-01
-8.347608894109725952e-02
4.937293380498886108e-02
-6.595097482204437256e-02
-8.547030687332153320e-01
-6.593121886253356934e-01
-4.491197466850280762e-01
-2.533299326896667480e-01
-1.689018487930297852e+00
3.115100553259253502e-03
-1.363627146929502487e-02
-3.403807431459426880e-02
-5.975910425186157227e-01
-8.814741671085357666e-02
-2.839485183358192444e-02
-4.261345043778419495e-02
-5.157504081726074219e-01
-3.971063066273927689e-03
-3.690031357109546661e-03
-1.797237619757652283e-02
-6.436908245086669922e-02
-1.232556849718093872e-01
-6.529051810503005981e-03
1.175342202186584473e+00
-4.716639518737792969e-01
-2.050372660160064697e-01
-2.856182307004928589e-02
-3.173130154609680176e-01
1.204597830772399902e+00
-2.367412298917770386e-02
-2.116608172655105591e-01
-1.674619615077972412e-01
-1.921273171901702881e-01
-6.107718944549560547e-01
-2.656481415033340454e-02
-1.003608293831348419e-02
1.765845775604248047e+00
-6.150948256254196167e-02
-4.349476099014282227e-01
-3.278063535690307617e-01
-7.367252372205257416e-03
3.630954980850219727e+00
-4.967698827385902405e-03
-3.692453354597091675e-02
-5.733156204223632812e-02
8.589778542518615723e-01
-2.225419506430625916e-02
-1.660373248159885406e-02
-2.866975590586662292e-02
-5.078962445259094238e-02
-3.640121221542358398e-01
-4.866511560976505280e-03
-4.228410124778747559e-02
-1.912173628807067871e-02
-8.969580754637718201e-03
-1.627819538116455078e-01
-2.057066187262535095e-02
-1.800822094082832336e-02
-6.823434680700302124e-02
-4.832648932933807373e-01
-6.005457602441310883e-03
-5.958748981356620789e-02
-1.559412200003862381e-02
-5.644079297780990601e-02
-4.333465397357940674e-01
-3.845988512039184570e-01
2.514080524444580078e+00
-4.901645705103874207e-02
-6.042371988296508789e-01
-5.102931708097457886e-02
-1.811849186196923256e-03
-1.418533682823181152e+00
-1.373152136802673340e-01
6.264061927795410156e-01
-2.541350573301315308e-02
-3.792114555835723877e-02
2.105285167694091797e+00
-6.797673553228378296e-02
-3.917352482676506042e-02
1.011716365814208984e+00
-9.282356500625610352e-02
-1.152089238166809082e-01
-3.612547367811203003e-02
-6.864699721336364746e-02
-2.944629825651645660e-02
-4.688522815704345703e-01
-5.624131858348846436e-02
-2.193519920110702515e-01
-2.406450174748897552e-02
-1.002980917692184448e-01
-3.201256738975644112e-03
-3.095732927322387695e-01
-3.769637644290924072e-02
-5.753238499164581299e-02
-5.052999258041381836e-01
-2.418205700814723969e-02
2.519857645034790039e+00
-6.553362607955932617e-01
-2.208641730248928070e-03
-2.502221986651420593e-02
-2.210896275937557220e-02
-9.500342607498168945e-02
-3.667008876800537109e-01
-2.224935404956340790e-02
-7.182820141315460205e-02
-1.590264141559600830e-01
-2.501470409333705902e-02
-1.024191454052925110e-01
-1.387438736855983734e-02
-8.520815521478652954e-02
-4.956763237714767456e-02
-1.276207715272903442e-01
-8.112906478345394135e-03
-1.305058240890502930e+00
-7.014366239309310913e-02
8.364239931106567383e-01
-9.361665695905685425e-03
-6.751757115125656128e-02
-1.660536858253180981e-03
-1.388919353485107422e-01
-6.261386275291442871e-01
-2.792379632592201233e-02
-3.813346382230520248e-03
-3.044399321079254150e-01
-5.732013583183288574e-01
-1.881728693842887878e-02
5.616842508316040039e-01
-5.836419016122817993e-02
-5.905162096023559570e-01
-1.762472093105316162e-01
9.645566940307617188e-01
-2.098057651892304420e-03
-6.250734925270080566e-01
-2.493280321359634399e-01
-3.760299980640411377e-01
-1.274749189615249634e-01
-5.838481783866882324e-01
-2.317173779010772705e-02
-7.889440655708312988e-02
1.178869485855102539e+00
6.652332305908203125e+00
-1.334056910127401352e-02
-4.159169495105743408e-01
-4.131897091865539551e-01
-4.608915746212005615e-02
2.964808464050292969e+00
-5.932158976793289185e-02
-5.009123124182224274e-03
-9.366188198328018188e-02
-3.529950603842735291e-02
-2.761135250329971313e-02
-1.049698889255523682e-02
-2.228096872568130493e-02
1.785164326429367065e-01
-2.754293084144592285e-01
-1.720520481467247009e-02
