6.808340549468994141e-05
-5.797110497951507568e-05
-2.149752690456807613e-04
-1.666907919570803642e-04
-1.919385977089405060e-05
1.282977173104882240e-04
-1.094362232834100723e-04
1.161722466349601746e-04
-6.044021574780344963e-06
-7.282267324626445770e-05
-1.878710463643074036e-05
-8.708389941602945328e-06
-1.875356538221240044e-04
6.132933776825666428e-05
5.899555981159210205e-05
6.019079592078924179e-05
7.057911716401576996e-05
-1.576973590999841690e-04
-1.143421977758407593e-04
-1.850815897341817617e-04
-6.141839548945426941e-05
1.263946760445833206e-04
6.337834056466817856e-04
2.526957541704177856e-05
5.205441266298294067e-05
-9.265390690416097641e-05
-1.768673537299036980e-04
-7.571600144729018211e-05
6.543786730617284775e-05
-9.080162271857261658e-05
4.434078000485897064e-04
-6.925291381776332855e-05
-8.423579856753349304e-06
-8.914619684219360352e-06
-1.123271649703383446e-04
1.547897700220346451e-04
9.835162200033664703e-05
-1.340454036835581064e-04
2.403671387583017349e-04
-1.439847983419895172e-05
-1.278274576179683208e-04
-1.389200333505868912e-04
2.854468766599893570e-04
-1.514771138317883015e-04
-8.755468297749757767e-05
1.150616444647312164e-04
-1.464174129068851471e-04
-4.918500781059265137e-05
-3.686780110001564026e-05
1.374660059809684753e-04
-1.326205674558877945e-04
-7.530534639954566956e-05
-4.450918640941381454e-05
1.306696794927120209e-04
-1.780760794645175338e-04
-3.686443669721484184e-04
-1.874390873126685619e-04
7.122522220015525818e-06
-6.341817788779735565e-05
-7.413642015308141708e-05
1.003693323582410812e-04
-1.916638575494289398e-04
-4.846928641200065613e-05
-1.681305147940292954e-04
-6.906694034114480019e-05
2.515839878469705582e-05
1.694851089268922806e-04
1.643951982259750366e-04
-3.197020851075649261e-05
-1.110921148210763931e-04
-1.767218345776200294e-04
-1.250579953193664551e-04
-2.597821876406669617e-04
-2.857181243598461151e-06
-1.631873892620205879e-04
-9.990428225137293339e-05
1.044047530740499496e-05
-6.643559318035840988e-04
1.888531260192394257e-04
-1.460697967559099197e-05
-6.528786616399884224e-04
2.904469147324562073e-05
2.224312629550695419e-05
1.816055737435817719e-05
-3.221831138944253325e-05
7.436540909111499786e-05
-5.864328704774379730e-05
-6.719987140968441963e-05
-5.745814414694905281e-04
-2.096359385177493095e-04
-1.609306200407445431e-04
1.704022288322448730e-04
-6.606848910450935364e-05
-9.347236482426524162e-05
3.665341064333915710e-04
6.864429451525211334e-07
-3.502960316836833954e-05
3.239768557250499725e-05
6.527057848870754242e-05
3.298587398603558540e-05
1.418890315108001232e-05
-1.298566348850727081e-05
3.321480471640825272e-05
1.859993208199739456e-04
-1.828314270824193954e-05
3.085574135184288025e-04
-3.764196299016475677e-04
-9.413983207195997238e-05
-6.430782377719879150e-06
1.393435522913932800e-04
1.605667639523744583e-04
-7.579403463751077652e-04
-1.405740622431039810e-04
-7.164789130911231041e-04
-6.078896112740039825e-04
-1.710781361907720566e-04
-1.359766611130908132e-05
5.631474778056144714e-04
5.388678982853889465e-05
-1.063685704139061272e-04
-9.271036833524703979e-05
1.083347015082836151e-04
-1.745692570693790913e-04
-5.317365867085754871e-05
1.871762797236442566e-04
-1.186791050713509321e-04
-5.014992784708738327e-04
-6.277870852500200272e-05
2.538785338401794434e-05
1.286830520257353783e-04
-4.941143561154603958e-05
-1.847468083724379539e-04
-5.332616274245083332e-05
1.524772960692644119e-04
-9.763694833964109421e-06
-1.756038109306246042e-04
-4.335882840678095818e-05
-4.191370680928230286e-05
-2.113007649313658476e-04
1.729940995573997498e-04
-2.354931784793734550e-04
-4.538627108559012413e-04
-5.454130587168037891e-06
-1.627331948839128017e-04
-1.821670448407530785e-04
-1.534156035631895065e-04
4.289229400455951691e-05
-3.993132850155234337e-05
5.825143307447433472e-04
6.851856596767902374e-06
-6.218551425263285637e-05
-3.273354377597570419e-05
-2.412451431155204773e-05
-4.479486960917711258e-06
-5.672685801982879639e-05
1.046457327902317047e-04
1.150722382590174675e-04
-2.783699892461299896e-04
-1.168955350294709206e-04
1.539685763418674469e-05
-6.152702262625098228e-04
1.101952511817216873e-04
7.013359572738409042e-05
-1.664238225203007460e-04
-3.136097220703959465e-04
-2.331099240109324455e-04
-1.227691536769270897e-04
-8.117454126477241516e-05
-6.612867582589387894e-05
1.447868999093770981e-04
-8.555653039366006851e-05
-1.727253256831318140e-04
1.684925518929958344e-05
-8.054419886320829391e-04
-9.058660361915826797e-05
-3.207148984074592590e-05
-1.316794659942388535e-04
-3.274367190897464752e-04
-4.278682172298431396e-05
-2.730551641434431076e-04
1.547108404338359833e-04
2.687564119696617126e-05
-2.649384550750255585e-04
-5.338899791240692139e-05
-1.727091148495674133e-05
-5.772645818069577217e-05
-9.026155748870223761e-05
1.710955984890460968e-05
6.333040073513984680e-05
-1.840879849623888731e-04
-9.621097706258296967e-05
-9.223296729032881558e-06
1.736890990287065506e-04
1.437682658433914185e-05
-8.414764306508004665e-05
-1.452766009606420994e-04
-5.998264532536268234e-05
-2.693803980946540833e-05
4.569126758724451065e-05
-4.106882261112332344e-05
-1.109978184103965759e-04
-5.709473043680191040e-06
6.976502481848001480e-05
-2.550923090893775225e-05
-9.465514449402689934e-05
4.067388363182544708e-05
-6.934971315786242485e-05
2.917060628533363342e-04
-1.979186199605464935e-04
-1.065032323822379112e-03
5.952490027993917465e-06
5.824293475598096848e-05
1.007365062832832336e-05
-1.024939119815826416e-04
-1.601062540430575609e-04
3.470247611403465271e-05
9.060860611498355865e-05
2.974178642034530640e-05
-4.630878102034330368e-04
-1.571998145664110780e-04
-7.350626401603221893e-04
-7.183627894846722484e-05
-2.929376787506043911e-04
1.512612216174602509e-04
4.028482362627983093e-05
-3.153490833938121796e-04
-2.004641864914447069e-04
-1.686296309344470501e-05
7.000984624028205872e-05
-2.203100302722305059e-04
3.225868567824363708e-07
1.480185892432928085e-04
-1.042085932567715645e-04
1.718373969197273254e-04
-8.870800957083702087e-05
-1.316613052040338516e-04
1.177955418825149536e-04
-3.776093944907188416e-05
-1.192302734125405550e-04
-4.275564569979906082e-04
-6.910189404152333736e-05
-2.729706466197967529e-06
-5.314830923452973366e-05
-8.319385233335196972e-05
-9.149545803666114807e-05
1.548281870782375336e-04
-7.393769919872283936e-05
-4.416278097778558731e-04
3.806021995842456818e-04
-8.341620559804141521e-05
-1.285035395994782448e-04
1.982110552489757538e-04
6.178242620080709457e-05
-1.332844258286058903e-04
-4.632712807506322861e-05
-4.904356319457292557e-05
5.014240741729736328e-05
1.691891811788082123e-04
-9.109874372370541096e-05
-3.621680662035942078e-05
-4.841760965064167976e-04
5.391845479607582092e-05
-3.817619290202856064e-05
7.820425089448690414e-04
-3.569321706891059875e-04
-6.578699685633182526e-05
-1.728581264615058899e-05
-2.463581040501594543e-05
1.003949437290430069e-04
4.507959820330142975e-04
-8.769345004111528397e-05
-1.650027988944202662e-04
-1.776504941517487168e-04
6.279849912971258163e-05
1.210218761116266251e-05
-9.668117854744195938e-05
-3.026443300768733025e-05
-5.626474739983677864e-05
-2.758194459602236748e-04
-9.095412679016590118e-06
-1.169741153717041016e-06
-1.007786268019117415e-04
-3.551598638296127319e-04
4.140113014727830887e-05
-3.741544787771999836e-05
-2.772593870759010315e-04
5.534198135137557983e-05
1.355649437755346298e-04
-2.400274388492107391e-05
-1.615767396287992597e-04
3.464100882411003113e-05
1.492416486144065857e-04
1.350939273834228516e-04
1.342403702437877655e-04
-4.325492773205041885e-05
-4.568279837258160114e-05
2.284650690853595734e-05
-2.473610220476984978e-04
-1.741172745823860168e-04
-5.584313767030835152e-04
-1.890830753836780787e-05
-3.949319943785667419e-05
2.189475344493985176e-04
-4.652934148907661438e-05
-2.857425715774297714e-05
-8.952105417847633362e-05
3.810529597103595734e-05
2.188142389059066772e-05
-1.666472526267170906e-04
-4.275656829122453928e-05
-1.387739321216940880e-04
-4.154595080763101578e-05
-8.009152952581644058e-05
-1.060008653439581394e-03
-8.226087084040045738e-04
-1.065258751623332500e-03
8.826726116240024567e-05
-1.710139913484454155e-04
-2.840076340362429619e-04
6.802903953939676285e-06
1.165117137134075165e-04
-1.267530024051666260e-04
3.810389898717403412e-06
-4.569394513964653015e-05
-9.954557754099369049e-05
-8.114159572869539261e-05
-1.073530875146389008e-04
-5.916948430240154266e-05
2.297610044479370117e-04
-5.235662683844566345e-05
-2.951436908915638924e-05
5.374616011977195740e-05
-1.593792694620788097e-04
2.089058398269116879e-05
5.360459908843040466e-05
-7.140985690057277679e-05
-3.189570270478725433e-05
-8.092174539342522621e-05
1.544096739962697029e-04
-9.613740257918834686e-05
-3.056260757148265839e-04
2.349288843106478453e-05
-1.198682002723217010e-05
-1.528288703411817551e-04
1.401887275278568268e-04
1.670224592089653015e-04
5.410006269812583923e-05
-2.012238837778568268e-05
1.609451137483119965e-04
-5.334528395906090736e-05
-3.110668621957302094e-04
4.919932689517736435e-05
-1.234359806403517723e-04
2.529144694563001394e-05
-1.865719677880406380e-04
-8.730051922611892223e-05
-7.615110371261835098e-05
5.432183388620615005e-05
3.801146522164344788e-05
-1.445118250558152795e-04
1.073447056114673615e-04
1.474162563681602478e-04
-3.857145202346146107e-05
-9.492514072917401791e-05
6.419897545129060745e-05
-1.375280553475022316e-04
-6.168959225760772824e-05
-7.652444764971733093e-04
-1.476758625358343124e-04
-3.873778041452169418e-06
1.864414662122726440e-04
-1.176349469460546970e-04
-2.855877391993999481e-05
-2.287351526319980621e-05
-1.595490612089633942e-04
-2.612535172374919057e-05
-2.599239815026521683e-05
-6.971857510507106781e-05
-4.675402306020259857e-04
-2.298818435519933701e-05
-1.767263747751712799e-04
5.130656063556671143e-06
7.024873048067092896e-05
-9.785103611648082733e-05
-1.954385079443454742e-04
-6.341375410556793213e-05
-8.214899571612477303e-05
9.288778528571128845e-06
-2.314896846655756235e-05
3.693811595439910889e-05
1.306820195168256760e-05
1.744695473462343216e-04
-5.080393748357892036e-04
1.924980897456407547e-04
-1.331351231783628464e-04
-1.538806827738881111e-04
5.943009164184331894e-04
-5.689263343811035156e-05
4.282081499695777893e-05
-2.337386831641197205e-05
-1.232069917023181915e-05
-1.163291744887828827e-05
1.472958829253911972e-04
5.825079279020428658e-05
5.418492946773767471e-05
8.195638656616210938e-06
9.863683953881263733e-05
8.954200893640518188e-05
-3.456720151007175446e-05
1.800062600523233414e-04
-1.148243318311870098e-04
-9.272803436033427715e-05
-6.151746492832899094e-05
-8.336687460541725159e-05
1.283935271203517914e-04
1.536641502752900124e-05
-1.757475547492504120e-05
-1.362245529890060425e-05
-1.346566714346408844e-04
-9.625044185668230057e-05
5.071726627647876740e-05
7.529463618993759155e-05
-1.205129083245992661e-04
-8.440343663096427917e-06
6.556150037795305252e-05
-3.869563806802034378e-05
-1.582838303875178099e-04
5.604582838714122772e-06
-9.659398347139358521e-05
-1.534121111035346985e-04
4.740245640277862549e-05
-1.915630855364724994e-04
-1.825303188525140285e-04
-9.086303180083632469e-05
7.151637692004442215e-05
-2.025486901402473450e-05
-4.338967846706509590e-05
1.630885526537895203e-05
-3.464041510596871376e-04
1.673018559813499451e-04
2.750323619693517685e-05
-7.737195119261741638e-06
4.917592741549015045e-05
-2.735247835516929626e-05
-1.922529772855341434e-04
-3.177747130393981934e-04
-6.904540350660681725e-05
-1.202215207740664482e-04
-1.556915231049060822e-05
5.137972766533493996e-05
8.129328489303588867e-05
-1.442859065718948841e-04
9.851378854364156723e-05
2.842908725142478943e-05
6.660399958491325378e-05
-6.368791218847036362e-06
2.461019903421401978e-05
6.282189860939979553e-05
2.129585482180118561e-04
5.056307418271899223e-05
8.914014324545860291e-05
-1.157073420472443104e-04
-8.519971743226051331e-06
-2.136852126568555832e-04
-1.533913600724190474e-04
-2.368359128013253212e-04
5.538389086723327637e-05
-5.106022581458091736e-05
3.604870289564132690e-05
1.398986205458641052e-05
1.476323232054710388e-04
-4.354980774223804474e-04
-1.418341416865587234e-04
5.104485899209976196e-05
-1.046339748427271843e-04
1.869199331849813461e-05
-2.883516717702150345e-04
-2.619673032313585281e-04
1.657651737332344055e-04
-4.484551027417182922e-06
-7.016261224634945393e-05
1.633707433938980103e-04
-1.743488828651607037e-04
-1.077668275684118271e-04
-6.569293327629566193e-05
6.371177732944488525e-06
4.941783845424652100e-05
1.996051287278532982e-05
1.068001147359609604e-04
1.289669889956712723e-04
-5.815218901261687279e-05
-5.676882574334740639e-05
6.047659553587436676e-06
1.477561891078948975e-04
-2.521902570151723921e-05
5.347363185137510300e-06
-5.422078538686037064e-04
-1.686481991782784462e-04
-1.470897113904356956e-04
-2.272566780447959900e-05
-5.331591819413006306e-05
-9.349675383418798447e-05
3.523763734847307205e-05
-8.644093759357929230e-05
-2.137374831363558769e-04
-3.910413943231105804e-05
-1.764140906743705273e-04
8.482555858790874481e-05
2.623000182211399078e-05
-1.060799346305429935e-03
1.810289686545729637e-04
-5.299574695527553558e-05
4.582037217915058136e-05
-1.492229057475924492e-04
-2.545572351664304733e-04
-1.397557789459824562e-04
1.272960798814892769e-04
1.058294437825679779e-04
-1.157887745648622513e-04
-1.677250838838517666e-05
2.752826549112796783e-05
-1.939758658409118652e-05
-6.867549382150173187e-05
9.655370377004146576e-05
-4.538061330094933510e-05
-5.107204196974635124e-05
7.129372097551822662e-04
1.359025482088327408e-04
-3.997371532022953033e-04
-7.440726039931178093e-05
-5.482695996761322021e-06
2.463581040501594543e-05
-3.098486922681331635e-05
-6.826304597780108452e-04
2.050073817372322083e-05
-1.177288941107690334e-04
2.801604568958282471e-05
-2.168453065678477287e-04
-2.284193760715425014e-04
-1.215146621689200401e-04
3.223074600100517273e-04
8.853815961629152298e-05
-2.176238340325653553e-04
1.663947477936744690e-05
-1.655345258768647909e-04
-1.706904731690883636e-05
-1.784735650289803743e-04
-1.173504861071705818e-04
-1.796824071789160371e-04
-6.561551708728075027e-05
9.269965812563896179e-05
-3.358063986524939537e-05
4.158704541623592377e-05
1.243152655661106110e-05
-9.634473826736211777e-05
-3.969391109421849251e-04
-4.765286576002836227e-05
1.257597468793392181e-04
2.622577594593167305e-04
-2.347010304220020771e-04
-7.939245551824569702e-05
-3.026300691999495029e-05
-9.069859515875577927e-05
2.985596656799316406e-04
-1.275319373235106468e-04
-2.399616641923785210e-05
-8.578338747611269355e-05
-1.377961598336696625e-04
1.021387288346886635e-04
4.054093733429908752e-05
7.493770681321620941e-06
-7.486186223104596138e-05
-1.437054015696048737e-04
4.356389399617910385e-05
-8.193834219127893448e-05
4.242965951561927795e-05
-1.058490597642958164e-04
-1.502818195149302483e-04
5.665502976626157761e-05
-3.621499636210501194e-04
4.636053927242755890e-05
-1.231938367709517479e-04
2.264278009533882141e-05
7.885950617492198944e-05
-1.977510110009461641e-04
-7.972354069352149963e-05
1.170544419437646866e-04
-1.933635212481021881e-04
5.074217915534973145e-05
1.965844421647489071e-05
-1.742264139465987682e-04
9.925523772835731506e-05
-9.304167469963431358e-04
9.835150558501482010e-05
-4.266621544957160950e-05
-1.111824385588988662e-04
3.362495772307738662e-05
-2.940674312412738800e-05
5.288305692374706268e-05
-2.282136119902133942e-05
-1.649453188292682171e-04
-2.004439011216163635e-05
-1.535349874757230282e-04
1.065874239429831505e-04
6.473506800830364227e-05
-1.832009293138980865e-04
-3.733771154657006264e-05
6.987166125327348709e-05
-6.188551196828484535e-05
-1.841367338784039021e-04
1.679139677435159683e-04
-9.281793609261512756e-07
-4.442461067810654640e-04
3.028637729585170746e-05
-1.100290392059832811e-04
-8.912908378988504410e-05
-6.571601261384785175e-05
4.589348100125789642e-04
-2.799361245706677437e-04
-6.738220690749585629e-05
-5.053131608292460442e-04
-1.949397847056388855e-05
8.638435974717140198e-05
-2.565537579357624054e-04
3.886059857904911041e-04
-8.921080734580755234e-05
1.346385106444358826e-04
-1.057923072949051857e-04
1.568954903632402420e-04
-4.350583767518401146e-04
-5.401461385190486908e-05
-8.148106280714273453e-05
4.061535000801086426e-04
-2.019505482167005539e-04
2.123089507222175598e-05
-1.094479812309145927e-04
-9.196358587360009551e-05
1.713978126645088196e-04
-8.212582906708121300e-05
1.313164830207824707e-05
-8.096758392639458179e-05
1.365195494145154953e-04
-1.000587362796068192e-04
-3.124761860817670822e-05
-4.396995063871145248e-05
-3.021722659468650818e-05
-1.801749749574810266e-05
-1.103648683056235313e-04
4.357018042355775833e-05
-2.176659472752362490e-04
1.336369896307587624e-04
9.749876335263252258e-05
2.184617333114147186e-04
-8.062343113124370575e-06
-4.992273170500993729e-05
-7.517682388424873352e-05
4.490022547543048859e-06
-3.678595530800521374e-04
5.064182914793491364e-05
1.202775165438652039e-04
-1.114876940846443176e-04
-1.614703796803951263e-04
-1.549434964545071125e-04
-3.665185067802667618e-05
-2.946923486888408661e-04
-2.652670373208820820e-04
4.920596256852149963e-05
-1.747690839692950249e-04
-2.049179747700691223e-04
1.316255657002329826e-05
5.629938095808029175e-05
-7.742573507130146027e-05
-1.439957850379869342e-04
-1.641047856537625194e-04
1.410560216754674911e-04
-1.187197631224989891e-04
3.841950092464685440e-05
-1.698837149888277054e-05
-2.521811984479427338e-05
-5.331018473953008652e-05
2.522580325603485107e-05
8.095335215330123901e-05
1.614093780517578125e-04
-3.169002957292832434e-05
4.634819924831390381e-05
-1.578815281391143799e-04
1.444802619516849518e-04
-1.524880062788724899e-04
-6.303525879047811031e-05
-9.105348726734519005e-05
-7.201917469501495361e-05
2.181327436119318008e-04
-3.220571670681238174e-05
6.430549547076225281e-05
3.425218164920806885e-05
-3.433204255998134613e-05
3.783451393246650696e-05
5.572370719164609909e-05
5.629356019198894501e-05
-5.368981510400772095e-05
-4.747946513816714287e-05
-1.130558666773140430e-04
-1.416409504599869251e-04
-9.548902744427323341e-05
3.971537807956337929e-05
-3.819217090494930744e-05
-2.442847471684217453e-05
6.592583376914262772e-04
-3.616970207076519728e-05
4.323874600231647491e-05
1.505946274846792221e-04
-2.169620711356401443e-04
-1.923795061884447932e-04
-2.214827327406965196e-05
1.168993767350912094e-04
-3.387872129678726196e-04
-1.481585204601287842e-04
1.269089989364147186e-05
-2.038019010797142982e-04
-1.147035291069187224e-04
1.166854053735733032e-04
-1.774134580045938492e-04
-6.386544555425643921e-05
2.506584860384464264e-05
-6.559322355315089226e-05
-2.372136805206537247e-05
-3.269198350608348846e-04
-2.347118570469319820e-04
-3.686000127345323563e-05
-5.351006984710693359e-05
3.177344333380460739e-04
3.920472227036952972e-05
-1.047246623784303665e-04
-1.599937677383422852e-04
2.444256097078323364e-06
-1.669278572080656886e-04
1.908303238451480865e-05
1.846351660788059235e-04
1.171552576124668121e-04
-1.302457822021096945e-04
-3.849936183542013168e-05
1.800633035600185394e-04
3.744023852050304413e-04
-4.446925595402717590e-05
4.814099520444869995e-05
-9.502412285655736923e-05
-5.006394349038600922e-05
8.887611329555511475e-05
1.767678186297416687e-04
-1.460616476833820343e-04
4.889920819550752640e-05
-1.684024464339017868e-04
4.443502984941005707e-04
-1.466852845624089241e-04
-1.700125430943444371e-04
-2.057552337646484375e-04
-3.685863339342176914e-05
-1.924328971654176712e-04
-2.995778049807995558e-05
-4.983483813703060150e-05
-6.129041139502078295e-06
-1.342062896583229303e-04
-2.621760359033942223e-05
6.160582415759563446e-05
-2.645612948981579393e-05
-5.131615325808525085e-04
-1.946755219250917435e-04
3.000750439241528511e-05
1.000543124973773956e-05
-9.708153083920478821e-05
3.621401265263557434e-05
1.791520044207572937e-04
-2.503414871171116829e-04
1.565050333738327026e-04
-7.349387742578983307e-04
4.579271189868450165e-04
6.737851072102785110e-05
-1.687322219368070364e-05
-4.932720912620425224e-05
-7.023159414529800415e-04
5.811988376080989838e-05
-7.908628322184085846e-05
-4.968493158230558038e-05
5.248025991022586823e-05
-1.042264630086719990e-04
-2.424347621854394674e-05
-7.191498298197984695e-06
-3.339640097692608833e-04
-1.718990097288042307e-04
6.734475027769804001e-05
-3.348333411850035191e-04
-1.189910108223557472e-04
-9.350792970508337021e-05
3.186648245900869370e-05
5.042217671871185303e-04
1.805839128792285919e-04
-8.575350511819124222e-05
-1.888223923742771149e-04
-7.174164056777954102e-05
-8.616968989372253418e-05
-8.763873483985662460e-05
-3.873230889439582825e-05
-4.691217327490448952e-05
-1.150090247392654419e-05
-2.088682958856225014e-04
-2.922464627772569656e-04
-6.929039955139160156e-05
5.455024074763059616e-05
6.142188794910907745e-05
-1.759396400302648544e-04
-6.991259288042783737e-04
-2.296542515978217125e-05
-5.352764856070280075e-05
-8.218339644372463226e-06
-4.101265221834182739e-05
1.163156703114509583e-04
-4.322454333305358887e-05
9.081559255719184875e-06
-1.409462420269846916e-04
-5.144393071532249451e-06
-1.529718865640461445e-04
8.988822810351848602e-05
-1.441592758055776358e-04
-1.041471550706773996e-04
3.071951214224100113e-04
-3.322039265185594559e-05
-1.913891173899173737e-04
-6.419251440092921257e-05
-4.280689172446727753e-04
1.925082178786396980e-04
-2.978661796078085899e-04
-1.521607046015560627e-04
1.332826213911175728e-04
1.696143299341201782e-04
-3.428512718528509140e-05
1.531585585325956345e-04
5.549809429794549942e-04
4.141242243349552155e-06
-6.956089055165648460e-05
9.824195876717567444e-05
-1.798738667275756598e-04
-6.066914647817611694e-05
1.218635588884353638e-06
-1.764953631209209561e-04
-2.633798285387456417e-04
-1.884291123133152723e-05
-1.008370891213417053e-04
1.020275522023439407e-04
-2.093543298542499542e-05
-2.354968455620110035e-04
3.751530312001705170e-05
3.820750862360000610e-06
-9.147915989160537720e-06
3.489980008453130722e-05
1.823867205530405045e-04
-8.556712418794631958e-05
3.485777415335178375e-05
1.840163022279739380e-04
2.803257666528224945e-04
1.441375352442264557e-04
8.271774277091026306e-05
-1.599792740307748318e-04
-3.456408157944679260e-04
-5.428277654573321342e-05
1.679868437349796295e-04
1.817746087908744812e-04
-1.168115559266880155e-04
-5.449552554637193680e-05
-6.485596532002091408e-05
3.473614342510700226e-04
5.680555477738380432e-05
5.209492519497871399e-05
-7.248017936944961548e-05
-3.312819171696901321e-05
-5.231080576777458191e-04
-1.647259923629462719e-04
2.092751674354076385e-05
8.173915557563304901e-05
-1.960818190127611160e-05
3.210140857845544815e-05
-3.211856819689273834e-04
2.711193519644439220e-05
-7.860909681767225266e-05
4.057865589857101440e-05
-2.932152710855007172e-05
-2.443813718855381012e-05
-1.075986074283719063e-04
6.201677024364471436e-06
-2.849261509254574776e-04
7.764971815049648285e-05
-1.769645605236291885e-04
-5.901463737245649099e-06
-1.592980697751045227e-05
-1.276183174923062325e-04
-1.425726804882287979e-04
5.058618262410163879e-05
6.837188266217708588e-05
-7.673609070479869843e-05
-6.626738468185067177e-05
4.930200520902872086e-05
-1.739012077450752258e-05
4.019588232040405273e-05
-8.952252101153135300e-04
6.422039587050676346e-05
1.034123124554753304e-04
5.175347905606031418e-05
-3.210059367120265961e-05
-1.512933522462844849e-05
-1.468397240387275815e-04
6.407615728676319122e-05
7.951539009809494019e-05
1.774136908352375031e-04
1.991493627429008484e-04
7.377599831670522690e-05
1.923614181578159332e-04
-2.763430820778012276e-04
-8.031178731471300125e-05
-1.728085626382380724e-04
3.290344029664993286e-04
-4.748071078211069107e-04
-1.811448018997907639e-04
4.531070590019226074e-05
6.708083674311637878e-05
2.398155629634857178e-08
-2.252356498502194881e-04
-1.230766065418720245e-05
1.141843385994434357e-04
-9.622052311897277832e-05
-8.123251609504222870e-04
4.925997927784919739e-05
-3.767953603528439999e-05
-1.066453987732529640e-04
-3.446054179221391678e-04
-7.405335782095789909e-05
1.611162442713975906e-04
-1.441521453671157360e-04
-4.129379522055387497e-05
-1.547392457723617554e-06
9.472062811255455017e-05
-5.744426744058728218e-05
-5.957763642072677612e-05
-5.391432205215096474e-05
5.417561624199151993e-05
-1.694340608082711697e-05
1.388257369399070740e-04
-2.935244701802730560e-04
-3.682124952320009470e-05
-9.157531894743442535e-05
-1.038676127791404724e-04
2.389051951467990875e-05
5.963118746876716614e-05
3.544911742210388184e-04
7.211463525891304016e-06
1.807259395718574524e-04
1.921202056109905243e-05
8.813338354229927063e-05
1.860996708273887634e-04
-6.305868737399578094e-05
4.024202644359320402e-05
-2.496289089322090149e-04
1.281606964766979218e-04
4.274756647646427155e-04
-2.032928168773651123e-04
-3.517279401421546936e-05
-8.286733645945787430e-05
-6.626255344599485397e-05
-4.810094833374023438e-05
-1.635027583688497543e-04
4.850667901337146759e-04
-3.979110624641180038e-05
-3.262399695813655853e-04
1.177858794108033180e-04
6.278930231928825378e-05
-3.527663648128509521e-05
2.304795198142528534e-04
-1.273239031434059143e-04
1.182088162750005722e-04
9.008846245706081390e-05
-1.506984699517488480e-05
-1.706786861177533865e-04
1.116229686886072159e-04
1.613079803064465523e-04
1.180276740342378616e-05
5.579204298555850983e-06
-9.791809134185314178e-06
-1.703542657196521759e-04
5.121901631355285645e-05
2.495280932635068893e-05
-9.896582923829555511e-06
-2.278588362969458103e-05
