2.698141708970069885e-02
-9.744519367814064026e-03
-4.730090871453285217e-02
-4.327371716499328613e-02
-1.594893075525760651e-02
2.115135639905929565e-02
-3.271859884262084961e-02
6.817752867937088013e-02
2.183594927191734314e-02
6.925786845386028290e-03
4.846749827265739441e-03
-3.906620666384696960e-02
-9.121502935886383057e-02
-6.781425327062606812e-04
2.762376889586448669e-02
4.747511446475982666e-02
-2.868426591157913208e-02
-4.164326190948486328e-02
6.228746846318244934e-02
-8.009834587574005127e-02
-1.057419553399085999e-02
-4.589354619383811951e-03
1.482682973146438599e-01
2.589387074112892151e-02
2.612622827291488647e-02
2.436637878417968750e-03
-3.334614634513854980e-02
5.434515886008739471e-03
-2.993409521877765656e-02
7.215066999197006226e-02
1.208092123270034790e-01
-7.709193974733352661e-03
-2.655279263854026794e-02
-2.341555245220661163e-02
-3.263464942574501038e-02
3.177838027477264404e-02
2.661366760730743408e-02
-3.965166956186294556e-02
9.162637591361999512e-02
-3.854940086603164673e-02
-5.006085336208343506e-02
-1.589762046933174133e-02
1.028515547513961792e-01
-5.306042730808258057e-02
-6.393065676093101501e-03
6.757678836584091187e-02
-2.134922519326210022e-02
6.288467906415462494e-03
-4.702227190136909485e-02
6.300575286149978638e-02
-8.378835767507553101e-02
3.768238052725791931e-02
5.132406949996948242e-03
4.690258949995040894e-02
-8.138845115900039673e-02
-8.774700760841369629e-02
-7.581818848848342896e-02
-1.885847561061382294e-02
-2.516803704202175140e-02
-2.645756490528583527e-02
3.785120695829391479e-02
2.927956171333789825e-02
-3.091249242424964905e-02
-6.983628123998641968e-02
-2.573484927415847778e-02
2.248999103903770447e-02
7.022693753242492676e-02
2.426577731966972351e-02
-2.006577327847480774e-02
-3.427905961871147156e-02
-4.471565037965774536e-02
-5.173280462622642517e-02
3.227314725518226624e-02
-2.431730553507804871e-02
-8.036831021308898926e-02
-4.947013035416603088e-02
-2.553177438676357269e-02
-3.985046409070491791e-03
7.390406727790832520e-02
-1.550364121794700623e-02
-3.290037065744400024e-02
4.451730102300643921e-02
-2.826494909822940826e-02
-2.224337309598922729e-02
-3.162314742803573608e-02
-3.845816478133201599e-03
-2.136781439185142517e-02
-2.668778225779533386e-02
-9.576155245304107666e-02
-9.815064072608947754e-02
-5.351871252059936523e-02
4.837279394268989563e-02
-2.344393543899059296e-02
-3.602810949087142944e-02
1.078153997659683228e-01
2.450766041874885559e-02
-4.666283726692199707e-03
-3.745322674512863159e-02
-2.758290618658065796e-02
1.776060648262500763e-02
-1.991797238588333130e-03
-2.601741254329681396e-02
-3.791197016835212708e-02
2.691196277737617493e-02
-2.835481800138950348e-02
1.050064414739608765e-01
-4.561911523342132568e-02
-3.220951557159423828e-02
-2.660353668034076691e-02
5.101767927408218384e-02
2.762628160417079926e-02
-3.146816790103912354e-02
-6.325089931488037109e-02
-7.056482136249542236e-02
4.685468226671218872e-02
-1.925125345587730408e-02
-2.935505472123622894e-02
1.388121545314788818e-01
4.612061753869056702e-02
-4.159503802657127380e-02
1.285963505506515503e-02
3.699294850230216980e-02
-5.892772972583770752e-02
-3.483873605728149414e-02
2.681711688637733459e-02
8.028384298086166382e-03
-1.584789454936981201e-01
-3.221198171377182007e-02
5.480448901653289795e-02
5.545419454574584961e-02
6.611407734453678131e-03
-5.365198105573654175e-02
9.000106714665889740e-03
2.239283546805381775e-02
-2.415530197322368622e-02
-6.782452017068862915e-02
-2.630808763206005096e-02
-1.032715290784835815e-02
-9.119138121604919434e-02
8.434915542602539062e-02
-1.598810255527496338e-01
1.133371517062187195e-02
1.265542954206466675e-02
-5.155570432543754578e-02
-7.941759377717971802e-02
-7.706782221794128418e-02
-2.535808272659778595e-02
-2.828389592468738556e-02
1.431607604026794434e-01
-1.885904558002948761e-02
1.153877004981040955e-03
1.003597863018512726e-02
2.495840005576610565e-02
-1.750264316797256470e-03
2.477468363940715790e-02
2.289975993335247040e-02
2.047245763242244720e-02
2.952172979712486267e-02
-3.057436831295490265e-02
-2.898488007485866547e-02
-1.262809708714485168e-02
7.060228288173675537e-02
4.287082329392433167e-02
-6.661798804998397827e-02
-1.049202866852283478e-02
-2.067603170871734619e-01
-3.458578139543533325e-02
3.796134889125823975e-02
-9.348055347800254822e-03
2.312293089926242828e-02
-6.685223430395126343e-03
-6.161511316895484924e-02
2.638575993478298187e-02
-4.723941907286643982e-02
-3.025219030678272247e-02
-2.386461384594440460e-02
-3.427631407976150513e-02
5.992436408996582031e-02
1.492087356746196747e-02
-6.253019720315933228e-02
7.599586993455886841e-02
-2.983897924423217773e-03
3.119054995477199554e-02
-1.442814432084560394e-02
-2.425619773566722870e-02
-2.611813135445117950e-02
-3.778692334890365601e-02
-3.736137226223945618e-02
2.806729823350906372e-02
-7.598504424095153809e-02
-2.761565148830413818e-03
1.274396385997533798e-02
2.920187264680862427e-02
4.499612376093864441e-02
-4.236348718404769897e-02
-4.901289567351341248e-02
-2.501761913299560547e-02
1.049833279103040695e-02
-3.606308251619338989e-02
-2.606917731463909149e-02
7.389324903488159180e-02
-2.423197217285633087e-02
2.089885063469409943e-02
1.216184441000223160e-02
-3.006966598331928253e-02
1.231879461556673050e-02
-2.853728085756301880e-02
9.830006211996078491e-02
-2.014543488621711731e-02
-6.046627834439277649e-02
-1.220302656292915344e-02
-2.785223908722400665e-02
-7.361508905887603760e-04
-1.639158651232719421e-02
-7.739783823490142822e-02
3.069209679961204529e-02
3.863101825118064880e-02
-2.130633778870105743e-02
-3.265656298026442528e-03
-5.568094551563262939e-02
-2.697725966572761536e-02
-3.662627935409545898e-02
-1.114833503961563110e-01
3.111966326832771301e-02
4.670734703540802002e-02
3.101392276585102081e-02
-9.671784192323684692e-02
-2.691969089210033417e-02
4.956410825252532959e-02
-8.252121508121490479e-02
-2.545929141342639923e-02
3.042004816234111786e-02
-2.245925366878509521e-02
6.464170664548873901e-02
3.745131939649581909e-02
-9.963430464267730713e-02
3.274061530828475952e-02
-8.694129064679145813e-03
-4.553414136171340942e-02
-1.248851865530014038e-01
-3.826636075973510742e-02
-1.374394819140434265e-02
-4.459706693887710571e-02
-5.452241748571395874e-02
-2.804406732320785522e-02
2.280684374272823334e-02
-2.148696035146713257e-02
-5.474749207496643066e-02
1.110493987798690796e-01
-3.667487576603889465e-02
-7.721070200204849243e-03
8.746255189180374146e-02
-3.302419185638427734e-02
-3.522205352783203125e-02
-2.454198896884918213e-02
-4.804997518658638000e-02
5.077151954174041748e-02
5.162744969129562378e-02
-5.548868328332901001e-02
4.079098626971244812e-02
-2.307620830833911896e-02
-2.765819616615772247e-02
3.962321206927299500e-03
1.840274930000305176e-01
-5.594306066632270813e-02
-3.939662873744964600e-02
-5.716895684599876404e-03
-2.270028926432132721e-02
3.647840768098831177e-02
1.256665736436843872e-01
-3.424239903688430786e-02
-4.953484237194061279e-02
-6.485762447118759155e-02
-2.682484127581119537e-02
-2.462107501924037933e-02
-4.704936593770980835e-02
4.522006958723068237e-03
-2.540508285164833069e-02
-9.144054353237152100e-02
-2.686276100575923920e-02
4.332667589187622070e-02
-4.187792912125587463e-02
-5.288399755954742432e-02
1.641786098480224609e-02
-2.485440857708454132e-02
2.899293228983879089e-02
-7.106747478246688843e-03
2.292231284081935883e-02
-2.490605413913726807e-02
-6.874327361583709717e-02
-3.046319261193275452e-02
3.207056224346160889e-02
4.888144135475158691e-02
6.821568310260772705e-02
1.697126775979995728e-03
-3.180357441306114197e-02
3.178277984261512756e-02
-1.782258972525596619e-02
-2.919818647205829620e-02
-6.948143243789672852e-02
1.179507933557033539e-02
-3.648611530661582947e-02
8.607378602027893066e-02
-9.021325036883354187e-03
-2.419724129140377045e-02
6.670398265123367310e-02
-3.257191926240921021e-02
-2.236662060022354126e-02
-3.045353107154369354e-02
9.934860281646251678e-03
-6.652066111564636230e-02
-3.285723924636840820e-02
-2.322976849973201752e-02
-6.893807649612426758e-02
-1.198628693819046021e-01
-5.255273729562759399e-02
-9.347567334771156311e-03
-5.874279886484146118e-02
-2.555947937071323395e-02
-3.652170300483703613e-02
2.137730270624160767e-02
-2.183632552623748779e-02
-2.787629514932632446e-02
-4.157802090048789978e-03
-2.614366449415683746e-02
1.514974609017372131e-02
-1.885430514812469482e-02
-1.518922299146652222e-02
8.267724514007568359e-02
-2.694656699895858765e-02
1.482581719756126404e-03
4.321835935115814209e-02
-5.561894923448562622e-02
-2.147674560546875000e-03
3.014648891985416412e-02
-9.468069300055503845e-03
3.855906426906585693e-03
-2.722275070846080780e-02
2.336922101676464081e-02
-4.012135416269302368e-02
5.005466938018798828e-02
6.421457976102828979e-03
-6.186448037624359131e-02
-2.092850208282470703e-02
5.669753998517990112e-02
2.434817701578140259e-02
4.050614684820175171e-02
-2.800742164254188538e-02
8.699715137481689453e-02
-2.476359531283378601e-02
-2.246367745101451874e-02
2.115088514983654022e-02
-3.197444230318069458e-02
-2.333117648959159851e-03
-9.365885704755783081e-02
9.651264175772666931e-03
-3.566483035683631897e-02
-2.436631917953491211e-02
3.429963067173957825e-02
-6.909513473510742188e-02
7.168308645486831665e-02
8.461812883615493774e-02
-2.863408997654914856e-02
-3.913953900337219238e-02
-2.874554879963397980e-02
-5.435689538717269897e-02
1.113288104534149170e-02
3.666731342673301697e-02
-3.900663927197456360e-02
1.948235742747783661e-02
2.609266154468059540e-02
-4.136209934949874878e-02
-1.346419937908649445e-02
-1.385549642145633698e-02
-1.803125068545341492e-02
-3.083605505526065826e-02
-2.643574029207229614e-02
-2.958186343312263489e-02
5.368661135435104370e-02
-4.107189923524856567e-02
-1.148812621831893921e-01
6.891617923974990845e-02
4.091231897473335266e-02
-2.871644683182239532e-02
-3.128938004374504089e-02
-2.582784742116928101e-02
-3.063954599201679230e-02
2.160960063338279724e-02
1.341894455254077911e-02
-6.260637193918228149e-03
-3.096069768071174622e-02
2.386320382356643677e-02
-1.328847259283065796e-01
8.433780074119567871e-02
-3.116790018975734711e-02
-3.622918203473091125e-02
1.469043195247650146e-01
-1.605286449193954468e-02
5.214262753725051880e-02
-1.469594612717628479e-02
-1.776005700230598450e-02
-1.321454159915447235e-02
2.920356951653957367e-02
-2.518549375236034393e-02
-2.442782185971736908e-02
-2.212510816752910614e-02
3.400803357362747192e-02
3.785795718431472778e-02
-4.600095376372337341e-02
8.388613164424896240e-02
-4.327945411205291748e-02
-3.703270107507705688e-02
-2.803428471088409424e-02
-2.882126159965991974e-02
3.140044584870338440e-02
-2.029210701584815979e-02
-2.743502520024776459e-02
-1.298894919455051422e-02
-1.784523576498031616e-02
7.141437381505966187e-04
5.525621026754379272e-02
5.886114761233329773e-02
-1.713562384247779846e-02
-1.721762679517269135e-02
3.225234150886535645e-02
-3.400910645723342896e-03
-5.787077546119689941e-02
-1.669046655297279358e-02
-3.103455901145935059e-02
5.323085561394691467e-02
4.170633107423782349e-02
-7.473565638065338135e-02
-7.188510149717330933e-02
-4.985044896602630615e-02
-2.469910494983196259e-02
-2.479608915746212006e-02
5.132462829351425171e-03
-2.716719172894954681e-02
-1.735225021839141846e-01
6.934604048728942871e-02
-2.454854547977447510e-02
-3.925201669335365295e-02
1.778453215956687927e-02
-1.418662443757057190e-02
-6.753840297460556030e-02
-1.542411744594573975e-01
6.314849480986595154e-03
-3.408903628587722778e-02
-4.360004886984825134e-02
1.564252190291881561e-02
3.604063019156455994e-02
-4.375219345092773438e-02
-6.471890956163406372e-04
4.652464762330055237e-02
-2.711056172847747803e-02
1.736782491207122803e-03
-9.460711851716041565e-03
4.371462017297744751e-02
8.773045986890792847e-02
2.099082618951797485e-02
6.178347393870353699e-02
-3.648338839411735535e-02
-2.648448757827281952e-02
-1.579668931663036346e-02
-5.253836140036582947e-02
-4.764022305607795715e-02
-3.238330781459808350e-02
5.439706146717071533e-03
4.930534213781356812e-02
-1.948541402816772461e-02
7.112888991832733154e-02
-5.100714415311813354e-02
-3.526038676500320435e-02
5.002315714955329895e-02
1.330695487558841705e-02
1.743924990296363831e-02
-5.531174689531326294e-02
-2.817822992801666260e-02
7.078662514686584473e-02
3.491526469588279724e-03
-5.156464129686355591e-02
6.056761369109153748e-02
-4.795299470424652100e-02
-1.080320030450820923e-02
5.837941542267799377e-03
-2.965301275253295898e-02
2.829546853899955750e-02
1.592702232301235199e-02
2.057860232889652252e-02
2.200829237699508667e-02
-2.392982505261898041e-02
5.801830440759658813e-03
-3.755823150277137756e-02
8.923058956861495972e-02
1.530242059379816055e-02
-2.602631226181983948e-02
-7.400150410830974579e-03
-8.153098821640014648e-02
-1.665195524692535400e-01
-1.871629990637302399e-02
-3.163503482937812805e-02
-1.357945241034030914e-02
4.096389561891555786e-02
-4.097517579793930054e-03
-1.718960404396057129e-01
2.864029258489608765e-03
-4.306709766387939453e-02
6.708981096744537354e-02
3.434545174241065979e-02
-4.520655795931816101e-02
-2.446733415126800537e-03
-1.652541011571884155e-02
-2.763761952519416809e-02
-3.660511597990989685e-02
-1.653555631637573242e-01
-4.556583985686302185e-02
3.097448498010635376e-04
6.492241472005844116e-02
-2.207342721521854401e-02
1.121063530445098877e-02
-2.095750346779823303e-02
3.707341477274894714e-02
-1.419912464916706085e-02
-1.666933298110961914e-03
1.115632150322198868e-02
-2.622013725340366364e-02
1.573610901832580566e-01
6.971111148595809937e-02
5.736403167247772217e-02
-2.616684325039386749e-02
-1.306660845875740051e-02
4.443857446312904358e-02
-1.553497090935707092e-02
5.997634027153253555e-03
1.679051294922828674e-02
-6.101800501346588135e-02
-2.359592355787754059e-02
-1.378983408212661743e-01
-8.112053573131561279e-02
-4.572499170899391174e-02
1.018969640135765076e-01
2.714065089821815491e-02
-5.965833365917205811e-02
3.893131017684936523e-02
-6.365458667278289795e-02
-2.647127769887447357e-02
-5.669981241226196289e-02
-3.218599827960133553e-03
-7.173433154821395874e-02
-2.742048352956771851e-02
6.850174069404602051e-02
4.750784486532211304e-03
3.655321523547172546e-02
-2.031345479190349579e-02
-5.725342780351638794e-02
-5.564897134900093079e-02
-2.027803845703601837e-02
9.140847623348236084e-02
1.044366359710693359e-01
-1.238842457532882690e-01
-8.128656074404716492e-03
-2.985122241079807281e-02
8.512960746884346008e-03
9.672227501869201660e-02
-3.271704167127609253e-02
-3.758130967617034912e-02
-3.950486704707145691e-02
-3.800017386674880981e-02
6.001763418316841125e-02
4.780900850892066956e-02
2.710183709859848022e-02
6.083223037421703339e-03
-1.229624543339014053e-02
-6.958469748497009277e-04
-3.371004760265350342e-02
4.834456369280815125e-02
-3.493959084153175354e-02
-3.451535105705261230e-02
3.287884220480918884e-02
-7.563246041536331177e-02
5.117998272180557251e-02
-6.252717226743698120e-02
-3.128390759229660034e-02
6.342250108718872070e-02
-9.119980037212371826e-02
-1.779377646744251251e-02
2.376350387930870056e-02
-1.878907345235347748e-02
5.122665315866470337e-02
1.467849407345056534e-02
-5.643515661358833313e-02
5.078759416937828064e-02
-5.322500318288803101e-02
4.142650589346885681e-02
-1.513405330479145050e-02
9.235963225364685059e-03
2.594951540231704712e-03
-1.242917403578758240e-02
-3.963485360145568848e-03
-2.592322789132595062e-02
-5.852223932743072510e-02
-2.319274097681045532e-02
-3.541852533817291260e-02
2.743975631892681122e-02
1.937705092132091522e-02
-1.351397931575775146e-01
4.869071766734123230e-03
3.119172342121601105e-02
-5.084123462438583374e-02
-7.119344174861907959e-02
2.370015904307365417e-02
-4.178328812122344971e-02
-6.237585470080375671e-02
4.346644878387451172e-02
-4.363838955760002136e-02
-2.551183104515075684e-03
-3.422236070036888123e-02
1.694842875003814697e-01
-4.533841088414192200e-02
7.906702347099781036e-03
-3.793373703956604004e-02
-2.641930431127548218e-02
4.074417427182197571e-02
-4.555713385343551636e-02
1.122444123029708862e-01
-5.581225827336311340e-02
2.195785194635391235e-02
-1.044904813170433044e-01
2.600635401904582977e-02
-2.734314277768135071e-02
1.561160758137702942e-02
-3.771640360355377197e-02
1.169467121362686157e-01
-1.976515538990497589e-02
8.022913336753845215e-02
-2.956779114902019501e-02
-5.231360346078872681e-02
2.436864003539085388e-02
-2.915677428245544434e-02
2.863821014761924744e-02
-3.412605077028274536e-02
3.330550715327262878e-02
-2.494223229587078094e-02
-2.339551225304603577e-02
-2.898498624563217163e-02
3.956411778926849365e-02
1.639669574797153473e-02
-3.118531033396720886e-02
-2.682386338710784912e-02
-9.052890539169311523e-02
6.162150204181671143e-02
3.241992741823196411e-02
7.955825328826904297e-02
1.714522205293178558e-02
-2.437720634043216705e-02
3.745879232883453369e-02
-3.257593512535095215e-02
-1.014868617057800293e-01
5.342429131269454956e-02
2.855936810374259949e-02
-1.958271674811840057e-02
3.101100958883762360e-02
-4.283261299133300781e-02
-2.761683985590934753e-02
-4.212704673409461975e-02
-6.481155753135681152e-02
-3.488821536302566528e-02
-4.141097515821456909e-02
-5.476377159357070923e-02
1.544798351824283600e-02
4.441634565591812134e-02
-5.571892485022544861e-03
-5.116390436887741089e-02
-7.800572365522384644e-02
3.233252465724945068e-02
-3.394532203674316406e-02
-2.461999095976352692e-02
-3.228572756052017212e-02
-1.448291540145874023e-02
-2.962607145309448242e-02
-2.390966750681400299e-02
5.414390936493873596e-02
5.388669297099113464e-02
1.427988987416028976e-02
4.403247311711311340e-02
-2.559170126914978027e-02
3.177899122238159180e-02
-4.878182336688041687e-02
-3.321007266640663147e-02
-5.292017385363578796e-02
-2.599892579019069672e-02
9.053397923707962036e-02
-1.446485891938209534e-02
5.613734945654869080e-02
3.857647627592086792e-02
-2.441757917404174805e-02
4.252520948648452759e-02
-2.522677928209304810e-02
-2.532754465937614441e-02
7.844471186399459839e-02
-2.794153429567813873e-02
-3.600919246673583984e-02
-3.807651624083518982e-02
-2.923961728811264038e-02
-2.558927983045578003e-02
-2.935990318655967712e-02
-2.784881927073001862e-02
1.540979146957397461e-01
1.223577931523323059e-02
-3.348365426063537598e-02
-6.310017779469490051e-03
-1.191343814134597778e-01
-8.046016842126846313e-02
-3.050632216036319733e-02
-7.445326074957847595e-03
2.642996981739997864e-02
-9.487642347812652588e-02
-2.808227762579917908e-02
-1.067649666219949722e-02
-4.468471184372901917e-02
2.162148430943489075e-02
-6.471717357635498047e-02
-2.995743975043296814e-02
-3.021309338510036469e-02
-2.523866482079029083e-02
-1.550435833632946014e-02
5.685024708509445190e-02
-4.554695636034011841e-02
-2.141411975026130676e-02
-2.408339641988277435e-02
1.104831993579864502e-01
-2.528801746666431427e-02
-3.174132481217384338e-02
-3.144960477948188782e-02
-1.854465901851654053e-02
-5.359236150979995728e-02
-2.009452693164348602e-02
2.531178668141365051e-02
2.524229139089584351e-02
-4.063700512051582336e-02
-2.695026807487010956e-02
8.059292286634445190e-02
1.133536770939826965e-01
-6.134720519185066223e-03
6.768293678760528564e-02
-2.974708750844001770e-02
-6.493886932730674744e-03
-1.002285256981849670e-02
2.526548691093921661e-02
-3.364780172705650330e-02
-3.214157000184059143e-02
-3.401838988065719604e-02
1.261857748031616211e-01
-3.924486041069030762e-02
-5.604926496744155884e-02
3.371145948767662048e-02
-3.243838995695114136e-02
-9.702932089567184448e-02
1.041333563625812531e-02
4.558973014354705811e-04
1.198813877999782562e-02
-4.883765056729316711e-02
1.284276042133569717e-02
6.132201105356216431e-02
-3.107026778161525726e-02
-8.907114714384078979e-02
-4.686249792575836182e-02
1.630743034183979034e-02
2.321295253932476044e-02
-2.876697108149528503e-03
3.454760089516639709e-02
4.739230871200561523e-02
-9.495405852794647217e-02
2.952279523015022278e-02
2.912129461765289307e-02
1.139884144067764282e-01
-3.141964972019195557e-02
1.730517484247684479e-02
1.090578734874725342e-02
-6.526294164359569550e-03
-3.305947408080101013e-02
-3.260895609855651855e-02
-3.416058421134948730e-02
-2.973221428692340851e-02
-3.332373499870300293e-02
-3.022550791501998901e-02
-8.195474743843078613e-03
-9.371343255043029785e-02
-4.991928860545158386e-02
-3.132678940892219543e-02
-8.160237967967987061e-02
-3.486909344792366028e-02
-4.640823230147361755e-03
-3.834181651473045349e-02
1.502794921398162842e-01
2.512429654598236084e-02
-1.260587945580482483e-03
3.394142165780067444e-02
1.321466639637947083e-02
-2.861214242875576019e-02
1.540701277554035187e-02
4.067445546388626099e-02
-2.490189298987388611e-02
4.070358350872993469e-02
-1.156082898378372192e-01
-1.385625153779983521e-01
-2.803214080631732941e-02
-2.661249041557312012e-02
4.388774931430816650e-02
-4.634753987193107605e-02
-8.340249955654144287e-02
-2.606211416423320770e-02
-2.889160439372062683e-02
-1.716585084795951843e-02
-7.421147078275680542e-03
4.756743088364601135e-02
6.978014856576919556e-02
-2.653330750763416290e-02
-3.281414508819580078e-02
-1.784664951264858246e-02
-7.495944201946258545e-02
3.923939913511276245e-02
-6.585376709699630737e-02
-3.751598298549652100e-02
1.232689619064331055e-01
-2.522222883999347687e-02
3.383983299136161804e-02
4.639131948351860046e-03
5.297411605715751648e-02
8.553594350814819336e-02
-2.219440639019012451e-01
-4.593925178050994873e-02
-2.582605928182601929e-03
6.384109705686569214e-02
-4.138360917568206787e-02
2.256501652300357819e-02
1.539839357137680054e-01
2.607316151261329651e-02
-2.558209188282489777e-02
3.147070109844207764e-02
-8.974650502204895020e-02
-1.014482416212558746e-02
-3.320368751883506775e-02
-6.440892815589904785e-02
-1.141966134309768677e-01
1.556073315441608429e-02
-3.831631690263748169e-02
6.832946836948394775e-02
-1.973396539688110352e-02
-5.179486796259880066e-02
1.589155755937099457e-02
4.348405823111534119e-02
-4.201138392090797424e-02
-2.561731263995170593e-02
2.697235345840454102e-02
-2.279045805335044861e-02
-2.515942975878715515e-02
2.521422691643238068e-02
1.043773144483566284e-01
3.294983506202697754e-02
3.191944211721420288e-02
-4.050917178392410278e-02
-1.975051760673522949e-01
-4.860941693186759949e-02
5.048265308141708374e-02
2.530922740697860718e-02
-4.117189347743988037e-02
-2.848449908196926117e-02
-2.620668523013591766e-02
1.071472018957138062e-01
-2.937856502830982208e-02
4.636054858565330505e-02
-3.791408613324165344e-03
1.646481454372406006e-03
-4.192049801349639893e-02
-4.066655784845352173e-02
-2.541344240307807922e-02
6.555853039026260376e-02
-2.566416747868061066e-02
-3.158966079354286194e-02
-4.540330730378627777e-03
-2.553710713982582092e-03
-1.824936829507350922e-02
4.828110337257385254e-02
-2.826977148652076721e-02
-1.483618281781673431e-02
-3.312719240784645081e-02
3.570483997464179993e-02
-5.776564776897430420e-02
3.454517200589179993e-02
-2.061077952384948730e-02
-2.779101952910423279e-02
2.829174883663654327e-02
-3.680946677923202515e-02
-3.508887067437171936e-02
5.065868794918060303e-02
-2.732487022876739502e-02
-9.298808872699737549e-04
-3.088362514972686768e-02
2.268692478537559509e-03
-7.705345749855041504e-03
2.909412048757076263e-02
-1.404771804809570312e-01
-3.138009458780288696e-02
5.092601850628852844e-02
2.627720311284065247e-02
-1.812029629945755005e-02
3.495793044567108154e-02
-4.680716246366500854e-02
-2.818045765161514282e-02
4.918031021952629089e-02
6.868130713701248169e-02
8.015488088130950928e-02
1.838249713182449341e-02
8.054468035697937012e-02
-1.436455920338630676e-02
-2.647598646581172943e-02
-5.630472674965858459e-02
1.062945649027824402e-01
-9.828409552574157715e-02
-3.585053235292434692e-02
4.372996091842651367e-02
3.995841369032859802e-02
1.313575543463230133e-02
-8.956716954708099365e-02
-2.255650237202644348e-02
5.854605510830879211e-02
3.373917937278747559e-02
-7.333005964756011963e-02
-3.379943221807479858e-02
-3.079110756516456604e-02
-4.059188812971115112e-02
-1.887641474604606628e-02
-2.923603355884552002e-02
-9.291864931583404541e-03
-3.999704495072364807e-02
9.385926648974418640e-03
-1.570122502744197845e-02
4.228786751627922058e-02
-2.598451450467109680e-02
-2.941837348043918610e-02
7.228851318359375000e-03
-2.516628615558147430e-02
-2.876478061079978943e-02
5.960166454315185547e-02
2.357589313760399818e-03
1.179195381700992584e-02
-3.387401252985000610e-02
-2.158996835350990295e-02
3.873966261744499207e-02
4.153393208980560303e-02
1.136096119880676270e-01
-1.878546178340911865e-02
-5.233388394117355347e-03
-2.661873213946819305e-02
-2.730639651417732239e-03
7.008701562881469727e-02
-2.600293420255184174e-02
7.973749190568923950e-03
2.698151767253875732e-02
8.855383098125457764e-02
1.178040504455566406e-01
6.830658763647079468e-02
-1.418751478195190430e-02
3.050273284316062927e-03
6.441252306103706360e-03
-3.268600255250930786e-02
-2.084969170391559601e-02
1.916971504688262939e-01
1.697784662246704102e-02
5.227881669998168945e-02
-6.336551159620285034e-04
-2.590544149279594421e-02
2.545665949583053589e-02
8.387606590986251831e-02
3.305726498365402222e-02
2.185809239745140076e-02
2.521139755845069885e-02
-2.540127560496330261e-02
-7.334268093109130859e-02
3.518732264637947083e-02
-1.543778926134109497e-03
-2.515924349427223206e-02
-1.860726624727249146e-03
-3.124688751995563507e-02
2.579426206648349762e-02
-2.740980312228202820e-02
-2.920887805521488190e-02
-1.480019278824329376e-02
-2.924172207713127136e-02
