1.960323750972747803e-01
2.656733393669128418e-01
4.832170009613037109e-01
4.558473229408264160e-01
3.136832714080810547e-01
2.265553623437881470e-01
4.983692765235900879e-01
2.059571146965026855e-01
2.512812614440917969e-01
2.498266994953155518e-01
5.315474271774291992e-01
2.552641630172729492e-01
4.776231646537780762e-01
2.164972871541976929e-01
4.259642958641052246e-01
2.504116892814636230e-01
2.449453026056289673e-01
4.279562234878540039e-01
2.070678323507308960e-01
4.879777431488037109e-01
2.952781915664672852e-01
2.127737253904342651e-01
4.433331489562988281e-01
2.353462725877761841e-01
5.405794978141784668e-01
3.597895503044128418e-01
4.719496369361877441e-01
4.467817544937133789e-01
2.330434471368789673e-01
3.522444963455200195e-01
3.607070446014404297e-01
2.308613061904907227e-01
5.019566416740417480e-01
3.265236020088195801e-01
4.785299897193908691e-01
3.902205824851989746e-01
3.717756271362304688e-01
1.974837779998779297e-01
1.976865381002426147e-01
3.977057933807373047e-01
4.798071980476379395e-01
2.269970923662185669e-01
2.782772779464721680e-01
5.862063765525817871e-01
4.113203883171081543e-01
2.182436436414718628e-01
4.387848377227783203e-01
3.506603240966796875e-01
2.540131807327270508e-01
4.725063443183898926e-01
5.215255022048950195e-01
4.074889421463012695e-01
2.793607413768768311e-01
2.740598320960998535e-01
4.856575131416320801e-01
4.370960593223571777e-01
1.986972540616989136e-01
5.513490438461303711e-01
2.693172097206115723e-01
2.767743468284606934e-01
4.893760681152343750e-01
2.405061572790145874e-01
2.472176551818847656e-01
2.599636316299438477e-01
4.293876290321350098e-01
2.402993142604827881e-01
5.008208155632019043e-01
4.006248116493225098e-01
2.017512172460556030e-01
5.268706679344177246e-01
2.480608373880386353e-01
4.073153138160705566e-01
4.359853267669677734e-01
4.601555466651916504e-01
4.070234894752502441e-01
4.601899385452270508e-01
2.358124703168869019e-01
5.206895470619201660e-01
5.854518413543701172e-01
2.997857332229614258e-01
3.555777072906494141e-01
3.836971521377563477e-01
4.584576487541198730e-01
2.884501814842224121e-01
4.203575253486633301e-01
2.305500656366348267e-01
1.999766677618026733e-01
2.128009051084518433e-01
5.263409018516540527e-01
2.699727416038513184e-01
5.147798657417297363e-01
2.805521488189697266e-01
4.944337010383605957e-01
2.699220180511474609e-01
2.749316096305847168e-01
4.390064477920532227e-01
5.100225806236267090e-01
4.878472089767456055e-01
2.263545840978622437e-01
2.365507930517196655e-01
4.363226294517517090e-01
4.366263747215270996e-01
2.466412931680679321e-01
4.847829937934875488e-01
5.446164011955261230e-01
2.212892472743988037e-01
3.225217461585998535e-01
4.209663867950439453e-01
2.457962334156036377e-01
5.064398050308227539e-01
4.322003722190856934e-01
3.286744356155395508e-01
1.988020688295364380e-01
3.731652498245239258e-01
4.671076536178588867e-01
4.272014498710632324e-01
2.273307144641876221e-01
2.477384060621261597e-01
2.719951272010803223e-01
4.740070104598999023e-01
2.553997635841369629e-01
2.878601551055908203e-01
2.633945643901824951e-01
3.271723985671997070e-01
4.905160069465637207e-01
2.896398305892944336e-01
4.858839511871337891e-01
4.530900716781616211e-01
3.604268431663513184e-01
2.675566077232360840e-01
4.844518303871154785e-01
5.436010956764221191e-01
4.632462859153747559e-01
6.193876862525939941e-01
4.619415402412414551e-01
6.158480644226074219e-01
2.468265742063522339e-01
4.263761639595031738e-01
4.796416759490966797e-01
3.967126011848449707e-01
4.788776040077209473e-01
4.898228049278259277e-01
4.847669601440429688e-01
4.798474311828613281e-01
4.876028895378112793e-01
3.744717240333557129e-01
2.261475473642349243e-01
2.890661954879760742e-01
2.369561344385147095e-01
2.513424158096313477e-01
3.408608436584472656e-01
4.742707014083862305e-01
2.300975173711776733e-01
4.793824553489685059e-01
4.707360267639160156e-01
2.409728914499282837e-01
5.717961788177490234e-01
5.987865328788757324e-01
3.719083070755004883e-01
4.593804478645324707e-01
5.377011895179748535e-01
5.049632191658020020e-01
6.057482957839965820e-01
2.380898296833038330e-01
4.420859813690185547e-01
5.011454224586486816e-01
5.130822658538818359e-01
2.851541042327880859e-01
2.244949489831924438e-01
2.373420149087905884e-01
5.358588099479675293e-01
2.548832893371582031e-01
2.590152919292449951e-01
2.066422551870346069e-01
2.243564426898956299e-01
4.820438027381896973e-01
5.037832856178283691e-01
2.535771727561950684e-01
2.368939965963363647e-01
5.743261575698852539e-01
2.965480983257293701e-01
5.025407075881958008e-01
2.365352064371109009e-01
2.354221791028976440e-01
2.545908689498901367e-01
2.358063012361526489e-01
2.470139265060424805e-01
3.054960966110229492e-01
4.381614923477172852e-01
4.216026067733764648e-01
5.539361238479614258e-01
3.473235964775085449e-01
3.646706342697143555e-01
2.384354919195175171e-01
2.311675548553466797e-01
3.153333663940429688e-01
2.116074115037918091e-01
5.732184648513793945e-01
5.150907039642333984e-01
2.282709926366806030e-01
2.144521921873092651e-01
4.948382377624511719e-01
5.582479238510131836e-01
3.040148913860321045e-01
2.946959733963012695e-01
2.741116881370544434e-01
2.726132273674011230e-01
3.249383568763732910e-01
5.051177144050598145e-01
4.549895524978637695e-01
4.616240262985229492e-01
2.221611291170120239e-01
3.400422334671020508e-01
4.786698222160339355e-01
2.726763486862182617e-01
4.472247958183288574e-01
2.527149617671966553e-01
2.846541404724121094e-01
2.347394675016403198e-01
2.328042685985565186e-01
5.069375038146972656e-01
5.721451044082641602e-01
4.853565692901611328e-01
2.534663677215576172e-01
4.857065081596374512e-01
2.071756571531295776e-01
5.064768195152282715e-01
4.940006732940673828e-01
4.428176879882812500e-01
2.039330005645751953e-01
2.072145491838455200e-01
2.846116721630096436e-01
2.509327530860900879e-01
2.841388583183288574e-01
3.313729166984558105e-01
2.741370201110839844e-01
2.386208027601242065e-01
3.851224184036254883e-01
4.898825883865356445e-01
2.800873219966888428e-01
5.063633918762207031e-01
5.501185655593872070e-01
2.921292781829833984e-01
4.344773888587951660e-01
4.205310940742492676e-01
4.432739019393920898e-01
2.416281551122665405e-01
5.108865499496459961e-01
2.010999619960784912e-01
2.300191819667816162e-01
2.690300941467285156e-01
4.104993343353271484e-01
2.800337076187133789e-01
3.172764778137207031e-01
2.914616763591766357e-01
3.314397931098937988e-01
4.196627140045166016e-01
4.996042847633361816e-01
4.603055715560913086e-01
2.288440018892288208e-01
4.399531483650207520e-01
4.819313883781433105e-01
2.100700289011001587e-01
2.110696732997894287e-01
4.433929324150085449e-01
4.830175042152404785e-01
3.673139214515686035e-01
4.621108770370483398e-01
4.376724958419799805e-01
3.455183506011962891e-01
2.646476626396179199e-01
4.829322695732116699e-01
6.179583668708801270e-01
4.273234605789184570e-01
3.432119488716125488e-01
4.422436952590942383e-01
3.468550443649291992e-01
5.307190418243408203e-01
5.460619330406188965e-01
4.655967354774475098e-01
4.683276414871215820e-01
4.481390714645385742e-01
4.891090989112854004e-01
3.600996136665344238e-01
4.480734467506408691e-01
3.581563830375671387e-01
3.942824602127075195e-01
2.664310336112976074e-01
1.958102434873580933e-01
4.467700123786926270e-01
4.860743880271911621e-01
4.665585756301879883e-01
4.988787770271301270e-01
3.070392012596130371e-01
2.270628064870834351e-01
3.692042231559753418e-01
2.911955118179321289e-01
5.947952866554260254e-01
2.050271183252334595e-01
4.749315381050109863e-01
5.315239429473876953e-01
3.658722043037414551e-01
2.167023122310638428e-01
3.417340517044067383e-01
5.608585476875305176e-01
5.663484334945678711e-01
2.245834022760391235e-01
3.772178292274475098e-01
5.156288743019104004e-01
2.247989028692245483e-01
2.645022273063659668e-01
6.178715825080871582e-01
5.345768332481384277e-01
5.233748555183410645e-01
3.091548085212707520e-01
5.957286357879638672e-01
4.940807223320007324e-01
2.217959314584732056e-01
4.962164759635925293e-01
3.076429665088653564e-01
5.387135148048400879e-01
1.893270015716552734e-01
4.604511857032775879e-01
2.625103592872619629e-01
4.419042468070983887e-01
3.025306463241577148e-01
4.965478181838989258e-01
3.895273208618164062e-01
2.368157655000686646e-01
1.964203417301177979e-01
2.905719876289367676e-01
2.735671699047088623e-01
2.205239981412887573e-01
4.645897150039672852e-01
5.362013578414916992e-01
5.056298375129699707e-01
4.804968237876892090e-01
2.589704096317291260e-01
5.246189832687377930e-01
4.634892940521240234e-01
2.314728945493698120e-01
2.528491616249084473e-01
3.375679850578308105e-01
4.975662827491760254e-01
1.909848749637603760e-01
2.022516876459121704e-01
1.968757212162017822e-01
4.706172347068786621e-01
5.806074142456054688e-01
5.888664722442626953e-01
3.093183636665344238e-01
2.057828158140182495e-01
2.507567107677459717e-01
2.671750783920288086e-01
4.581426978111267090e-01
2.444229871034622192e-01
5.832207798957824707e-01
3.017540574073791504e-01
2.428226023912429810e-01
4.935369491577148438e-01
4.232534766197204590e-01
5.904372334480285645e-01
2.062845081090927124e-01
2.681824564933776855e-01
1.940714120864868164e-01
2.437390238046646118e-01
5.359130501747131348e-01
3.454893231391906738e-01
2.619986534118652344e-01
2.385634183883666992e-01
2.998582720756530762e-01
2.229997664690017700e-01
2.694334387779235840e-01
2.164484113454818726e-01
4.425649046897888184e-01
4.845095872879028320e-01
2.681223750114440918e-01
4.421502351760864258e-01
5.931909680366516113e-01
2.002825886011123657e-01
3.965683579444885254e-01
4.888830780982971191e-01
4.694215059280395508e-01
5.277478098869323730e-01
2.546620368957519531e-01
4.874883294105529785e-01
3.355835676193237305e-01
5.706103444099426270e-01
4.172121882438659668e-01
4.221994876861572266e-01
4.761258363723754883e-01
2.479422241449356079e-01
3.350486159324645996e-01
2.401480227708816528e-01
5.629665255546569824e-01
5.229501724243164062e-01
4.802692532539367676e-01
2.864201664924621582e-01
3.179424405097961426e-01
3.241034746170043945e-01
2.053594440221786499e-01
5.120329856872558594e-01
2.555473446846008301e-01
2.541615366935729980e-01
2.722415328025817871e-01
4.900987744331359863e-01
4.675387144088745117e-01
5.477164387702941895e-01
4.993568658828735352e-01
2.552617788314819336e-01
2.187845408916473389e-01
2.318928688764572144e-01
4.852259755134582520e-01
4.457690119743347168e-01
5.110995769500732422e-01
3.598288297653198242e-01
2.381607741117477417e-01
5.498598217964172363e-01
5.430404543876647949e-01
5.675600767135620117e-01
4.586614966392517090e-01
4.375876188278198242e-01
4.638602137565612793e-01
2.432048469781875610e-01
4.546778798103332520e-01
4.428904652595520020e-01
4.649959802627563477e-01
1.966702193021774292e-01
3.767037987709045410e-01
4.951421022415161133e-01
4.950135350227355957e-01
3.005546331405639648e-01
3.997380137443542480e-01
4.710085391998291016e-01
3.309212327003479004e-01
2.308448106050491333e-01
6.100423932075500488e-01
2.693700194358825684e-01
2.934899330139160156e-01
2.342579811811447144e-01
2.049577832221984863e-01
5.373282432556152344e-01
5.323851108551025391e-01
3.345283269882202148e-01
2.840936183929443359e-01
3.624864220619201660e-01
4.776329398155212402e-01
4.967722892761230469e-01
4.472690820693969727e-01
2.833112478256225586e-01
3.591580986976623535e-01
1.976678818464279175e-01
5.233796238899230957e-01
4.509177803993225098e-01
4.522272348403930664e-01
3.118327260017395020e-01
2.430305033922195435e-01
4.540085792541503906e-01
4.393895864486694336e-01
6.016533970832824707e-01
2.367270141839981079e-01
3.123400509357452393e-01
4.935106039047241211e-01
2.554652094841003418e-01
4.601945281028747559e-01
2.459685355424880981e-01
5.889818668365478516e-01
5.401479005813598633e-01
4.199793934822082520e-01
4.781777262687683105e-01
5.850997567176818848e-01
2.313893288373947144e-01
2.419288605451583862e-01
2.513700127601623535e-01
4.466611742973327637e-01
2.439706474542617798e-01
2.765364050865173340e-01
2.201332151889801025e-01
4.662538170814514160e-01
2.307672053575515747e-01
4.877367019653320312e-01
3.868103623390197754e-01
2.168537825345993042e-01
5.089648962020874023e-01
2.941495776176452637e-01
2.284302264451980591e-01
4.519678950309753418e-01
3.985223770141601562e-01
2.838135957717895508e-01
5.352977514266967773e-01
2.578718066215515137e-01
4.021434187889099121e-01
2.640611529350280762e-01
3.651844263076782227e-01
4.183377027511596680e-01
4.825996160507202148e-01
5.331899523735046387e-01
4.622676372528076172e-01
4.843901991844177246e-01
1.862306892871856689e-01
4.927932620048522949e-01
3.809831738471984863e-01
5.023041367530822754e-01
5.578120946884155273e-01
2.861617803573608398e-01
6.270262598991394043e-01
4.820634126663208008e-01
4.591367840766906738e-01
4.882047772407531738e-01
2.271663695573806763e-01
2.974718809127807617e-01
2.782813906669616699e-01
2.784560620784759521e-01
5.330033898353576660e-01
5.550833940505981445e-01
3.391988873481750488e-01
3.000204563140869141e-01
5.458678603172302246e-01
2.390901595354080200e-01
4.878632426261901855e-01
5.533654093742370605e-01
2.018368691205978394e-01
2.159225046634674072e-01
5.443427562713623047e-01
2.737346887588500977e-01
2.600171566009521484e-01
5.166726112365722656e-01
2.621979713439941406e-01
2.282313406467437744e-01
2.041743248701095581e-01
2.308432161808013916e-01
4.604051113128662109e-01
2.466308325529098511e-01
2.485964447259902954e-01
4.624474644660949707e-01
3.273800015449523926e-01
4.416561126708984375e-01
4.709507822990417480e-01
3.294580578804016113e-01
1.991843134164810181e-01
2.566778659820556641e-01
4.245339035987854004e-01
4.710903763771057129e-01
4.891901016235351562e-01
2.947565615177154541e-01
5.633829236030578613e-01
4.851418137550354004e-01
2.256973385810852051e-01
2.834887504577636719e-01
5.425418615341186523e-01
4.172773361206054688e-01
5.884945392608642578e-01
2.204247266054153442e-01
2.915598154067993164e-01
2.297740727663040161e-01
4.398299455642700195e-01
4.393898248672485352e-01
6.087747216224670410e-01
2.127620428800582886e-01
1.992296427488327026e-01
2.337279170751571655e-01
1.966977566480636597e-01
5.012738108634948730e-01
4.998244643211364746e-01
4.802691936492919922e-01
2.015830129384994507e-01
2.079194337129592896e-01
4.040204882621765137e-01
2.607886195182800293e-01
2.567198872566223145e-01
4.847745299339294434e-01
2.923063039779663086e-01
2.031444311141967773e-01
5.961304903030395508e-01
4.770585894584655762e-01
4.694223999977111816e-01
4.304369091987609863e-01
3.698139786720275879e-01
4.978595972061157227e-01
3.567723035812377930e-01
2.715775966644287109e-01
5.021367669105529785e-01
2.476452440023422241e-01
5.311367511749267578e-01
4.228727817535400391e-01
2.608509063720703125e-01
2.295010387897491455e-01
3.918617963790893555e-01
4.896566867828369141e-01
2.928776144981384277e-01
2.523969411849975586e-01
4.450166225433349609e-01
4.966984391212463379e-01
2.199020683765411377e-01
3.428730964660644531e-01
3.732009530067443848e-01
3.308767080307006836e-01
3.854062557220458984e-01
3.187887370586395264e-01
3.931747078895568848e-01
3.947414159774780273e-01
2.122866958379745483e-01
5.779685974121093750e-01
2.333488166332244873e-01
5.500171780586242676e-01
4.972571730613708496e-01
4.643052220344543457e-01
5.085535645484924316e-01
4.393751025199890137e-01
2.431468218564987183e-01
4.189869165420532227e-01
3.844886422157287598e-01
3.680617213249206543e-01
4.102815389633178711e-01
4.575071930885314941e-01
4.699158668518066406e-01
1.952976733446121216e-01
3.598088622093200684e-01
4.033050537109375000e-01
2.420806735754013062e-01
2.887220382690429688e-01
2.399419099092483521e-01
2.390902787446975708e-01
4.503350257873535156e-01
4.733750820159912109e-01
2.161037176847457886e-01
2.850610017776489258e-01
4.205045700073242188e-01
2.626966834068298340e-01
2.488330155611038208e-01
4.616188406944274902e-01
3.413457274436950684e-01
2.621164321899414062e-01
2.288003265857696533e-01
4.900418519973754883e-01
4.109185338020324707e-01
3.126420974731445312e-01
3.027245104312896729e-01
4.850819110870361328e-01
4.886476993560791016e-01
4.791116714477539062e-01
5.087352395057678223e-01
5.981099009513854980e-01
5.506353974342346191e-01
2.304182797670364380e-01
4.947509765625000000e-01
5.741202235221862793e-01
5.995636582374572754e-01
4.951723814010620117e-01
4.814916849136352539e-01
5.314022898674011230e-01
3.023249506950378418e-01
2.079818099737167358e-01
4.957532882690429688e-01
5.064404010772705078e-01
5.128502249717712402e-01
2.890773713588714600e-01
2.544440031051635742e-01
3.817084431648254395e-01
2.810676693916320801e-01
4.906500577926635742e-01
2.140958309173583984e-01
4.821925759315490723e-01
2.841196060180664062e-01
3.496090769767761230e-01
5.764257311820983887e-01
4.738882780075073242e-01
2.177630960941314697e-01
2.671395540237426758e-01
4.362155199050903320e-01
5.440365672111511230e-01
4.908835291862487793e-01
2.658622264862060547e-01
6.291630864143371582e-01
4.986783266067504883e-01
4.432147145271301270e-01
4.357190728187561035e-01
2.093542516231536865e-01
5.950979590415954590e-01
4.514082670211791992e-01
2.331466078758239746e-01
2.535935640335083008e-01
5.184168815612792969e-01
2.590529322624206543e-01
5.627362132072448730e-01
2.372628301382064819e-01
4.925069808959960938e-01
2.464399337768554688e-01
5.976879596710205078e-01
4.686833620071411133e-01
2.737281918525695801e-01
2.383459955453872681e-01
4.776260256767272949e-01
4.440592527389526367e-01
5.011641979217529297e-01
2.975625097751617432e-01
4.179611802101135254e-01
5.176797509193420410e-01
4.274788498878479004e-01
5.425467491149902344e-01
1.987010687589645386e-01
4.735745787620544434e-01
3.711048960685729980e-01
5.004251599311828613e-01
4.837509989738464355e-01
4.789969921112060547e-01
2.546384334564208984e-01
5.203403830528259277e-01
5.082374215126037598e-01
4.503459930419921875e-01
4.486775994300842285e-01
1.867263913154602051e-01
2.410856932401657104e-01
4.607726931571960449e-01
5.802051424980163574e-01
4.711821675300598145e-01
5.916246175765991211e-01
2.110691219568252563e-01
5.043648481369018555e-01
5.972359776496887207e-01
2.595931291580200195e-01
2.543601393699645996e-01
2.327965050935745239e-01
5.048819184303283691e-01
4.379174709320068359e-01
5.391874909400939941e-01
5.263680815696716309e-01
2.638329267501831055e-01
2.511461675167083740e-01
2.026538103818893433e-01
4.329916834831237793e-01
2.847575545310974121e-01
4.579743742942810059e-01
4.535848498344421387e-01
2.300022691488265991e-01
2.391998916864395142e-01
2.457217723131179810e-01
2.763732075691223145e-01
4.683470129966735840e-01
2.517487406730651855e-01
3.987874984741210938e-01
2.373469769954681396e-01
5.008974075317382812e-01
5.137757062911987305e-01
4.529839158058166504e-01
2.412896901369094849e-01
5.311343073844909668e-01
4.317830801010131836e-01
2.412557154893875122e-01
4.256414175033569336e-01
4.432559013366699219e-01
4.805651903152465820e-01
4.903816580772399902e-01
2.057632654905319214e-01
4.144976735115051270e-01
4.819508790969848633e-01
4.872715473175048828e-01
4.034452438354492188e-01
2.407690733671188354e-01
2.257789820432662964e-01
4.780693054199218750e-01
2.563703060150146484e-01
2.224407047033309937e-01
2.924237251281738281e-01
4.673694372177124023e-01
5.616033077239990234e-01
3.722638487815856934e-01
4.945760965347290039e-01
2.311696857213973999e-01
2.438296824693679810e-01
3.540340065956115723e-01
5.136072635650634766e-01
2.138613313436508179e-01
4.947717189788818359e-01
4.299195408821105957e-01
2.433561533689498901e-01
2.303337603807449341e-01
4.353069067001342773e-01
4.255132079124450684e-01
2.310238927602767944e-01
4.737525582313537598e-01
4.835719466209411621e-01
2.180076390504837036e-01
2.382086962461471558e-01
2.133579403162002563e-01
2.106949239969253540e-01
3.901283144950866699e-01
3.789066076278686523e-01
4.124237895011901855e-01
4.433680772781372070e-01
2.192542850971221924e-01
2.031304985284805298e-01
2.795765399932861328e-01
2.643308639526367188e-01
2.385955303907394409e-01
3.221566677093505859e-01
4.404654502868652344e-01
3.689756989479064941e-01
5.063084959983825684e-01
3.733102083206176758e-01
4.164476990699768066e-01
1.919505894184112549e-01
3.540400266647338867e-01
3.551362752914428711e-01
2.484578639268875122e-01
1.930925548076629639e-01
3.186776041984558105e-01
4.605091214179992676e-01
5.277107954025268555e-01
2.668261528015136719e-01
4.720170497894287109e-01
4.968575835227966309e-01
2.494757324457168579e-01
6.109067201614379883e-01
5.723559260368347168e-01
2.260867208242416382e-01
4.354822039604187012e-01
2.194712758064270020e-01
4.241110086441040039e-01
3.937352895736694336e-01
4.717305898666381836e-01
5.427335500717163086e-01
2.963058352470397949e-01
4.438376426696777344e-01
4.546376466751098633e-01
4.928966760635375977e-01
2.174168080091476440e-01
4.311656951904296875e-01
2.475170195102691650e-01
5.104442238807678223e-01
2.232696861028671265e-01
2.834761738777160645e-01
5.440106391906738281e-01
2.357347160577774048e-01
4.748008251190185547e-01
2.427748888731002808e-01
4.845288991928100586e-01
5.525698661804199219e-01
2.973387241363525391e-01
2.396071851253509521e-01
4.070402383804321289e-01
2.346412688493728638e-01
2.943266034126281738e-01
4.521291851997375488e-01
5.298314690589904785e-01
2.333790510892868042e-01
4.932706952095031738e-01
3.483266830444335938e-01
1.996938735246658325e-01
2.182559520006179810e-01
2.549796998500823975e-01
3.074895739555358887e-01
4.435717463493347168e-01
2.394799888134002686e-01
4.872326254844665527e-01
2.165966480970382690e-01
3.337975144386291504e-01
2.122523933649063110e-01
2.251685708761215210e-01
4.087908267974853516e-01
3.558756709098815918e-01
6.288793683052062988e-01
2.030949443578720093e-01
3.037205934524536133e-01
2.499805241823196411e-01
5.408324003219604492e-01
2.151885479688644409e-01
5.353267788887023926e-01
4.405061602592468262e-01
2.346217483282089233e-01
2.409382462501525879e-01
4.711235761642456055e-01
4.273365139961242676e-01
2.332078665494918823e-01
2.336198836565017700e-01
2.547260224819183350e-01
3.734556436538696289e-01
4.721695184707641602e-01
2.257944643497467041e-01
3.507902026176452637e-01
4.125163555145263672e-01
2.379781454801559448e-01
4.794415831565856934e-01
3.226516842842102051e-01
3.629967570304870605e-01
4.559448361396789551e-01
2.689111828804016113e-01
4.809350967407226562e-01
2.047242373228073120e-01
4.825994968414306641e-01
5.068151950836181641e-01
4.870615005493164062e-01
4.419122338294982910e-01
2.454277127981185913e-01
4.817208647727966309e-01
3.012141287326812744e-01
2.466600686311721802e-01
5.555862188339233398e-01
4.852918386459350586e-01
2.829061150550842285e-01
5.056742429733276367e-01
2.426105588674545288e-01
4.889481663703918457e-01
4.576302766799926758e-01
5.936488509178161621e-01
3.075976371765136719e-01
3.406400084495544434e-01
5.321318507194519043e-01
4.759548306465148926e-01
4.975563883781433105e-01
4.928233027458190918e-01
4.337641000747680664e-01
4.039984941482543945e-01
5.999355912208557129e-01
2.454633265733718872e-01
3.982222676277160645e-01
3.565292954444885254e-01
2.472810894250869751e-01
4.565759897232055664e-01
4.460000991821289062e-01
4.259516596794128418e-01
2.473345249891281128e-01
2.528282403945922852e-01
4.841231703758239746e-01
4.700613617897033691e-01
2.540766000747680664e-01
2.049878984689712524e-01
2.830471992492675781e-01
2.433360368013381958e-01
4.634469747543334961e-01
2.410503774881362915e-01
3.053714036941528320e-01
1.999882012605667114e-01
2.168823033571243286e-01
2.427768409252166748e-01
5.627964735031127930e-01
3.775695562362670898e-01
3.116818070411682129e-01
2.946932017803192139e-01
5.034082531929016113e-01
5.194218754768371582e-01
2.520400881767272949e-01
5.171129703521728516e-01
3.161835372447967529e-01
2.850699424743652344e-01
1.947371810674667358e-01
2.577869296073913574e-01
2.070634514093399048e-01
2.883558869361877441e-01
5.228139758110046387e-01
2.226351797580718994e-01
5.714526772499084473e-01
4.866676926612854004e-01
1.857602596282958984e-01
4.606806635856628418e-01
2.823042273521423340e-01
4.870077967643737793e-01
5.093432664871215820e-01
2.914527654647827148e-01
5.314428806304931641e-01
5.214179754257202148e-01
3.193754553794860840e-01
2.377524375915527344e-01
2.317569851875305176e-01
2.347748875617980957e-01
3.444171547889709473e-01
2.093191891908645630e-01
2.452105432748794556e-01
5.270470380783081055e-01
4.563339352607727051e-01
2.241935282945632935e-01
5.704967379570007324e-01
4.799638986587524414e-01
2.231366336345672607e-01
4.417475461959838867e-01
2.521877884864807129e-01
3.694806098937988281e-01
2.349668443202972412e-01
6.158043146133422852e-01
3.339066505432128906e-01
2.785778641700744629e-01
3.857210874557495117e-01
5.874963998794555664e-01
4.902027249336242676e-01
4.865116477012634277e-01
5.566159486770629883e-01
2.096408307552337646e-01
4.901461005210876465e-01
5.015772581100463867e-01
4.204940795898437500e-01
