8.194581419229507446e-02
1.056334972381591797e-01
7.682304084300994873e-02
9.157667309045791626e-02
1.026617437601089478e-01
9.473318606615066528e-02
7.447995245456695557e-02
1.189683675765991211e-01
1.315193176269531250e-01
1.175457537174224854e-01
1.362895816564559937e-01
1.404681950807571411e-01
1.563355028629302979e-01
9.355581551790237427e-02
8.255918323993682861e-02
1.511325836181640625e-01
1.094344407320022583e-01
8.813047409057617188e-02
8.439219743013381958e-02
1.315169334411621094e-01
1.085025221109390259e-01
9.234417229890823364e-02
1.413828134536743164e-01
7.872590422630310059e-02
8.001632988452911377e-02
1.125111281871795654e-01
5.982010066509246826e-02
1.091297864913940430e-01
1.064341217279434204e-01
7.422021031379699707e-02
1.162971109151840210e-01
1.194386035203933716e-01
6.007698923349380493e-02
9.459837526082992554e-02
6.195725500583648682e-02
1.004994884133338928e-01
8.271622657775878906e-02
8.343894034624099731e-02
1.364720612764358521e-01
1.067511290311813354e-01
1.112165525555610657e-01
8.604627847671508789e-02
1.719087958335876465e-01
1.111239641904830933e-01
1.122793108224868774e-01
1.546837091445922852e-01
8.221950381994247437e-02
9.725496917963027954e-02
1.244843602180480957e-01
9.347073733806610107e-02
2.178851217031478882e-01
8.083232492208480835e-02
9.739947319030761719e-02
8.549085259437561035e-02
1.439707577228546143e-01
1.081093475222587585e-01
1.196508705615997314e-01
1.154984682798385620e-01
6.315501034259796143e-02
6.639587879180908203e-02
1.043745726346969604e-01
7.746155560016632080e-02
6.856323778629302979e-02
1.291470825672149658e-01
6.429134309291839600e-02
1.187138706445693970e-01
1.962005048990249634e-01
8.491462469100952148e-02
9.530343115329742432e-02
7.632320374250411987e-02
7.577131688594818115e-02
1.142166256904602051e-01
7.673065364360809326e-02
7.766130566596984863e-02
1.733996123075485229e-01
1.820310950279235840e-01
6.905475258827209473e-02
2.034785598516464233e-02
1.121294349431991577e-01
1.226134896278381348e-01
5.158970504999160767e-02
9.928251802921295166e-02
9.548269212245941162e-02
1.374721527099609375e-01
6.765687465667724609e-02
9.436940401792526245e-02
9.175470471382141113e-02
6.825157999992370605e-02
1.046525090932846069e-01
1.419793069362640381e-01
1.095177978277206421e-01
8.412830531597137451e-02
8.705642819404602051e-02
6.853083521127700806e-02
1.281655728816986084e-01
1.309312880039215088e-01
1.009708195924758911e-01
1.139357984066009521e-01
1.058472543954849243e-01
1.101192831993103027e-01
1.458494961261749268e-01
8.144876360893249512e-02
1.166717112064361572e-01
9.513286501169204712e-02
8.722466230392456055e-02
1.517142653465270996e-01
6.837405264377593994e-02
8.581571280956268311e-02
7.990257441997528076e-02
8.987803757190704346e-02
8.864054828882217407e-02
4.865454137325286865e-02
1.306333541870117188e-01
8.172373473644256592e-02
6.460945308208465576e-02
8.570779860019683838e-02
6.376328319311141968e-02
1.406977921724319458e-01
1.169233471155166626e-01
8.155750483274459839e-02
9.035798907279968262e-02
1.054410263895988464e-01
1.066385880112648010e-01
1.705756485462188721e-01
9.342496097087860107e-02
8.911109715700149536e-02
1.529147475957870483e-01
8.943130820989608765e-02
8.280894905328750610e-02
1.808376312255859375e-01
1.282944828271865845e-01
8.643730729818344116e-02
1.102937757968902588e-01
9.111166000366210938e-02
6.337837874889373779e-02
1.208772063255310059e-01
6.884523481130599976e-02
1.027231588959693909e-01
1.303785741329193115e-01
1.044367104768753052e-01
2.084099203348159790e-01
6.719585508108139038e-05
1.021540835499763489e-01
1.066488623619079590e-01
1.339508593082427979e-01
1.841135323047637939e-01
1.226059645414352417e-01
6.454275548458099365e-02
1.462570130825042725e-01
1.197009980678558350e-01
1.261426061391830444e-01
1.027392446994781494e-01
7.579568773508071899e-02
1.393143981695175171e-01
7.464094460010528564e-02
1.065112650394439697e-01
9.375119954347610474e-02
7.564455270767211914e-02
7.720501720905303955e-02
9.469319134950637817e-02
3.114856034517288208e-02
1.272715479135513306e-01
1.576350033283233643e-01
1.249530315399169922e-01
3.056811541318893433e-02
2.425552308559417725e-01
7.754181325435638428e-02
8.215700089931488037e-02
1.173186302185058594e-01
9.960348159074783325e-02
1.139557361602783203e-01
1.000162959098815918e-01
1.248811483383178711e-01
6.160324811935424805e-02
7.023304700851440430e-02
6.165228784084320068e-02
8.614817261695861816e-02
7.686139643192291260e-02
9.051537513732910156e-02
9.034587442874908447e-02
1.247354298830032349e-01
9.651015698909759521e-02
7.693137973546981812e-02
8.879743516445159912e-02
9.237367659807205200e-02
6.704680621623992920e-02
7.779391855001449585e-02
2.744134068489074707e-01
1.167301833629608154e-01
1.245494633913040161e-01
1.108880192041397095e-01
1.064719855785369873e-01
9.455448389053344727e-02
9.502734243869781494e-02
1.832123994827270508e-01
1.069335639476776123e-01
5.057127773761749268e-02
1.331465691328048706e-01
1.149325966835021973e-01
6.089619547128677368e-02
8.582308143377304077e-02
9.396437555551528931e-02
1.091117486357688904e-01
9.717021882534027100e-02
5.840481072664260864e-02
1.573146879673004150e-01
5.702829360961914062e-02
1.357529461383819580e-01
8.090382069349288940e-02
6.656538695096969604e-02
1.387768685817718506e-01
1.192098855972290039e-01
9.659953415393829346e-02
8.884417265653610229e-02
1.657482683658599854e-01
1.233970224857330322e-01
1.032732725143432617e-01
1.127495169639587402e-01
2.079173177480697632e-02
9.470546990633010864e-02
4.474232345819473267e-02
7.492575049400329590e-02
1.361009478569030762e-01
1.034602820873260498e-01
1.247155517339706421e-01
7.489874958992004395e-02
1.480165719985961914e-01
6.116375327110290527e-02
9.418523311614990234e-02
1.168575137853622437e-01
6.820534169673919678e-02
9.286244213581085205e-02
8.227789402008056641e-02
9.860798716545104980e-02
8.544521033763885498e-02
2.304060161113739014e-01
1.093313097953796387e-01
1.017029583454132080e-01
8.395726978778839111e-02
1.342355012893676758e-01
1.765508353710174561e-01
1.327927708625793457e-01
1.521628797054290771e-01
1.433159708976745605e-01
6.814546883106231689e-02
9.515071660280227661e-02
9.030012786388397217e-02
7.548616826534271240e-02
1.245250552892684937e-01
7.038395106792449951e-02
2.696630358695983887e-02
1.475081741809844971e-01
1.167888939380645752e-01
6.495994329452514648e-02
8.573295176029205322e-02
1.413932442665100098e-01
1.158848404884338379e-01
8.638262748718261719e-02
1.482740342617034912e-01
8.860724419355392456e-02
4.391343146562576294e-02
1.018132418394088745e-01
9.751489013433456421e-02
1.699189245700836182e-01
7.949563860893249512e-02
1.021917909383773804e-01
9.964815527200698853e-02
9.362504631280899048e-02
9.985228627920150757e-02
1.510765105485916138e-01
9.103311598300933838e-02
9.593832492828369141e-02
1.130535006523132324e-01
1.148542165756225586e-01
7.694602012634277344e-02
1.111625656485557556e-01
1.335142552852630615e-01
6.065941601991653442e-02
1.187562942504882812e-01
8.957028388977050781e-02
8.991486579179763794e-02
8.018399029970169067e-02
7.647030055522918701e-02
1.039726510643959045e-01
1.781502962112426758e-01
7.522338628768920898e-02
9.496347606182098389e-02
8.102543652057647705e-02
9.015750885009765625e-02
1.311796456575393677e-01
9.943938255310058594e-02
1.025850474834442139e-01
8.763308078050613403e-02
1.145859658718109131e-01
9.993855655193328857e-02
6.480385363101959229e-02
1.424301862716674805e-01
3.972296789288520813e-02
5.415637791156768799e-02
8.491992950439453125e-02
9.973146021366119385e-02
9.994775801897048950e-02
1.920452862977981567e-01
1.029669418931007385e-01
7.963205873966217041e-02
6.564437597990036011e-02
1.285785734653472900e-01
1.314149200916290283e-01
5.602536350488662720e-02
9.773498773574829102e-02
1.416790187358856201e-01
6.773405522108078003e-02
8.428690582513809204e-02
7.278853654861450195e-02
1.124965399503707886e-01
6.060965359210968018e-02
9.146776795387268066e-02
1.122462600469589233e-01
4.845353960990905762e-02
1.374320089817047119e-01
8.161132037639617920e-02
8.161811530590057373e-02
9.204910695552825928e-02
1.284107416868209839e-01
5.141823738813400269e-02
8.722896873950958252e-02
8.962790668010711670e-02
9.050527215003967285e-02
1.169633269309997559e-01
6.306808441877365112e-02
1.335845440626144409e-01
1.032885611057281494e-01
1.125604212284088135e-01
1.494826972484588623e-01
8.604700863361358643e-02
2.907101437449455261e-02
9.643656015396118164e-02
6.591646373271942139e-02
9.786342084407806396e-02
7.526818662881851196e-02
7.356847822666168213e-02
1.493921279907226562e-01
2.730918526649475098e-01
8.407702296972274780e-02
9.677349030971527100e-02
9.722515940666198730e-02
9.977504611015319824e-02
8.567865937948226929e-02
1.035449653863906860e-01
6.294591724872589111e-02
4.474677145481109619e-02
1.128132343292236328e-01
8.122610300779342651e-02
1.534051448106765747e-01
1.662197709083557129e-01
9.241181612014770508e-02
9.481929242610931396e-02
7.379540801048278809e-02
9.079689532518386841e-02
1.469095796346664429e-01
1.360159814357757568e-01
7.904540002346038818e-02
5.929544568061828613e-02
7.357813417911529541e-02
1.050920784473419189e-01
1.158303916454315186e-01
9.406783431768417358e-02
5.164702236652374268e-02
8.433274924755096436e-02
1.217854917049407959e-01
9.415259957313537598e-02
7.506372779607772827e-02
8.642322570085525513e-02
9.791577607393264771e-02
8.669622987508773804e-02
6.503679603338241577e-02
7.060904800891876221e-02
8.050013333559036255e-02
6.738764792680740356e-02
1.106863319873809814e-01
2.098197937011718750e-01
9.110487252473831177e-02
1.033323258161544800e-01
6.942385435104370117e-02
5.643806606531143188e-02
5.186227709054946899e-02
6.026250869035720825e-02
1.212567090988159180e-01
1.328501403331756592e-01
9.616503119468688965e-02
9.667488187551498413e-02
8.986306935548782349e-02
1.346435695886611938e-01
1.615077555179595947e-01
5.828750878572463989e-02
8.281455934047698975e-02
1.517701596021652222e-01
9.231859445571899414e-02
8.089096844196319580e-02
1.205642074346542358e-01
1.005671918392181396e-01
9.342767298221588135e-02
9.026753902435302734e-02
7.195168733596801758e-02
1.115501672029495239e-01
9.849621355533599854e-02
9.471847116947174072e-02
1.009790599346160889e-01
1.211525201797485352e-01
1.392620652914047241e-01
8.343220502138137817e-02
7.753571867942810059e-02
7.446204125881195068e-02
5.665722489356994629e-02
1.078703403472900391e-01
1.410598903894424438e-01
7.966676354408264160e-02
9.576505422592163086e-02
8.796025812625885010e-02
1.142457127571105957e-01
1.210132092237472534e-01
1.124224662780761719e-01
8.841326832771301270e-02
1.052861884236335754e-01
2.244302332401275635e-01
1.010695621371269226e-01
1.157964915037155151e-01
1.324073821306228638e-01
7.160603255033493042e-02
7.806397974491119385e-02
8.243250101804733276e-02
1.145830154418945312e-01
1.181186288595199585e-01
1.171354651451110840e-01
7.231421023607254028e-02
8.022778481245040894e-02
8.877114206552505493e-02
1.398661136627197266e-01
1.826302856206893921e-01
1.863226741552352905e-01
6.592103093862533569e-02
1.092227026820182800e-01
1.066991835832595825e-01
9.308287501335144043e-02
1.035552620887756348e-01
1.720939576625823975e-01
9.030881524085998535e-02
8.719699829816818237e-02
1.192245185375213623e-01
1.725473701953887939e-01
1.150698363780975342e-01
7.651674747467041016e-02
9.168704599142074585e-02
9.433381259441375732e-02
1.124721467494964600e-01
1.393212825059890747e-01
9.557263553142547607e-02
1.071227639913558960e-01
1.082004010677337646e-01
1.934890002012252808e-01
1.138548254966735840e-01
6.786780059337615967e-02
7.233499735593795776e-02
3.737603873014450073e-02
8.854356408119201660e-02
7.604470849037170410e-02
1.069621592760086060e-01
9.966081380844116211e-02
1.360288411378860474e-01
1.095928028225898743e-01
9.885662794113159180e-02
7.214397937059402466e-02
8.681500703096389771e-02
1.113509014248847961e-01
8.916261047124862671e-02
8.924192190170288086e-02
8.197764307260513306e-02
5.164293199777603149e-02
2.074717432260513306e-01
9.246414899826049805e-02
1.447092294692993164e-01
9.783357381820678711e-02
8.003988862037658691e-02
3.098706901073455811e-02
1.237405389547348022e-01
9.387722611427307129e-02
8.318622410297393799e-02
9.467221796512603760e-02
8.722253143787384033e-02
1.002010256052017212e-01
6.007089465856552124e-02
1.020838469266891479e-01
1.078107804059982300e-01
1.020804569125175476e-01
1.299212574958801270e-01
7.109899818897247314e-02
2.557419985532760620e-02
1.635949611663818359e-01
2.578491270542144775e-01
9.735481441020965576e-02
1.774369031190872192e-01
3.460294753313064575e-02
1.438888013362884521e-01
1.077550873160362244e-01
2.289397269487380981e-01
9.871967136859893799e-02
7.365660369396209717e-02
1.333781033754348755e-01
1.278837323188781738e-01
5.492933094501495361e-02
8.985963463783264160e-02
9.326655417680740356e-02
9.989690035581588745e-02
6.617872416973114014e-02
2.037014663219451904e-01
1.031399741768836975e-01
8.910271525382995605e-02
1.153146326541900635e-01
8.420119434595108032e-02
1.358993053436279297e-01
1.090661138296127319e-01
9.020765870809555054e-02
8.607050776481628418e-02
9.257822483777999878e-02
1.255201995372772217e-01
6.795012950897216797e-02
1.414081603288650513e-01
1.609847545623779297e-01
7.270985841751098633e-02
6.450954824686050415e-02
9.034125506877899170e-02
8.904163539409637451e-02
9.609091281890869141e-02
6.858459673821926117e-03
9.189903736114501953e-02
1.579421907663345337e-01
1.283477097749710083e-01
1.992293745279312134e-01
1.138799190521240234e-01
8.233949542045593262e-02
1.199540048837661743e-01
1.125580519437789917e-01
9.095877408981323242e-02
9.420529007911682129e-02
1.210593879222869873e-01
7.147700339555740356e-02
9.097803384065628052e-02
2.084210887551307678e-02
1.226862370967864990e-01
7.133504748344421387e-02
1.314103603363037109e-01
9.428014606237411499e-02
1.237640529870986938e-01
1.025209724903106689e-01
1.418311148881912231e-01
7.772278040647506714e-02
4.360650107264518738e-02
9.668990969657897949e-02
2.135206013917922974e-01
1.667908132076263428e-01
1.120973229408264160e-01
6.224763393402099609e-02
9.171716868877410889e-02
1.195312887430191040e-01
8.281461149454116821e-02
1.493103802204132080e-01
7.683308422565460205e-02
9.239954501390457153e-02
1.581040322780609131e-01
1.028408855199813843e-01
1.302725672721862793e-01
8.863523602485656738e-02
3.300900012254714966e-02
9.453689306974411011e-02
6.551843881607055664e-02
1.234060823917388916e-01
7.664863765239715576e-02
8.289502561092376709e-02
1.196845918893814087e-01
9.784361720085144043e-02
1.206136047840118408e-01
1.976370513439178467e-01
9.858717024326324463e-02
1.436790972948074341e-01
1.391983181238174438e-01
9.145576506853103638e-02
7.974179089069366455e-02
4.110052064061164856e-02
1.083104908466339111e-01
1.002281829714775085e-01
1.055579036474227905e-01
9.308180212974548340e-02
6.394091248512268066e-02
1.833463460206985474e-01
9.271314740180969238e-02
9.060309082269668579e-02
1.623065471649169922e-01
1.009026095271110535e-01
9.537914395332336426e-02
8.723904937505722046e-02
9.728076308965682983e-02
7.658791542053222656e-02
8.459017425775527954e-02
1.102487444877624512e-01
8.570567518472671509e-02
2.208591699600219727e-01
9.528559446334838867e-02
1.652634441852569580e-01
1.400976181030273438e-01
1.133835911750793457e-01
9.452790766954421997e-02
1.316189169883728027e-01
8.238305151462554932e-02
1.307108700275421143e-01
8.203001320362091064e-02
1.078350692987442017e-01
7.302703708410263062e-02
2.305578440427780151e-01
7.123376429080963135e-02
9.380616247653961182e-02
5.848702043294906616e-02
8.650340139865875244e-02
7.935500144958496094e-02
7.254938036203384399e-02
1.362683027982711792e-01
1.372532695531845093e-01
8.348832279443740845e-02
2.479471862316131592e-01
8.562813699245452881e-02
4.889557510614395142e-02
8.802720159292221069e-02
9.781250357627868652e-02
1.183662116527557373e-01
8.267827332019805908e-02
8.026005327701568604e-02
7.176548242568969727e-02
1.608842909336090088e-01
8.630345761775970459e-02
5.741232633590698242e-02
8.235150575637817383e-02
7.410974800586700439e-02
9.865796566009521484e-02
4.965234547853469849e-02
7.780157029628753662e-02
6.579095125198364258e-02
9.051876515150070190e-02
1.202208697795867920e-01
8.067378401756286621e-02
1.247497797012329102e-01
1.273180246353149414e-01
1.714961230754852295e-01
9.193168580532073975e-02
1.109740138053894043e-01
8.716137707233428955e-02
8.433001488447189331e-02
8.666407316923141479e-02
1.422916650772094727e-01
1.198486536741256714e-01
1.176051050424575806e-01
8.703460544347763062e-02
8.912700414657592773e-02
7.987895607948303223e-02
8.870479464530944824e-02
6.332875043153762817e-02
6.694760918617248535e-02
9.317217767238616943e-02
1.215016841888427734e-01
7.155796885490417480e-02
8.625259995460510254e-02
1.090231537818908691e-01
1.058262810111045837e-01
1.196061074733734131e-01
8.834601938724517822e-02
1.567827910184860229e-01
1.047489345073699951e-01
6.375946104526519775e-02
7.498984038829803467e-02
9.489521384239196777e-02
9.647083282470703125e-02
6.021985411643981934e-02
9.900926053524017334e-02
1.010277867317199707e-01
9.056370705366134644e-02
1.206144094467163086e-01
1.473749577999114990e-01
4.973872005939483643e-02
9.565159678459167480e-02
9.258268773555755615e-02
6.598141044378280640e-02
1.238511204719543457e-01
6.355592608451843262e-02
1.565368771553039551e-01
1.146078109741210938e-01
1.110198944807052612e-01
9.538745135068893433e-02
8.093450218439102173e-02
9.958629310131072998e-02
7.116064429283142090e-02
1.052080392837524414e-01
8.639509975910186768e-02
6.440566480159759521e-02
7.825595140457153320e-02
6.875851750373840332e-02
7.533222436904907227e-02
7.235574722290039062e-02
6.069710850715637207e-02
8.107841014862060547e-02
1.476798057556152344e-01
1.149853765964508057e-01
1.060635298490524292e-01
9.116078913211822510e-02
1.740492582321166992e-01
1.238493323326110840e-01
6.505188345909118652e-02
9.189005941152572632e-02
7.124827802181243896e-02
2.154980003833770752e-01
9.374017268419265747e-02
3.095978498458862305e-02
8.220846951007843018e-02
1.019806563854217529e-01
1.109511703252792358e-01
8.291517198085784912e-02
9.752383083105087280e-02
6.147547066211700439e-02
1.125353723764419556e-01
6.278799474239349365e-02
7.362943887710571289e-02
2.249387204647064209e-01
6.096339225769042969e-02
1.811271905899047852e-01
7.471175491809844971e-02
8.321510255336761475e-02
5.765347182750701904e-02
1.048245802521705627e-01
9.919356554746627808e-02
1.076003089547157288e-01
9.320031106472015381e-02
1.072880923748016357e-01
8.386815339326858521e-02
7.185904681682586670e-02
1.637957841157913208e-01
1.101522818207740784e-01
1.020738631486892700e-01
9.212717413902282715e-02
6.997214257717132568e-02
1.259369254112243652e-01
9.033975750207901001e-02
9.655669331550598145e-02
8.125557750463485718e-02
1.047487333416938782e-01
6.117903441190719604e-02
1.552778333425521851e-01
9.321823716163635254e-02
1.018680483102798462e-01
7.867641746997833252e-02
6.773720681667327881e-02
1.635308861732482910e-01
1.040384471416473389e-01
1.011708006262779236e-01
1.388264000415802002e-01
8.620115369558334351e-02
9.578727185726165771e-02
1.326414644718170166e-01
6.635537743568420410e-02
1.020138263702392578e-01
7.743337005376815796e-02
1.071420609951019287e-01
1.406085640192031860e-01
1.125078201293945312e-01
1.247038245201110840e-01
8.220123499631881714e-02
1.256282776594161987e-01
9.196548163890838623e-02
3.702918440103530884e-02
1.008973941206932068e-01
1.150317043066024780e-01
1.222571879625320435e-01
1.170848757028579712e-01
2.311431244015693665e-02
1.195282936096191406e-01
7.238135486841201782e-02
7.055009156465530396e-02
1.022460386157035828e-01
7.479324936866760254e-02
6.369851529598236084e-02
1.361016929149627686e-01
1.156689375638961792e-01
9.921346604824066162e-02
1.101285144686698914e-01
1.048015132546424866e-01
8.896493911743164062e-02
1.124162375926971436e-01
1.195451915264129639e-01
1.874498575925827026e-01
8.852173388004302979e-02
1.197760701179504395e-01
7.675068080425262451e-02
9.124515950679779053e-02
7.396266609430313110e-02
8.605222404003143311e-02
8.724842965602874756e-02
6.383969634771347046e-02
9.256872534751892090e-02
1.774450540542602539e-01
1.629492044448852539e-01
7.355184853076934814e-02
1.025407314300537109e-01
1.151897013187408447e-01
7.789974659681320190e-02
9.163228422403335571e-02
5.995702743530273438e-02
7.993678748607635498e-02
1.121141314506530762e-01
1.019048988819122314e-01
8.725518733263015747e-02
8.965536206960678101e-02
9.354764223098754883e-02
7.966858148574829102e-02
1.035085916519165039e-01
1.754744797945022583e-01
1.092946976423263550e-01
1.350389868021011353e-01
7.891517877578735352e-02
2.253782302141189575e-01
8.647818863391876221e-02
7.980191707611083984e-02
1.034997105598449707e-01
7.279550284147262573e-02
2.719522714614868164e-01
2.302806973457336426e-01
1.017630472779273987e-01
9.160782396793365479e-02
1.006573289632797241e-01
1.483110338449478149e-01
8.683355152606964111e-02
1.779691427946090698e-01
1.335468292236328125e-01
6.335879862308502197e-02
1.126286685466766357e-01
1.687657088041305542e-01
1.070413067936897278e-01
9.876462072134017944e-02
1.088156551122665405e-01
1.439593881368637085e-01
1.182780861854553223e-01
7.921862602233886719e-02
1.471070200204849243e-01
9.685989469289779663e-02
8.094845712184906006e-02
9.983258694410324097e-02
9.419872611761093140e-02
1.354013085365295410e-01
7.154630124568939209e-02
9.689481556415557861e-02
8.628776669502258301e-02
6.872215867042541504e-02
9.003577381372451782e-02
1.073837950825691223e-01
1.016758382320404053e-01
9.014645218849182129e-02
8.754902333021163940e-02
2.012263238430023193e-01
1.231751739978790283e-01
8.625131845474243164e-02
9.485362470149993896e-02
8.278247714042663574e-02
7.762570679187774658e-02
6.276321411132812500e-02
1.200014650821685791e-01
1.211764067411422729e-01
1.071287989616394043e-01
1.049334630370140076e-01
9.877882152795791626e-02
6.193037331104278564e-02
8.888776600360870361e-02
1.368708312511444092e-01
1.271454244852066040e-01
8.219642192125320435e-02
1.005668193101882935e-01
2.290763705968856812e-02
1.576598584651947021e-01
4.073675721883773804e-02
9.670330584049224854e-02
8.252948522567749023e-02
1.002103537321090698e-01
8.650213479995727539e-02
9.054484963417053223e-02
8.474417775869369507e-02
1.160245090723037720e-01
8.033224195241928101e-02
6.002925336360931396e-02
8.092233538627624512e-02
9.159170091152191162e-02
6.422638148069381714e-02
1.449023336172103882e-01
1.101806163787841797e-01
1.050444617867469788e-01
6.956367939710617065e-02
8.987307548522949219e-02
1.333378255367279053e-01
1.213176995515823364e-01
1.227348148822784424e-01
1.176456809043884277e-01
1.673942208290100098e-01
1.174432039260864258e-01
9.628611057996749878e-02
8.869600296020507812e-02
9.036092460155487061e-02
1.166138052940368652e-01
9.247586131095886230e-02
1.061633080244064331e-01
1.213338077068328857e-01
1.017921045422554016e-01
1.240034699440002441e-01
3.544932976365089417e-02
5.244538187980651855e-02
1.037264615297317505e-01
1.450279802083969116e-01
1.108885258436203003e-01
6.332261860370635986e-02
8.594425022602081299e-02
1.009720936417579651e-01
1.034300401806831360e-01
1.242091059684753418e-01
9.520538151264190674e-02
1.028417795896530151e-01
8.415316045284271240e-02
8.152545243501663208e-02
1.083637997508049011e-01
6.350790709257125854e-02
9.987020492553710938e-02
4.044444859027862549e-02
6.781987845897674561e-02
8.785887807607650757e-02
8.482316136360168457e-02
1.056468933820724487e-01
1.298549175262451172e-01
8.120431005954742432e-02
6.177570670843124390e-02
8.140452206134796143e-02
9.601719677448272705e-02
1.155384480953216553e-01
6.113469600677490234e-02
9.098850190639495850e-02
1.349381636828184128e-02
9.610281139612197876e-02
6.519680470228195190e-02
8.748900890350341797e-02
1.328809857368469238e-01
1.021146103739738464e-01
1.589958071708679199e-01
1.116487383842468262e-01
9.042804688215255737e-02
9.523832798004150391e-02
9.347268939018249512e-02
1.041982918977737427e-01
6.613567471504211426e-02
1.621808707714080811e-01
7.359315454959869385e-02
8.649770915508270264e-02
1.335404366254806519e-01
8.133558928966522217e-02
1.093764752149581909e-01
1.197262108325958252e-01
9.118575602769851685e-02
7.025140523910522461e-02
8.280370384454727173e-02
2.501759827136993408e-01
8.402621001005172729e-02
7.467066496610641479e-02
9.079710394144058228e-02
1.108860969543457031e-01
7.625558227300643921e-02
1.199190914630889893e-01
8.251462131738662720e-02
7.984964549541473389e-02
8.018548786640167236e-02
8.083321154117584229e-02
1.336815804243087769e-01
9.875719249248504639e-02
8.990881592035293579e-02
7.747362554073333740e-02
1.424700021743774414e-01
9.395436197519302368e-02
7.358290255069732666e-02
1.219191700220108032e-01
9.648944437503814697e-02
1.274413466453552246e-01
6.487075984477996826e-02
