5.668650195002555847e-02
6.688126921653747559e-02
7.265070080757141113e-02
6.778641790151596069e-02
6.565230339765548706e-02
6.176411733031272888e-02
5.770007148385047913e-02
8.633039146661758423e-02
8.336523175239562988e-02
7.397101074457168579e-02
8.555968850851058960e-02
9.034570306539535522e-02
1.077501699328422546e-01
5.943104252219200134e-02
5.720938369631767273e-02
9.782346338033676147e-02
7.124765962362289429e-02
6.612435728311538696e-02
8.418834954500198364e-02
9.428344666957855225e-02
6.863712519407272339e-02
5.883973464369773865e-02
1.224965974688529968e-01
5.479004606604576111e-02
5.547543987631797791e-02
7.078656554222106934e-02
6.694916635751724243e-02
6.880378723144531250e-02
6.985127925872802734e-02
9.941343963146209717e-02
1.131751760840415955e-01
7.511426508426666260e-02
5.085248872637748718e-02
6.225923076272010803e-02
6.235116347670555115e-02
6.722065061330795288e-02
5.691581591963768005e-02
6.410148739814758301e-02
9.963496774435043335e-02
7.192645221948623657e-02
7.716598361730575562e-02
5.637122318148612976e-02
1.177196279168128967e-01
7.809618860483169556e-02
7.071658223867416382e-02
1.026276424527168274e-01
5.557097122073173523e-02
6.170221790671348572e-02
8.263121545314788818e-02
8.150301873683929443e-02
1.429548263549804688e-01
6.226212903857231140e-02
6.174431368708610535e-02
6.946905702352523804e-02
9.970697015523910522e-02
9.486988186836242676e-02
8.918373286724090576e-02
7.342959195375442505e-02
4.983135685324668884e-02
5.148186162114143372e-02
7.079359143972396851e-02
5.565770342946052551e-02
5.576249584555625916e-02
9.030923992395401001e-02
5.048767849802970886e-02
7.577692717313766479e-02
1.282361596822738647e-01
5.723952874541282654e-02
6.204352900385856628e-02
5.920414254069328308e-02
7.017762213945388794e-02
7.892232388257980347e-02
5.738079175353050232e-02
5.423672124743461609e-02
1.153187826275825500e-01
1.177228763699531555e-01
5.156719312071800232e-02
6.311333179473876953e-02
8.725770562887191772e-02
7.742746919393539429e-02
7.918196171522140503e-02
7.093580812215805054e-02
6.379254907369613647e-02
8.699947595596313477e-02
5.683470889925956726e-02
5.996976420283317566e-02
6.035988405346870422e-02
5.210352316498756409e-02
1.014834344387054443e-01
1.035518571734428406e-01
7.766211032867431641e-02
7.084846496582031250e-02
5.840432271361351013e-02
6.253679096698760986e-02
1.040981560945510864e-01
8.323220163583755493e-02
6.387192755937576294e-02
7.528301328420639038e-02
6.909772753715515137e-02
7.022108137607574463e-02
9.167348593473434448e-02
5.649715289473533630e-02
7.680197805166244507e-02
6.318163126707077026e-02
5.986187979578971863e-02
1.088509336113929749e-01
7.724829763174057007e-02
6.068417057394981384e-02
5.604403838515281677e-02
7.258513569831848145e-02
6.009669974446296692e-02
8.063587546348571777e-02
8.922762423753738403e-02
9.485255926847457886e-02
8.370015770196914673e-02
5.682120844721794128e-02
5.453779175877571106e-02
1.181042119860649109e-01
7.888812571763992310e-02
6.546752154827117920e-02
5.821639671921730042e-02
7.106421887874603271e-02
7.892442494630813599e-02
1.091817319393157959e-01
6.226585432887077332e-02
5.711983516812324524e-02
1.267710626125335693e-01
6.214809045195579529e-02
7.791251689195632935e-02
1.173005923628807068e-01
8.057486265897750854e-02
7.491601258516311646e-02
6.965925544500350952e-02
6.000988557934761047e-02
4.919436201453208923e-02
8.657642453908920288e-02
5.202237889170646667e-02
6.519924104213714600e-02
9.782161563634872437e-02
9.353844076395034790e-02
1.448655873537063599e-01
4.077337309718132019e-02
6.501973420381546021e-02
7.593630999326705933e-02
9.497279673814773560e-02
1.214636638760566711e-01
7.826916128396987915e-02
5.279378220438957214e-02
1.200272962450981140e-01
7.592233270406723022e-02
7.914693653583526611e-02
6.517363339662551880e-02
5.309421196579933167e-02
8.745367079973220825e-02
5.249456688761711121e-02
6.873437017202377319e-02
6.110552325844764709e-02
5.508648976683616638e-02
5.692378804087638855e-02
6.358206272125244141e-02
6.840699166059494019e-02
8.998334407806396484e-02
1.013737246394157410e-01
8.769718557596206665e-02
6.211691722273826599e-02
1.658502072095870972e-01
5.958610400557518005e-02
6.266648322343826294e-02
7.388225942850112915e-02
6.483241170644760132e-02
7.174175232648849487e-02
7.925048470497131348e-02
7.981859892606735229e-02
8.816006034612655640e-02
5.508885160088539124e-02
4.859229177236557007e-02
6.168412044644355774e-02
8.700868487358093262e-02
5.853990837931632996e-02
8.132310956716537476e-02
9.084187448024749756e-02
6.118823960423469543e-02
5.660847201943397522e-02
5.764975026249885559e-02
6.127111986279487610e-02
5.142511799931526184e-02
6.234914436936378479e-02
1.749584674835205078e-01
7.531513273715972900e-02
9.059736132621765137e-02
6.979235261678695679e-02
6.760239601135253906e-02
6.350692361593246460e-02
6.977911293506622314e-02
1.180467829108238220e-01
7.512129098176956177e-02
6.081397458910942078e-02
8.372420817613601685e-02
7.553496211767196655e-02
5.016419664025306702e-02
9.360969066619873047e-02
6.209145858883857727e-02
6.997700780630111694e-02
6.203439459204673767e-02
6.092848256230354309e-02
9.937895089387893677e-02
5.818299576640129089e-02
1.016011163592338562e-01
5.467822775244712830e-02
9.943227469921112061e-02
8.731620013713836670e-02
7.659771293401718140e-02
6.120157614350318909e-02
5.795289203524589539e-02
1.104045733809471130e-01
7.947640120983123779e-02
7.051172107458114624e-02
7.207614183425903320e-02
5.908682569861412048e-02
7.542490959167480469e-02
7.815158367156982422e-02
6.142519041895866394e-02
1.068970337510108948e-01
6.857927888631820679e-02
8.286425471305847168e-02
5.596316978335380554e-02
1.053409799933433533e-01
5.124515667557716370e-02
7.200196385383605957e-02
9.172171354293823242e-02
5.129015818238258362e-02
6.304936856031417847e-02
5.585963651537895203e-02
8.181875199079513550e-02
6.306094676256179810e-02
1.514081507921218872e-01
7.203150540590286255e-02
6.449364870786666870e-02
6.846234947443008423e-02
1.124550178647041321e-01
1.133636608719825745e-01
8.360397070646286011e-02
9.806236624717712402e-02
9.407753497362136841e-02
5.297847464680671692e-02
6.229076907038688660e-02
5.962077900767326355e-02
8.214494585990905762e-02
1.056526154279708862e-01
6.247882172465324402e-02
5.706521496176719666e-02
1.027981564402580261e-01
7.599978893995285034e-02
6.433800607919692993e-02
5.803639069199562073e-02
9.202681481838226318e-02
7.962854206562042236e-02
7.349409162998199463e-02
9.705927968025207520e-02
6.583561748266220093e-02
7.175649702548980713e-02
6.694070249795913696e-02
6.177875027060508728e-02
1.371302008628845215e-01
8.032154291868209839e-02
7.003856450319290161e-02
6.312850862741470337e-02
6.160391494631767273e-02
6.828016787767410278e-02
1.144933030009269714e-01
6.354662030935287476e-02
7.206324487924575806e-02
8.306957036256790161e-02
7.398135960102081299e-02
5.402259156107902527e-02
7.624741643667221069e-02
8.379908651113510132e-02
4.948796704411506653e-02
9.628833830356597900e-02
6.051158532500267029e-02
6.759693473577499390e-02
6.574152410030364990e-02
7.910073548555374146e-02
6.645153462886810303e-02
1.137926653027534485e-01
5.461524054408073425e-02
6.046527251601219177e-02
5.496689304709434509e-02
6.029506400227546692e-02
9.086306393146514893e-02
6.632297486066818237e-02
6.835740059614181519e-02
7.099344581365585327e-02
8.513987809419631958e-02
6.318105012178421021e-02
5.796378478407859802e-02
9.088256210088729858e-02
6.505771726369857788e-02
6.655514985322952271e-02
9.058427810668945312e-02
6.351142376661300659e-02
6.816495954990386963e-02
1.270060986280441284e-01
6.525903195142745972e-02
5.509116873145103455e-02
1.001481935381889343e-01
8.258514851331710815e-02
8.327127993106842041e-02
6.631898134946823120e-02
6.219003722071647644e-02
9.532189369201660156e-02
5.842952802777290344e-02
5.700663104653358459e-02
1.026627644896507263e-01
1.159684285521507263e-01
9.620688110589981079e-02
5.862943455576896667e-02
8.048641681671142578e-02
6.882554292678833008e-02
8.824789524078369141e-02
5.491264536976814270e-02
5.539840832352638245e-02
6.199068203568458557e-02
8.058028668165206909e-02
6.309958547353744507e-02
5.681500956416130066e-02
5.877774581313133240e-02
5.869102850556373596e-02
9.191861748695373535e-02
5.124732479453086853e-02
8.381024748086929321e-02
7.199204713106155396e-02
7.949648052453994751e-02
9.404776245355606079e-02
5.977110192179679871e-02
5.728317424654960632e-02
6.113994494080543518e-02
5.191143229603767395e-02
6.390070915222167969e-02
6.486769765615463257e-02
7.837826758623123169e-02
9.403174370527267456e-02
1.746030449867248535e-01
5.636949464678764343e-02
7.659662514925003052e-02
6.373369693756103516e-02
6.959934532642364502e-02
5.905338004231452942e-02
9.546695649623870850e-02
4.950903728604316711e-02
6.825610995292663574e-02
7.216998189687728882e-02
5.892393365502357483e-02
9.663273394107818604e-02
1.132750883698463440e-01
5.907604470849037170e-02
6.563200801610946655e-02
5.255417153239250183e-02
6.349529325962066650e-02
9.853975474834442139e-02
9.389540553092956543e-02
1.066875532269477844e-01
5.537218973040580750e-02
6.429650634527206421e-02
6.890498846769332886e-02
8.037415891885757446e-02
6.014287099242210388e-02
8.317857235670089722e-02
6.377659738063812256e-02
7.730800658464431763e-02
6.246138736605644226e-02
6.635307520627975464e-02
5.622359737753868103e-02
6.270867586135864258e-02
5.708996579051017761e-02
5.641782656311988831e-02
5.259675905108451843e-02
5.755260214209556580e-02
8.810934424400329590e-02
7.445092499256134033e-02
1.406018584966659546e-01
8.673571795225143433e-02
7.124801725149154663e-02
5.373408272862434387e-02
6.764288991689682007e-02
6.054354831576347351e-02
5.946066603064537048e-02
7.718797773122787476e-02
8.366060256958007812e-02
6.111357733607292175e-02
6.507534533739089966e-02
5.966464057564735413e-02
1.161974892020225525e-01
1.091088205575942993e-01
6.429175287485122681e-02
6.168958172202110291e-02
1.219035461544990540e-01
5.980915948748588562e-02
7.605104893445968628e-02
7.613392919301986694e-02
6.466040015220642090e-02
6.009062752127647400e-02
6.140193715691566467e-02
5.223561450839042664e-02
7.177799940109252930e-02
6.412996351718902588e-02
6.511974334716796875e-02
6.923014670610427856e-02
8.072923868894577026e-02
9.840459376573562622e-02
6.676367670297622681e-02
6.168288365006446838e-02
5.470139160752296448e-02
6.020765379071235657e-02
7.097568362951278687e-02
8.913297951221466064e-02
5.628747120499610901e-02
6.139286980032920837e-02
5.771851912140846252e-02
7.182515412569046021e-02
8.308733999729156494e-02
8.088753372430801392e-02
5.783903971314430237e-02
6.730212271213531494e-02
1.447099894285202026e-01
6.389404088258743286e-02
8.145294338464736938e-02
8.351041376590728760e-02
5.593227967619895935e-02
7.876191288232803345e-02
6.538631021976470947e-02
8.768646419048309326e-02
8.722057938575744629e-02
7.969056069850921631e-02
5.209863558411598206e-02
5.554672703146934509e-02
5.681004002690315247e-02
8.884292840957641602e-02
1.367586106061935425e-01
1.219390407204627991e-01
5.005523189902305603e-02
7.329931855201721191e-02
6.820447742938995361e-02
6.000383570790290833e-02
8.287737518548965454e-02
1.289445310831069946e-01
5.769792571663856506e-02
6.198405846953392029e-02
7.925271242856979370e-02
1.096929982304573059e-01
7.573651522397994995e-02
6.856009364128112793e-02
5.836645886301994324e-02
7.036831974983215332e-02
7.268036901950836182e-02
8.745953440666198730e-02
6.097408756613731384e-02
7.377198338508605957e-02
9.487077593803405762e-02
1.240342184901237488e-01
8.242091536521911621e-02
6.380369514226913452e-02
5.314783379435539246e-02
6.347459554672241211e-02
7.350366562604904175e-02
7.350326329469680786e-02
7.061991840600967407e-02
6.309866160154342651e-02
8.933287858963012695e-02
7.004223018884658813e-02
8.615235239267349243e-02
8.067551255226135254e-02
6.235836073756217957e-02
7.749845087528228760e-02
5.761444196105003357e-02
5.818038806319236755e-02
7.828404009342193604e-02
6.909900158643722534e-02
1.353799700736999512e-01
5.882760509848594666e-02
9.443618357181549072e-02
7.912884652614593506e-02
7.168237864971160889e-02
5.880702659487724304e-02
7.773543149232864380e-02
6.336330622434616089e-02
5.775270983576774597e-02
6.098493561148643494e-02
5.760494247078895569e-02
6.498658657073974609e-02
4.825226962566375732e-02
6.456272304058074951e-02
7.220090180635452271e-02
9.744445979595184326e-02
8.194478601217269897e-02
5.248406156897544861e-02
6.368496268987655640e-02
1.098037064075469971e-01
1.703170090913772583e-01
6.297636777162551880e-02
1.136018410325050354e-01
6.009925529360771179e-02
9.271029382944107056e-02
6.792053580284118652e-02
1.561942547559738159e-01
6.247042492032051086e-02
6.941207498311996460e-02
9.159065783023834229e-02
8.252935856580734253e-02
9.299129247665405273e-02
5.737956985831260681e-02
6.039842590689659119e-02
6.592262536287307739e-02
6.567472964525222778e-02
1.434199810028076172e-01
7.245662063360214233e-02
5.692789331078529358e-02
8.403718471527099609e-02
5.668822303414344788e-02
8.547864854335784912e-02
6.991042941808700562e-02
6.443655490875244141e-02
5.612643435597419739e-02
5.888570472598075867e-02
7.902432233095169067e-02
5.172659084200859070e-02
1.271727830171585083e-01
1.065451651811599731e-01
8.767644315958023071e-02
5.083828791975975037e-02
5.834315344691276550e-02
6.808739155530929565e-02
6.185534223914146423e-02
5.378352478146553040e-02
5.953792855143547058e-02
1.035219505429267883e-01
8.151103556156158447e-02
1.374343186616897583e-01
9.078610688447952271e-02
6.876967102289199829e-02
1.013202518224716187e-01
7.281173765659332275e-02
7.880515605211257935e-02
6.676397472620010376e-02
8.528797328472137451e-02
5.287522450089454651e-02
7.641204446554183960e-02
5.301949009299278259e-02
8.851789683103561401e-02
5.340247228741645813e-02
9.107656776905059814e-02
5.990370735526084900e-02
8.053286373615264893e-02
6.609929352998733521e-02
9.369290620088577271e-02
8.127591013908386230e-02
6.110389158129692078e-02
1.014370098710060120e-01
1.414008736610412598e-01
1.197073832154273987e-01
7.066982239484786987e-02
5.593165382742881775e-02
5.860352143645286560e-02
9.874247759580612183e-02
5.981397256255149841e-02
9.560459107160568237e-02
6.395825743675231934e-02
6.552710384130477905e-02
1.035448536276817322e-01
7.349707186222076416e-02
8.308196067810058594e-02
5.676822736859321594e-02
6.034778431057929993e-02
5.999748036265373230e-02
6.074621900916099548e-02
8.254626393318176270e-02
5.979738757014274597e-02
6.073592975735664368e-02
7.769318670034408569e-02
8.907625824213027954e-02
8.186109364032745361e-02
1.288203150033950806e-01
6.609901785850524902e-02
9.590667486190795898e-02
1.004475355148315430e-01
5.958602949976921082e-02
5.457199737429618835e-02
6.442385911941528320e-02
7.672045379877090454e-02
6.406687200069427490e-02
7.756817340850830078e-02
7.258453220129013062e-02
9.336776286363601685e-02
1.180157735943794250e-01
5.990999564528465271e-02
5.802445486187934875e-02
1.025718748569488525e-01
6.429752707481384277e-02
6.055828556418418884e-02
5.913234874606132507e-02
7.727558910846710205e-02
5.340169742703437805e-02
6.171399727463722229e-02
7.155571132898330688e-02
5.661949142813682556e-02
1.486132144927978516e-01
6.049272790551185608e-02
1.054455265402793884e-01
9.169707447290420532e-02
8.584550023078918457e-02
6.212448701262474060e-02
8.556700497865676880e-02
8.506096899509429932e-02
8.546419441699981689e-02
6.707067787647247314e-02
6.794099509716033936e-02
5.914158746600151062e-02
1.563395708799362183e-01
7.409843057394027710e-02
5.976374074816703796e-02
7.802286744117736816e-02
5.892715230584144592e-02
6.443536281585693359e-02
7.335922867059707642e-02
1.067562848329544067e-01
9.096599370241165161e-02
5.596338585019111633e-02
1.617523580789566040e-01
5.810802057385444641e-02
7.263518124818801880e-02
5.729102715849876404e-02
6.759478896856307983e-02
1.100112050771713257e-01
5.543872341513633728e-02
1.022814139723777771e-01
5.484516546130180359e-02
1.043029949069023132e-01
5.796263739466667175e-02
5.976362153887748718e-02
5.750485882163047791e-02
5.898658558726310730e-02
6.674162298440933228e-02
6.324819475412368774e-02
5.401760712265968323e-02
5.359828099608421326e-02
6.573496013879776001e-02
7.612080872058868408e-02
5.835754796862602234e-02
7.968593388795852661e-02
9.688913822174072266e-02
1.119128242135047913e-01
6.329216808080673218e-02
9.006971865892410278e-02
5.704240873456001282e-02
5.732398107647895813e-02
6.341829895973205566e-02
9.079600870609283447e-02
1.014320999383926392e-01
8.111199736595153809e-02
5.964162573218345642e-02
5.864458903670310974e-02
5.752323940396308899e-02
6.695166975259780884e-02
5.201257392764091492e-02
7.363713532686233521e-02
8.231184631586074829e-02
7.889086753129959106e-02
6.863842159509658813e-02
7.598852366209030151e-02
6.935112923383712769e-02
7.344082742929458618e-02
7.515830546617507935e-02
7.246591150760650635e-02
1.054479405283927917e-01
6.953611224889755249e-02
6.305270642042160034e-02
5.317072197794914246e-02
6.459981203079223633e-02
6.195086613297462463e-02
5.686486139893531799e-02
6.471895426511764526e-02
7.575070858001708984e-02
7.477026432752609253e-02
7.620892673730850220e-02
9.515740722417831421e-02
6.550519168376922607e-02
6.482516974210739136e-02
7.108626514673233032e-02
5.959634855389595032e-02
8.358772844076156616e-02
5.050841346383094788e-02
1.076961085200309753e-01
7.253702729940414429e-02
7.943014055490493774e-02
6.708740442991256714e-02
5.575303360819816589e-02
7.026611268520355225e-02
5.198794230818748474e-02
6.835917383432388306e-02
9.703294932842254639e-02
5.238739773631095886e-02
6.081479415297508240e-02
6.577583402395248413e-02
5.562832579016685486e-02
5.261791124939918518e-02
5.589833483099937439e-02
5.703015998005867004e-02
1.247196421027183533e-01
7.267908006906509399e-02
7.038950175046920776e-02
5.825619027018547058e-02
1.219173297286033630e-01
9.206695854663848877e-02
5.592596158385276794e-02
5.873342975974082947e-02
5.163164809346199036e-02
1.422646343708038330e-01
6.287644803524017334e-02
6.040972843766212463e-02
6.790848076343536377e-02
6.594426184892654419e-02
8.247253298759460449e-02
5.863228812813758850e-02
6.530024856328964233e-02
4.950255528092384338e-02
7.138372957706451416e-02
9.366700798273086548e-02
7.258645445108413696e-02
1.449350416660308838e-01
4.857244715094566345e-02
1.237570419907569885e-01
5.334584787487983704e-02
5.951008573174476624e-02
6.599202007055282593e-02
6.718591600656509399e-02
7.477960735559463501e-02
6.896400451660156250e-02
6.176793202757835388e-02
6.953161954879760742e-02
6.485248357057571411e-02
5.327834561467170715e-02
1.097548231482505798e-01
1.107578054070472717e-01
6.458271294832229614e-02
8.541667461395263672e-02
5.462465807795524597e-02
7.908347994089126587e-02
5.805080756545066833e-02
6.355816125869750977e-02
5.979048833250999451e-02
6.941932439804077148e-02
6.649884581565856934e-02
1.158272400498390198e-01
6.633842736482620239e-02
7.652197778224945068e-02
5.890664085745811462e-02
5.788472667336463928e-02
1.124993339180946350e-01
6.597670167684555054e-02
6.391075998544692993e-02
8.735715597867965698e-02
7.086750864982604980e-02
6.129136309027671814e-02
8.990231156349182129e-02
5.638369545340538025e-02
9.755633771419525146e-02
7.179259508848190308e-02
6.831438094377517700e-02
8.907007426023483276e-02
7.077756524085998535e-02
8.075349777936935425e-02
7.024841010570526123e-02
9.850803762674331665e-02
6.232665851712226868e-02
8.390042930841445923e-02
1.164218261837959290e-01
7.477345317602157593e-02
7.741416245698928833e-02
7.386959344148635864e-02
6.572476774454116821e-02
7.751532644033432007e-02
5.747278407216072083e-02
5.939475819468498230e-02
6.759894639253616333e-02
5.824972316622734070e-02
5.594011768698692322e-02
8.549784868955612183e-02
9.750592708587646484e-02
7.299572974443435669e-02
7.209224998950958252e-02
9.156106412410736084e-02
6.296931207180023193e-02
7.075254619121551514e-02
7.840345799922943115e-02
1.334385126829147339e-01
5.929009243845939636e-02
7.520791143178939819e-02
5.879243090748786926e-02
5.874554440379142761e-02
5.486454442143440247e-02
5.624387040734291077e-02
6.544167548418045044e-02
4.981965944170951843e-02
6.695964187383651733e-02
1.229371801018714905e-01
1.220642849802970886e-01
5.441518500447273254e-02
6.712832301855087280e-02
7.751686871051788330e-02
7.093454897403717041e-02
9.928964823484420776e-02
5.014179274439811707e-02
5.703180655837059021e-02
7.127887010574340820e-02
6.454235315322875977e-02
6.999700516462326050e-02
8.804342895746231079e-02
6.239392980933189392e-02
5.887574329972267151e-02
6.634951382875442505e-02
1.159019991755485535e-01
7.351817190647125244e-02
9.190242737531661987e-02
6.211794540286064148e-02
1.496347039937973022e-01
5.857558175921440125e-02
5.925492569804191589e-02
6.537562608718872070e-02
8.299750089645385742e-02
1.741774082183837891e-01
1.621608138084411621e-01
7.208311557769775391e-02
5.835628136992454529e-02
8.116891980171203613e-02
9.535280615091323853e-02
5.779417231678962708e-02
1.304616481065750122e-01
8.495100587606430054e-02
5.016449838876724243e-02
7.356490939855575562e-02
1.140043213963508606e-01
6.774155795574188232e-02
6.668850034475326538e-02
8.185918629169464111e-02
1.094264611601829529e-01
7.489091902971267700e-02
6.279940158128738403e-02
9.861493855714797974e-02
6.284922361373901367e-02
7.531151175498962402e-02
6.396227329969406128e-02
6.880380213260650635e-02
8.774521201848983765e-02
5.236388370394706726e-02
6.412773579359054565e-02
5.787219479680061340e-02
5.121078714728355408e-02
6.008953973650932312e-02
1.057712808251380920e-01
6.812514364719390869e-02
6.229833140969276428e-02
6.532577425241470337e-02
1.476470082998275757e-01
8.229613304138183594e-02
7.245656847953796387e-02
6.264863908290863037e-02
6.516971439123153687e-02
5.599876865744590759e-02
5.052122473716735840e-02
1.040613278746604919e-01
7.792080193758010864e-02
7.461074739694595337e-02
6.621526926755905151e-02
6.248978897929191589e-02
7.982564717531204224e-02
6.571578234434127808e-02
8.685418218374252319e-02
8.848998695611953735e-02
5.671389028429985046e-02
6.716220080852508545e-02
5.778681114315986633e-02
9.946044534444808960e-02
6.163858994841575623e-02
7.184436172246932983e-02
5.779435858130455017e-02
6.412524729967117310e-02
6.132300570607185364e-02
6.396603584289550781e-02
7.930824905633926392e-02
7.596511393785476685e-02
5.451239272952079773e-02
5.317966267466545105e-02
5.671923235058784485e-02
6.474489718675613403e-02
6.491445749998092651e-02
9.453820437192916870e-02
7.143538445234298706e-02
6.624125689268112183e-02
5.567191168665885925e-02
5.735569074749946594e-02
8.373881131410598755e-02
7.807461172342300415e-02
1.250128746032714844e-01
7.621245831251144409e-02
1.082954853773117065e-01
7.548212260007858276e-02
6.229690834879875183e-02
6.290072202682495117e-02
6.962274760007858276e-02
7.516577839851379395e-02
7.151709496974945068e-02
8.409097045660018921e-02
9.150726348161697388e-02
6.539642065763473511e-02
9.227456897497177124e-02
6.383074074983596802e-02
6.168978288769721985e-02
7.705169916152954102e-02
1.068371087312698364e-01
1.009322032332420349e-01
6.739621609449386597e-02
6.717999279499053955e-02
6.991446018218994141e-02
6.581903249025344849e-02
9.592974931001663208e-02
6.241891905665397644e-02
7.830937951803207397e-02
6.056958064436912537e-02
9.824442118406295776e-02
7.164403051137924194e-02
5.693082138895988464e-02
6.941863894462585449e-02
6.731595844030380249e-02
5.391057953238487244e-02
5.661944672465324402e-02
6.451847404241561890e-02
6.687848269939422607e-02
8.187454938888549805e-02
6.574539840221405029e-02
5.017393827438354492e-02
5.782013013958930969e-02
6.101615354418754578e-02
7.415032386779785156e-02
5.451254919171333313e-02
7.941914349794387817e-02
5.032012984156608582e-02
6.137865409255027771e-02
6.132716313004493713e-02
5.820249393582344055e-02
8.598147332668304443e-02
7.093192636966705322e-02
1.138585135340690613e-01
7.116308808326721191e-02
5.779277160763740540e-02
6.327610462903976440e-02
5.942011997103691101e-02
8.488557487726211548e-02
5.111807212233543396e-02
1.025405824184417725e-01
5.290114507079124451e-02
1.051406338810920715e-01
1.087434366345405579e-01
9.163930267095565796e-02
6.940890103578567505e-02
7.520595192909240723e-02
5.819446220993995667e-02
5.771635100245475769e-02
5.573726072907447815e-02
1.678325384855270386e-01
5.543359741568565369e-02
8.030155301094055176e-02
5.786725506186485291e-02
7.161220163106918335e-02
5.348537489771842957e-02
9.281217306852340698e-02
5.961028113961219788e-02
5.414779111742973328e-02
5.523693189024925232e-02
5.601508542895317078e-02
9.315530955791473389e-02
6.736653298139572144e-02
5.738778784871101379e-02
5.445070192217826843e-02
8.948308974504470825e-02
6.385447829961776733e-02
5.238870158791542053e-02
7.810211181640625000e-02
6.453199684619903564e-02
8.033684641122817993e-02
5.407287552952766418e-02
