-1.743354914651717991e-05
4.725910184788517654e-05
3.922683026758022606e-05
-7.479644409613683820e-06
-5.801613588118925691e-05
-5.299784970702603459e-05
-1.269430595129961148e-05
-1.567012077430263162e-06
-1.424930815119296312e-04
5.014514923095703125e-02
6.041030883789062500e-01
-1.495120086474344134e-04
8.454338967567309737e-06
-3.503877520561218262e-01
-1.753919968905393034e-05
-1.032799336826428771e-04
-2.518808469176292419e-05
-8.879906999936793000e-06
1.241499103343812749e-05
2.057509482256136835e-05
3.852312511298805475e-05
1.980982162058353424e-02
2.892578413593582809e-05
-1.636983688513282686e-05
-1.680871173448394984e-05
2.130593955516815186e-01
4.769115184899419546e-05
7.108997553586959839e-02
-4.322480890550650656e-06
2.479563045199029148e-05
2.571278491814155132e-05
3.132048994302749634e-02
-1.621635965420864522e-05
4.758840077556669712e-06
2.498316098353825510e-05
-2.932971983682364225e-05
-1.793159208318684250e-05
-1.036681987898191437e-05
9.515597412246279418e-06
9.663704986451193690e-06
1.939202775247395039e-06
-2.609960938571020961e-05
1.078558852896094322e-05
1.218624674947932363e-06
4.575635865330696106e-02
-2.845142080332152545e-05
2.565217982919421047e-05
1.120860921218991280e-03
-6.142441634438000619e-06
5.054965185991022736e-06
-3.336891531944274902e-04
-1.715421603876166046e-05
1.730938814580440521e-02
-8.632330718683078885e-06
1.201708437292836607e-05
6.796895468141883612e-05
2.434427005937322974e-05
-9.701470844447612762e-05
-1.109081858885474503e-05
-9.906756531563587487e-06
-2.285087248310446739e-05
-1.769567825249396265e-05
-1.465686545998323709e-05
1.030806197377387434e-05
-1.098446409741882235e-05
-1.530037116026505828e-04
-3.807814209721982479e-05
-2.201154347858391702e-05
-2.207380020990967751e-05
-1.271395558433141559e-05
3.015691618202254176e-05
2.609665898489765823e-06
-1.973358303075656295e-05
2.835076338669750839e-05
-5.277498712530359626e-05
-4.414273134898394346e-04
6.866455350973410532e-07
1.076397893484681845e-04
3.569567525119055063e-06
-8.001176320249214768e-05
9.834167576627805829e-05
-1.427488587069092318e-05
2.013954508583992720e-05
-2.715615555644035339e-04
-1.214028270624112338e-05
8.790496736764907837e-02
1.007483660941943526e-06
-7.497374099330045283e-06
8.545012678951025009e-05
3.378517794772051275e-05
6.812115316279232502e-07
-5.175367732590530068e-06
2.416991992504335940e-05
1.098376469599315897e-05
1.730164876789785922e-05
-1.689233467914164066e-04
7.206277549266815186e-02
-2.551398210925981402e-06
-1.468921072955708951e-05
-1.367862132610753179e-04
-7.887847423553466797e-01
2.629113805596716702e-05
-9.777801096788607538e-06
-3.227334309485740960e-05
2.363816020078957081e-05
1.513952702225651592e-05
7.207522139651700854e-05
6.878338353999424726e-06
2.194023181800730526e-05
-6.377166300808312371e-06
-2.160204348911065608e-05
1.022074065986089408e-04
4.549010554910637438e-06
9.461416630074381828e-05
1.903711927297990769e-05
5.177011189516633749e-06
-1.304801662627141923e-05
2.632436007843352854e-05
-2.224229683633893728e-05
-5.470366886584088206e-06
-5.918172246310859919e-05
-2.546278483350761235e-05
5.509566108230501413e-06
-7.388578960672020912e-04
-2.944077277788892388e-05
3.940921451430767775e-04
7.104805990820750594e-05
1.296697337238583714e-05
6.307344392553204671e-06
-7.698959961999207735e-05
3.081783652305603027e-01
2.905785549955908209e-05
-2.713190624490380287e-04
-3.747700975509360433e-05
-7.339571311604231596e-06
1.128303119912743568e-05
-4.637392066797474399e-06
1.044363525579683483e-04
3.790249320445582271e-05
1.392711237713228911e-05
-1.733217868604697287e-05
1.118622458307072520e-04
-4.099561192560940981e-05
-6.481532182078808546e-07
1.791789873095694929e-05
-1.147001166827976704e-04
-1.309356448473408818e-04
-1.534141847514547408e-05
2.721719829423818737e-05
-1.070197904482483864e-04
-8.316122293472290039e-01
8.331306162290275097e-05
-1.544369115435983986e-05
-7.544538378715515137e-01
-1.515079475211678073e-05
-8.962614083429798484e-05
-5.300117481965571642e-05
-1.850104854383971542e-05
-4.048608843731926754e-06
2.162135388061869889e-05
1.036172034218907356e-04
-1.467527908971533179e-06
-1.375837600789964199e-04
8.811370207695290446e-06
9.437535481993108988e-05
-5.230005263001658022e-05
-1.213053110404871404e-05
-1.714762947813142091e-05
1.095670042559504509e-03
-5.956631866865791380e-05
4.211631417274475098e-02
1.967512798728421330e-05
-1.514660107204690576e-04
1.007504397421143949e-04
-1.324024196946993470e-05
-9.682828022050671279e-06
2.002002474910113961e-07
1.745840199873782694e-05
-6.743364065187051892e-05
5.029736348660662770e-05
2.378217686782591045e-06
2.102399319410324097e-01
-1.920237991726025939e-05
-4.029530828120186925e-05
1.572234396007843316e-05
-7.737276973784901202e-06
-9.960114766727201641e-06
3.655219376087188721e-01
-9.748922457220032811e-05
2.017565566347911954e-05
2.526364624500274658e-01
-3.937304427381604910e-05
-2.606087218737229705e-05
-1.360578062303829938e-05
-7.566012209281325340e-04
1.706939656287431717e-08
4.034914672956801951e-05
2.175656147301197052e-02
-1.057352528732735664e-05
-1.519430588814429939e-05
1.940715264936443418e-05
1.122572029998991638e-05
-1.184751308755949140e-04
-3.038702561752870679e-05
2.629046502988785505e-05
1.621934920549392700e-01
1.855329901445657015e-05
1.256043105968274176e-05
2.348871021240483969e-05
1.032619256875477731e-04
1.021246798336505890e-02
-9.196024620905518532e-05
-3.742176890373229980e-01
-2.962073631351813674e-05
-3.610640487750060856e-05
-1.081548034562729299e-04
-2.078998477372806519e-05
-9.210203279508277774e-05
1.041020295815542340e-04
1.242907273990567774e-05
1.025777455652132630e-04
-8.862539289111737162e-06
5.748981857323087752e-05
-3.641862349468283355e-05
-3.195973840774968266e-05
-2.005729220400098711e-05
2.511472484911791980e-05
-1.604919089004397392e-05
-1.003565648716175929e-05
4.155332862865179777e-05
-1.511330310677294619e-06
-2.221161230409052223e-05
2.850827513611875474e-05
2.709788532229140401e-06
-1.736154808895662427e-05
-3.003984456881880760e-04
-4.407464803080074489e-05
5.580688230111263692e-05
2.408561158517841250e-06
7.248934707604348660e-05
-7.545800763182342052e-04
9.299909288529306650e-05
-1.824524078983813524e-04
-4.228341276757419109e-05
-1.140389667853014544e-05
-4.669923509936779737e-05
6.581747584277763963e-06
7.674465450691059232e-05
1.939936919370666146e-05
5.993951162963639945e-06
8.857906504999846220e-05
5.755406164098531008e-06
-3.599932824727147818e-05
2.711270826694089919e-05
2.805573058139998466e-05
-7.309851207537576556e-05
-1.476935722166672349e-05
-2.381360900471918285e-06
-6.018486601533368230e-05
-1.575435635459143668e-05
9.427533950656652451e-05
2.233602572232484818e-06
9.868529438972473145e-02
3.710552118718624115e-05
6.509986997116357088e-05
7.816694960638415068e-06
1.002355292439460754e-02
3.618033588281832635e-06
-2.078907709801569581e-05
2.244913775939494371e-05
8.400927981710992754e-06
-3.066970748477615416e-06
1.102851274481508881e-05
-7.116700726328417659e-05
2.661705002537928522e-05
3.651814040495082736e-06
5.491650104522705078e-01
-1.419957516191061586e-05
5.532343493541702628e-05
2.589165160316042602e-05
-1.422296554665081203e-05
-1.851651177275925875e-06
6.563999340869486332e-05
-1.148372612078674138e-04
-7.910933345556259155e-04
-1.818495547922793776e-05
9.900563600240275264e-05
-1.940306174219585955e-05
2.279521686432417482e-05
8.503353456035256386e-06
1.637143941479735076e-05
-3.205748362233862281e-05
-7.532310974056599662e-06
-8.061742846621200442e-07
9.340387582778930664e-02
-1.224016159540042281e-06
-1.630801998544484377e-04
8.349828567588701844e-05
5.710021650884300470e-05
8.561351569369435310e-05
-3.350229235365986824e-06
1.168853304989170283e-05
-2.839559601852670312e-05
5.300809061736799777e-05
2.978569136757869273e-05
2.628081529110204428e-05
-1.200542610604315996e-04
-1.934760366566479206e-04
5.237344885244965553e-05
1.311043888563290238e-04
-2.803302777465432882e-06
-6.423064405680634081e-06
2.769774073385633528e-05
1.021899952320381999e-04
9.237130871042609215e-05
1.042284420691430569e-04
1.108167343772947788e-04
3.843782906187698245e-06
7.810723036527633667e-05
-1.514427567599341273e-04
-2.207072429882828146e-05
2.792521991068497300e-05
2.395265255472622812e-05
5.199200510978698730e-01
4.808724770555272698e-05
-5.518363832379691303e-05
-1.125215931097045541e-05
-4.068522684974595904e-05
7.633637324033770710e-06
-1.469250582886161283e-05
-9.724596738815307617e-01
-1.613038693903945386e-05
2.086560925818048418e-06
-7.988927960395812988e-01
-1.816104486351832747e-05
8.285601506941020489e-05
1.009672805666923523e-01
-1.230253110406920314e-05
-5.243088162387721241e-05
5.390913429437205195e-06
1.154399524239124730e-05
8.379287123680114746e-01
-4.146693274378776550e-03
2.028957169386558235e-05
-4.194362190901301801e-06
-4.606650691130198538e-05
-1.701886139926500618e-05
2.351113835175056010e-05
1.594792774994857609e-05
-1.034321030601859093e-05
8.362530206795781851e-05
-1.352235703961923718e-04
-1.185701535177940968e-06
-8.014814853668212891e-01
-4.859110049437731504e-06
1.562079705763608217e-04
9.222881999448873103e-06
2.336045872652903199e-05
-1.808036176953464746e-05
-7.476741302525624633e-06
-3.361999915796332061e-06
2.708361535042058676e-05
1.433614670531824231e-06
6.804817530792206526e-06
-4.839299435843713582e-06
2.790771759464405477e-06
1.860697375377640128e-05
2.209851118095684797e-05
-1.029159557219827548e-05
-1.567794970469549298e-04
-3.265794293838553131e-05
1.330329541815444827e-05
-3.876875052810646594e-05
-3.855061004287563264e-05
-8.427874490735121071e-06
-8.780362804827746004e-06
-6.739014679624233395e-07
7.450700650224462152e-06
2.076012242469005287e-05
6.938412298040930182e-06
-8.653550321469083428e-05
1.216735745401820168e-05
-1.825002618716098368e-05
-1.128141411754768342e-05
5.706997035304084420e-05
3.682843816932290792e-05
1.681538378761615604e-05
-1.642345741856843233e-04
-9.744730778038501740e-05
6.737819639965891838e-04
1.951422564161475748e-05
-3.041757918254006654e-05
7.749885116936638951e-05
-4.298435669625177979e-06
3.971195837948471308e-05
-9.190578566631302238e-06
2.818663051584735513e-05
-4.070958675583824515e-05
5.049169431003974751e-06
-5.569512359215877950e-05
-5.587616396951489151e-05
-3.592831853893585503e-05
-2.128792948496993631e-05
1.332756801275536418e-05
-6.880105502204969525e-05
-1.918910675158258528e-05
-1.987178802664857358e-05
-2.002686778723727912e-05
-1.459575287299230695e-06
5.039270035922527313e-06
-3.792305506067350507e-06
-1.120318120229057968e-05
6.719128577969968319e-07
2.681823207240086049e-05
-4.559933222481049597e-05
-3.963320632465183735e-04
1.715759754006285220e-05
-2.827001662808470428e-05
-1.436110687791369855e-05
-6.448302268981933594e-01
-1.271226392418611795e-05
-6.688094799756072462e-06
-2.214610140072181821e-05
-6.762544944649562240e-05
2.857538498938083649e-02
2.228869497776031494e-01
3.538259988999925554e-06
-2.419299271423369646e-04
-1.309240087721263990e-05
9.785344445845112205e-06
-1.349778631265508011e-05
2.843910078809130937e-05
1.886386417027097195e-05
3.539655153872445226e-06
1.823619459173642099e-05
2.885143476305529475e-05
4.843850620090961456e-03
-2.593551180325448513e-04
4.077217818121425807e-05
-6.312597543001174927e-05
-2.304035888300859369e-06
8.040296961553394794e-06
-1.246028987225145102e-04
-4.374089257908053696e-05
2.975683673867024481e-05
4.433922731550410390e-05
5.063138087280094624e-04
2.622405872898525558e-06
-1.767135472618974745e-06
1.054784581065177917e-01
-4.570657620206475258e-05
2.069849506369791925e-05
-3.358883261680603027e-01
-1.251584581041242927e-05
-5.403239629231393337e-05
-1.084822773933410645e+00
1.336736895609647036e-04
-1.747071655699983239e-05
1.399044413119554520e-05
6.027406081557273865e-02
-4.934092430630698800e-06
1.847477324190549552e-05
4.115863703191280365e-06
8.340222120750695467e-05
1.688656993792392313e-05
4.449384869076311588e-05
3.265462510171346366e-06
1.400504913181066513e-02
-4.755144618684425950e-05
-8.226416684919968247e-05
8.232804248109459877e-06
7.713829108979552984e-05
-1.559101292514242232e-06
-1.327468726231018081e-05
-6.227723497431725264e-05
-5.192900061956606805e-05
5.331730790203437209e-05
7.263246516231447458e-05
4.561507375910878181e-05
1.093285381793975830e-01
-6.679655780317261815e-05
-8.361421350855380297e-07
2.777930785669013858e-05
8.301327761728316545e-05
3.150500655174255371e-01
2.196511377405840904e-05
-1.763612272043246776e-05
-7.989586447365581989e-05
-3.401449430384673178e-05
-6.829485209891572595e-05
-1.197751953441184014e-05
1.108503621071577072e-02
9.130204489338211715e-06
1.796508877305313945e-05
-2.721578348428010941e-04
3.593605015339562669e-06
1.039182970998808742e-04
-1.975743361981585622e-05
-1.543947728350758553e-04
-4.005823939223773777e-05
-1.405320363119244576e-03
7.746478513581678271e-05
-1.198191603180021048e-04
2.385493814945220947e-01
-5.306595267029479146e-05
2.182112038135528564e-01
3.120213659713044763e-05
-6.669179128948599100e-06
-1.005145240924321115e-04
1.051012222887948155e-04
1.915084570646286011e-01
-4.063150481670163572e-05
8.435291420028079301e-06
3.028916398761793971e-05
-2.578221028670668602e-06
-2.792958184727467597e-07
-3.554969429969787598e-01
-3.084987838519737124e-06
2.473854510753881186e-05
1.857476122677326202e-02
-7.635691872565075755e-05
-1.712843913992401212e-05
-3.744787318282760680e-05
9.205362945795059204e-02
3.150092670693993568e-04
-6.291624231380410492e-06
3.133432983304373920e-05
-3.313234628876671195e-05
1.912470179377123713e-05
-1.170209816336864606e-05
-3.708403892233036458e-05
-1.316340240009594709e-05
-4.929027636535465717e-05
1.111797173507511616e-04
-6.501402094727382064e-05
-7.504409586545079947e-05
-1.708917843643575907e-04
-1.939805224537849426e-05
4.374943091534078121e-05
7.581472345918882638e-06
1.669576886342838407e-05
-8.548714686185121536e-05
3.788806498050689697e-05
-1.669022094574756920e-05
7.131651727831922472e-06
1.626890252737211995e-06
2.607230271678417921e-05
9.392036736244335771e-05
1.537386197014711797e-05
-3.956551154260523617e-06
-4.379993697511963546e-06
2.296729758381843567e-02
-6.952662806725129485e-05
-5.030890315538272262e-05
-2.481753836036659777e-05
7.096213812474161386e-05
5.680415415554307401e-05
2.191008388763293624e-05
4.315457772463560104e-06
2.784549724310636520e-05
2.197720343247056007e-03
-4.024590452900156379e-06
3.050294762942939997e-04
1.437946139049017802e-05
-7.375938366749323905e-07
-2.422496472718194127e-04
-2.591966222098562866e-06
-7.930202627903781831e-08
-6.025169204804114997e-05
-1.268739106308203191e-05
-1.655815576668828726e-04
6.394871743395924568e-04
8.315873856190592051e-05
-3.580265045166015625e-01
1.010068626783322543e-05
-2.598054561531171203e-05
-1.277032879443140700e-05
-5.788311227661324665e-06
-7.614823698531836271e-05
6.587372627109289169e-05
-1.772389623511116952e-05
-3.970081452280282974e-04
1.788820554793346673e-05
-2.173553730244748294e-05
2.805807707773055881e-05
-2.639104059198871255e-05
-1.755708944983780384e-05
7.787061622366309166e-05
-1.134541980718495324e-05
-9.477684943703934550e-05
2.498933099559508264e-06
-8.461484867439139634e-06
1.026942845783196390e-04
2.712554123718291521e-04
-4.447822357178665698e-05
2.079984260490164161e-04
-1.264061212539672852e+00
7.472240213246550411e-06
8.544343709945678711e-02
2.747314829321112484e-05
1.591300497238989919e-05
3.029131403309293091e-05
-5.395936568675097078e-06
-7.375016866717487574e-05
-3.401258800295181572e-05
-8.119735866785049438e-05
2.099164016544818878e-02
2.412297180853784084e-04
-4.745671321870759130e-05
2.247490192530676723e-05
-4.136927964282222092e-05
-6.128839595476165414e-05
7.568524597445502877e-05
-5.724002767237834632e-05
1.694816091912798584e-07
2.154192775487899780e-01
-1.256071027455618605e-05
5.375457112677395344e-05
5.578081618295982480e-05
3.168124239891767502e-04
8.866330608725547791e-05
2.740744457696564496e-05
-1.289859119424363598e-05
5.044653516961261630e-05
1.802124825189821422e-05
-1.560231976327486336e-05
-2.378560566285159439e-05
-5.103535950183868408e-04
-2.056634548353031278e-05
8.904321293812245131e-05
-5.602788587566465139e-05
7.425479452649597079e-06
2.356534969294443727e-05
1.754536970111075789e-05
2.513162144168745726e-05
-1.014245481201214716e-05
-1.645885786274448037e-04
-2.361098995606880635e-05
2.374394716753158718e-05
-1.737867751216981560e-05
-1.325551875197561458e-05
-2.399077311565633863e-05
5.241613325779326260e-05
3.044199547730386257e-05
-1.518962471891427413e-05
-1.629997677810024470e-05
-1.229554472956806421e-04
6.528483709189458750e-07
-1.370638783555477858e-04
4.079129575984552503e-05
-8.051799522945657372e-05
-1.955887091753538698e-05
7.756485501886345446e-06
-4.620609615813009441e-05
2.902277628891170025e-05
-1.724054345686454326e-05
-2.329465496586635709e-04
6.855617539258673787e-05
-1.281534787267446518e-05
-1.940231049957219511e-05
-3.498886144370771945e-06
-1.808168235584162176e-05
-8.362751032109372318e-06
-1.545811574032995850e-05
6.150156696094200015e-05
4.904414527118206024e-05
-5.054817665950395167e-05
3.214726530131883919e-05
3.471614763839170337e-05
-1.151566029875539243e-04
-1.611240804777480662e-05
2.468190193176269531e-01
1.204147793032461777e-05
-1.100689405575394630e-05
-3.533987182890996337e-05
2.419513475615531206e-05
2.395722913206554949e-05
1.784831692930310965e-05
-4.603232082445174456e-05
5.832904662383953109e-06
-8.490904292557388544e-06
-8.006280950212385505e-06
-3.190347342751920223e-06
-1.475444296374917030e-04
-1.120157539844512939e-04
6.199373456183820963e-05
-2.312323704245500267e-05
-2.227468939963728189e-06
3.472016032901592553e-06
1.872029315563850105e-06
-1.242937196366256103e-05
5.418580258265137672e-06
-1.882857759483158588e-05
-8.341477951034903526e-06
-1.706114562693983316e-05
2.978697011712938547e-05
-1.556854113005101681e-05
1.051634990290040150e-05
-2.685856816242448986e-05
2.138947274943348020e-05
-1.505474119767313823e-05
-1.229919598699780181e-05
2.534262239350937307e-05
-2.846855295501882210e-06
1.113808957597939298e-05
5.562742444453760982e-08
1.774999691406264901e-05
2.998148556798696518e-05
-1.383657800033688545e-04
8.180531949619762599e-06
1.869460538728162646e-04
1.126767892856150866e-05
2.802248127409256995e-05
-1.071587485057534650e-05
2.400071243755519390e-04
-1.674476152402348816e-05
-2.008553128689527512e-04
2.233340092061553150e-05
8.882588736014440656e-05
3.668632416520267725e-06
-7.824662316124886274e-05
1.227566099260002375e-05
1.088611861632671207e-05
1.885516212496440858e-05
-1.309705476160161197e-05
-4.558858563541434705e-05
2.424530430289451033e-05
4.521670052781701088e-05
8.178194761276245117e-01
-1.128368330682860687e-05
1.462255386286415160e-05
1.954243998625315726e-05
3.651924771475023590e-06
4.786023055203258991e-05
-6.723473779857158661e-05
1.362886905553750694e-06
-7.330311200348660350e-05
-3.298514275229535997e-05
-7.622719567734748125e-05
-9.580948244547471404e-06
-2.360602593398652971e-07
-1.234893716173246503e-05
2.512888386263512075e-05
7.711352314800024033e-03
1.038442587741883472e-05
-1.267184779862873256e-05
2.362040281295776367e-01
5.341977521311491728e-05
-4.066593101015314460e-05
-6.153641606942983344e-06
8.532751053280662745e-06
4.328700742917135358e-05
2.292933095304761082e-05
-1.634206455491948873e-06
3.750967152882367373e-06
-1.923640229506418109e-05
-8.677016012370586395e-06
4.336074198363348842e-06
5.648366641253232956e-05
-4.826278090476989746e-01
1.572080887854099274e-02
8.988041372504085302e-06
-5.837604840053245425e-05
-1.329207771050278097e-05
-1.149677336798049510e-05
8.152423106366768479e-05
3.406281757634133101e-05
-1.232290378538891673e-04
-6.735668284818530083e-05
2.740760147571563721e-01
-8.542766590835526586e-05
-4.715160685009323061e-06
5.031735781813040376e-05
-2.249775752716232091e-05
2.499885886209085584e-05
2.876225880754645914e-05
-3.705808558152057230e-05
-1.300877484027296305e-04
-4.108439316041767597e-04
1.074153697118163109e-04
-5.205683191888965666e-05
-1.387819065712392330e-05
-8.453748705505859107e-06
8.801616786513477564e-06
-1.303202225244604051e-05
-7.701595677644945681e-06
2.004592120647430420e-01
6.424789899028837681e-05
-3.195063982275314629e-06
-1.274562418984714895e-05
6.305023271124809980e-05
3.126343017356703058e-06
2.456297129392623901e-01
-1.912164407258387655e-05
3.482414831523783505e-05
-2.535066778364125639e-05
-5.825629234313964844e-01
-1.939944013429339975e-05
-6.457419658545404673e-05
-3.228187324566533789e-06
-5.001714453101158142e-05
-1.576492832100484520e-05
-9.349883839604444802e-06
-1.580980460857972503e-05
1.262731530005112290e-06
4.620234903995878994e-05
-1.572364226376521401e-06
-6.052829121472314000e-06
-2.432000110275112092e-05
2.901480911532416940e-05
9.268759458791464567e-05
-1.597691152710467577e-05
9.712731298350263387e-06
-7.526155968662351370e-05
2.652918919920921326e-05
-8.985894055513199419e-06
1.395491926814429462e-05
2.050692455668468028e-05
-6.494425178971141577e-06
-6.421723082894459367e-05
-8.317845640704035759e-05
-2.597825550765264779e-05
3.855649993056431413e-06
-1.131841872847871855e-05
2.875161590054631233e-05
2.788920573948416859e-05
-1.895340938062872738e-05
8.512991666793823242e-02
1.587914084666408598e-05
6.337686791084706783e-04
-1.411328048561699688e-05
-1.738294486131053418e-06
1.962875127792358398e-01
6.429445420508272946e-07
-1.877530157798901200e-04
-2.800844777084421366e-05
3.354371438035741448e-05
-1.690223143668845296e-04
-1.178102775156730786e-05
-5.905355646973475814e-05
-1.636497836443595588e-05
4.346858258941210806e-05
1.662085378484334797e-05
1.361702652502572164e-05
5.004270497011020780e-05
-1.138997031375765800e-04
-1.028845872497186065e-05
-1.631523628020659089e-05
-3.078295776504091918e-05
4.273117883712984622e-05
-9.974325075745582581e-05
-1.444585541321430355e-05
-8.383405656786635518e-05
8.345612513949163258e-06
-3.563636710168793797e-05
2.344628046557772905e-05
2.581028411441366188e-06
-2.749486338871065527e-05
2.262311318190768361e-05
-2.850074451998807490e-05
-1.899337075883522630e-05
-9.016529475047718734e-06
2.492254134267568588e-05
-1.092868842533789575e-06
-4.013743364339461550e-06
-3.649808786576613784e-05
-8.058296771196182817e-06
6.314025085885077715e-06
-1.364798208669526502e-05
1.901884388644248247e-05
-9.331658657174557447e-05
-1.490057366027031094e-05
2.325420081615447998e-01
8.535969257354736328e-02
8.844239346217364073e-05
-8.213940418499987572e-06
-2.386418345849961042e-04
-5.364128810469992459e-06
2.785232572932727635e-05
1.562904981255996972e-05
9.945858619175851345e-05
-7.938377261161804199e-01
6.675714394077658653e-05
-1.159461135102901608e-05
1.830663495638873428e-05
-4.839274697587825358e-05
4.694808467320399359e-06
-1.754970980982761830e-05
5.243120904196985066e-05
-5.462004264700226486e-05
2.624546141305472702e-05
-1.066198365151649341e-05
-1.709582102193962783e-05
1.684117705735843629e-06
3.098806337220594287e-05
-6.615668826270848513e-05
-3.888588253175839782e-05
-4.442168772220611572e-01
-1.444264489691704512e-05
2.068540155887603760e-01
2.117509990930557251e-01
-1.112397148972377181e-04
9.024473547469824553e-05
-5.311283166520297527e-05
-1.142289111157879233e-04
-1.159125386038795114e-04
-4.021509812446311116e-05
-1.760910890880040824e-05
-4.051823452755343169e-06
-7.191493932623416185e-05
-9.818270882533397526e-06
2.000639142352156341e-06
5.235562639427371323e-06
-9.952352411346510053e-05
5.047873855801299214e-06
8.900363172870129347e-05
4.025889938930049539e-05
3.044362529180943966e-06
1.564208287163637578e-05
7.849136454751715064e-05
4.296115002944134176e-05
-1.282641278521623462e-05
-1.794748095562681556e-05
-5.821652302984148264e-05
4.350558810983784497e-05
-2.915490767918527126e-06
-4.988972250430379063e-06
-1.793636511138174683e-05
9.770589531399309635e-05
3.249711880926042795e-06
-2.681144906091503799e-06
3.638171619968488812e-06
8.909843745641410351e-05
-1.396542847942328081e-05
8.451000030618160963e-05
-1.008344770525582135e-05
-3.462994936853647232e-05
-2.022112312261015177e-04
-1.199561120301950723e-05
-1.420275657437741756e-05
1.030384373734705150e-05
2.226032665930688381e-04
-8.775204332778230309e-05
-7.638409442733973265e-06
3.612271939346101135e-06
1.041602372424677014e-04
-1.483490632381290197e-05
1.354542564513394609e-05
1.534081820864230394e-05
-9.097428119275718927e-05
-1.708275158307515085e-05
1.887858707050327212e-05
-8.739711483940482140e-05
2.404523314908146858e-03
1.725140828057192266e-05
2.015508115291595459e-01
4.091719347343314439e-06
-8.986266038846224546e-06
9.904255867004394531e-01
-1.671200516284443438e-05
2.551839861553162336e-05
2.030225186899770051e-05
1.928771598613820970e-05
-1.691608485998585820e-05
3.077405691146850586e-01
4.492718726396560669e-04
-1.300206167798023671e-05
2.267059790028724819e-05
7.227725291159003973e-05
-3.728983574546873569e-05
1.287184750253800303e-05
-3.289827406406402588e-01
-5.379502545110881329e-05
-1.567975232319440693e-05
7.582491889479570091e-06
-1.813901326386258006e-05
-1.933083694893866777e-05
-1.710795004328247160e-05
2.768179183476604521e-05
1.147080729424487799e-05
-2.147222221537958831e-05
7.997558265924453735e-02
2.505306110833771527e-05
-7.733799815177917480e-01
1.968200740520842373e-05
-1.566856008139438927e-05
-1.138438965426757932e-04
1.961163252417463809e-05
-1.698987325653433800e-04
-1.508440800535026938e-05
