3.290430307388305664e-01
-5.233858823776245117e-01
-1.509882807731628418e-01
1.171031780540943146e-02
-3.170501440763473511e-03
-2.655251882970333099e-04
3.426444828510284424e-01
3.733879029750823975e-01
9.812115132808685303e-02
-3.543145430739969015e-04
-3.442347049713134766e-02
-1.347910612821578979e-03
3.633190393447875977e-01
-3.894240129739046097e-03
1.170508097857236862e-03
9.092335589230060577e-03
-2.022033333778381348e-01
-1.404616236686706543e-01
1.022331416606903076e-01
2.827343996614217758e-05
-4.918173551559448242e-01
6.414908915758132935e-02
-1.684498488903045654e-01
1.007144746836274862e-04
-1.727756299078464508e-02
1.776809841394424438e-01
-6.784748286008834839e-02
-1.690438389778137207e-01
8.749096654355525970e-03
4.616019725799560547e-01
3.698106389492750168e-03
3.074205815792083740e-01
7.040138356387615204e-03
-1.251340210437774658e-01
-6.658666729927062988e-01
2.043840587139129639e-01
2.832556143403053284e-03
-1.317016221582889557e-02
-1.746017485857009888e-02
-4.395872820168733597e-03
1.021987497806549072e-01
3.258358836174011230e-01
9.511445462703704834e-02
-1.371363271027803421e-02
1.419577095657587051e-02
1.208591908216476440e-01
7.512331008911132812e-02
-6.741113960742950439e-03
-1.225209701806306839e-02
7.189518213272094727e-02
1.154502481222152710e-01
3.185112774372100830e-02
-1.011266093701124191e-02
5.742944777011871338e-03
3.128675818443298340e-01
4.586680792272090912e-03
-3.829864263534545898e-01
4.341827332973480225e-02
4.059977829456329346e-03
-1.515273936092853546e-02
-1.937671005725860596e-01
5.878641270101070404e-03
3.666672110557556152e-02
-1.566006094217300415e-01
-5.544484034180641174e-02
1.795525103807449341e-02
-7.885960936546325684e-01
-2.346139997243881226e-01
7.956558465957641602e-02
4.154797643423080444e-03
5.595936775207519531e-01
1.843028664588928223e-01
-4.649790376424789429e-02
1.261824555695056915e-02
-4.686644300818443298e-03
5.760304164141416550e-03
2.562813833355903625e-02
-6.071883067488670349e-02
-2.193387895822525024e-01
6.605392321944236755e-03
-3.088432550430297852e-02
-5.221882835030555725e-02
5.067344903945922852e-01
-4.151209723204374313e-03
-5.017749667167663574e-01
8.096095407381653786e-04
-1.930523850023746490e-02
-1.666301675140857697e-02
1.212042346596717834e-01
-1.216377131640911102e-02
6.572898942977190018e-03
2.885116338729858398e-01
4.806687235832214355e-01
6.256745662540197372e-03
9.389947354793548584e-02
-2.381183207035064697e-03
1.460918923839926720e-03
4.468180239200592041e-02
7.726652547717094421e-04
1.729731634259223938e-02
2.640497637912631035e-03
-6.564334630966186523e-01
1.339210104197263718e-02
5.807811021804809570e-01
-8.993965387344360352e-02
3.897344693541526794e-03
-7.816334813833236694e-02
4.816529341042041779e-03
-3.748298436403274536e-02
-9.796011261641979218e-03
1.313203275203704834e-01
3.778127729892730713e-01
-2.724958211183547974e-02
4.242558963596820831e-03
4.514149855822324753e-03
-6.308125257492065430e-01
-2.080857940018177032e-02
-3.097168207168579102e-01
-5.319905932992696762e-03
5.530886650085449219e-01
3.466370701789855957e-02
8.754150569438934326e-02
-3.496721386909484863e-02
-2.285233587026596069e-01
4.268045071512460709e-03
7.649554312229156494e-02
-1.848632097244262695e-01
4.383597697596997023e-04
-5.267813336104154587e-03
-1.865484938025474548e-02
-3.748245835304260254e-01
-4.982937872409820557e-02
3.309594392776489258e-01
-1.996727287769317627e-01
-3.498805761337280273e-01
-6.939425133168697357e-03
1.019232124090194702e-01
-6.393053382635116577e-02
-1.462765038013458252e-02
1.481245039030909538e-03
2.068350836634635925e-02
2.058508805930614471e-03
-8.368520438671112061e-02
7.004341576248407364e-03
5.201674699783325195e-01
6.991279125213623047e-02
-3.683570027351379395e-02
1.760909706354141235e-02
-6.059328094124794006e-03
-2.480871975421905518e-02
5.034979432821273804e-02
5.227559246122837067e-03
-1.355379354208707809e-02
-3.969368934631347656e-01
1.815970987081527710e-03
2.707182168960571289e-01
-2.794692479074001312e-02
5.121011734008789062e-01
1.547672087326645851e-03
1.555143762379884720e-02
-7.092246785759925842e-03
9.242657572031021118e-02
3.475449234247207642e-02
3.621587753295898438e-01
1.255836058408021927e-02
3.414645791053771973e-01
1.584627479314804077e-01
3.788933753967285156e-01
1.145741939544677734e-01
3.354275599122047424e-02
-5.795164108276367188e-01
3.761336207389831543e-03
8.346509188413619995e-02
3.437932133674621582e-01
4.064910113811492920e-03
5.303156971931457520e-01
-2.607500553131103516e-01
-1.866130158305168152e-03
-6.247984617948532104e-02
4.636252764612436295e-03
-3.486215472221374512e-01
-3.766962327063083649e-03
-1.043311692774295807e-02
6.394825410097837448e-03
2.548633515834808350e-02
1.128011010587215424e-02
3.564361110329627991e-02
4.114057719707489014e-01
5.812946557998657227e-01
6.131795793771743774e-02
1.020478084683418274e-02
5.156429950147867203e-03
-5.559781789779663086e-01
5.987348267808556557e-04
5.395095348358154297e-01
-2.221043109893798828e-01
-2.428245265036821365e-03
1.626191660761833191e-04
1.345451641827821732e-02
-7.817564904689788818e-02
-5.023008584976196289e-01
-8.064022064208984375e-01
5.824114009737968445e-02
1.228462308645248413e-01
3.139025066047906876e-03
1.113749109208583832e-02
-6.673123687505722046e-03
5.212645046412944794e-03
4.668635129928588867e-02
-1.937851496040821075e-02
8.763570338487625122e-03
-4.780521616339683533e-02
5.565570592880249023e-01
2.932383120059967041e-01
5.175800062716007233e-03
-2.882151007652282715e-01
-1.884801313281059265e-03
5.345676094293594360e-03
1.415814757347106934e-01
5.116102695465087891e-01
-1.069664433598518372e-01
-1.697244122624397278e-02
-1.045885384082794189e-01
-8.432760834693908691e-02
5.623020231723785400e-02
7.902665063738822937e-03
-5.868808832019567490e-03
7.436756510287523270e-03
-8.192489854991436005e-03
5.317210406064987183e-02
-6.740100383758544922e-01
-7.086429595947265625e-01
-1.403759792447090149e-02
-1.619913429021835327e-01
-4.345464706420898438e-01
-7.949151331558823586e-04
-5.132086575031280518e-03
-2.903494425117969513e-02
5.869733691215515137e-01
8.892581798136234283e-03
-1.080414652824401855e-02
4.303077608346939087e-02
-1.883305609226226807e-03
-7.739672660827636719e-01
-5.528485402464866638e-03
-1.008466184139251709e-01
-1.853283960372209549e-03
7.050246000289916992e-03
8.549760095775127411e-03
8.356207050383090973e-03
2.076289430260658264e-02
1.381057780236005783e-03
4.073248710483312607e-03
-2.147375606000423431e-03
-5.708577632904052734e-01
-6.846264004707336426e-01
5.285819172859191895e-01
3.726081252098083496e-01
-1.798485405743122101e-03
3.527184426784515381e-01
-1.344657503068447113e-03
-4.255186766386032104e-03
-1.160941421985626221e-01
5.241335034370422363e-01
1.656915061175823212e-02
-1.498865187168121338e-01
-3.875372558832168579e-02
-6.047125905752182007e-02
3.828904777765274048e-02
-2.024906501173973083e-02
-2.716040704399347305e-03
-9.210077673196792603e-02
-7.276915945112705231e-03
-6.577956676483154297e-02
4.980825819075107574e-03
5.934149771928787231e-02
8.693262934684753418e-02
-1.619414612650871277e-02
7.938950875541195273e-05
-2.764577046036720276e-02
1.171688456088304520e-02
2.889692783355712891e-03
4.774058610200881958e-02
-1.048504114151000977e+00
3.558308817446231842e-04
-4.404170066118240356e-02
3.972901999950408936e-01
-8.472461700439453125e-01
-4.748286008834838867e-01
-2.237822627648711205e-03
2.915970087051391602e-01
4.919450264424085617e-03
5.600398778915405273e-01
-1.251501142978668213e-01
-2.915125712752342224e-02
-7.191284298896789551e-01
2.491862699389457703e-02
-7.716520689427852631e-03
2.349168807268142700e-02
4.995969682931900024e-02
-5.747632682323455811e-02
-4.723986421595327556e-06
-2.379414625465869904e-03
6.050724536180496216e-02
-3.560901060700416565e-02
-5.613748915493488312e-03
4.084483254700899124e-03
-1.905855685472488403e-01
-5.244552623480558395e-03
-1.236388646066188812e-02
-1.053091883659362793e-02
-6.441178321838378906e-01
1.570973992347717285e-01
5.574783775955438614e-03
-1.007898569107055664e+00
8.317147148773074150e-04
-9.519992768764495850e-02
3.605372607707977295e-01
2.554270625114440918e-01
-1.430799663066864014e-01
-1.100251264870166779e-02
6.512698531150817871e-02
-1.364219933748245239e-04
-4.243068397045135498e-04
4.222480058670043945e-01
7.669476792216300964e-03
-1.837247237563133240e-02
-4.077591001987457275e-04
-1.433833688497543335e-01
4.070518612861633301e-01
2.385613322257995605e-01
-1.865547150373458862e-03
-1.072701737284660339e-01
4.095594212412834167e-02
3.205583896487951279e-03
1.069783233106136322e-03
-8.888822048902511597e-03
1.481106039136648178e-03
1.813393086194992065e-03
-2.616123482584953308e-02
-2.999449148774147034e-03
3.630703780800104141e-03
3.134025493636727333e-03
-2.120739594101905823e-02
-1.759042143821716309e-01
2.835041880607604980e-01
-4.263014495372772217e-01
-1.824793666601181030e-01
1.296582049690186977e-03
-6.748071312904357910e-01
1.996314339339733124e-02
1.967535167932510376e-02
-5.821167491376399994e-03
5.801686048507690430e-01
1.883614063262939453e-01
-3.930038213729858398e-02
7.653481792658567429e-03
1.934854686260223389e-02
-6.668977737426757812e-01
2.048952039331197739e-03
-1.983730588108301163e-03
2.140635848045349121e-01
-2.564098685979843140e-03
3.026183694601058960e-04
3.748613223433494568e-02
-9.422072768211364746e-02
1.837033778429031372e-06
1.152629964053630829e-03
-7.586973905563354492e-01
3.353717178106307983e-02
-1.379162371158599854e-01
4.705728590488433838e-02
4.063929617404937744e-01
1.052594855427742004e-01
1.409966349601745605e-01
6.789124011993408203e-02
3.657564222812652588e-01
-3.432140219956636429e-03
5.649513602256774902e-01
-1.667964272201061249e-03
-6.960558891296386719e-01
1.242573186755180359e-02
5.971401464194059372e-03
2.386875264346599579e-02
5.636906251311302185e-03
4.705422092229127884e-03
-5.906061269342899323e-03
3.431954421103000641e-03
3.321351949125528336e-03
3.251973772421479225e-03
-1.465705316513776779e-02
7.073170039802789688e-03
5.673596262931823730e-01
-1.603714190423488617e-03
-1.853287816047668457e-01
5.381575822830200195e-01
9.696982800960540771e-03
3.725575804710388184e-01
1.077300310134887695e-02
-1.072769425809383392e-02
-4.336715862154960632e-02
5.585954785346984863e-01
5.607599616050720215e-01
-4.795872047543525696e-02
2.761039733886718750e-01
-1.810276806354522705e-01
5.162693262100219727e-01
3.587767779827117920e-01
-9.733432903885841370e-03
-1.004078388214111328e+00
-7.155911996960639954e-03
2.714783884584903717e-03
7.203339785337448120e-02
3.357115089893341064e-01
1.358325779438018799e-01
3.968327119946479797e-02
-1.221572887152433395e-02
4.186220467090606689e-03
-3.292982578277587891e-01
-6.788790225982666016e-03
-1.167317386716604233e-03
5.422900319099426270e-01
-1.075164824724197388e-01
-4.065448790788650513e-02
2.243086509406566620e-02
-6.346352100372314453e-01
4.546153650153428316e-04
-5.862115416675806046e-03
7.950218860059976578e-04
-1.534217968583106995e-03
-2.668094038963317871e-01
5.948783364146947861e-03
-3.057600185275077820e-02
5.510434508323669434e-01
5.260085463523864746e-01
6.555685400962829590e-02
8.889548480510711670e-04
3.354886174201965332e-01
5.348736885935068130e-03
-1.136055681854486465e-02
4.494125768542289734e-02
3.301908373832702637e-01
5.504080653190612793e-01
1.201545633375644684e-02
2.179081551730632782e-03
3.074757289141416550e-03
-3.551106434315443039e-03
-4.517544806003570557e-01
-1.197114121168851852e-02
-9.367156028747558594e-02
4.458214640617370605e-01
9.707427769899368286e-02
1.361616700887680054e-02
-2.787643112242221832e-03
-3.051900863647460938e-02
7.274177670478820801e-02
6.592539139091968536e-03
-8.920159190893173218e-02
-1.432557702064514160e-01
-5.350923631340265274e-03
4.950447380542755127e-02
4.554064944386482239e-03
2.264254726469516754e-04
4.646362066268920898e-01
-1.512090116739273071e-02
-2.200220152735710144e-02
-1.632130295038223267e-01
2.754702605307102203e-02
1.246666628867387772e-02
5.515027791261672974e-02
-4.738794267177581787e-02
2.828329801559448242e-03
-6.486482620239257812e-01
-2.565798349678516388e-03
-1.646170206367969513e-02
-2.814004430547356606e-03
-4.082155823707580566e-01
-2.796905934810638428e-01
8.669517189264297485e-02
6.536493077874183655e-03
-4.188277944922447205e-02
3.252603709697723389e-01
5.574411153793334961e-01
4.359357804059982300e-02
-4.118991643190383911e-02
-1.386090219020843506e-01
7.885968312621116638e-03
1.928156614303588867e-01
-7.260649581439793110e-04
-3.046387282665818930e-04
4.956377446651458740e-01
-5.537689197808504105e-03
5.115546518936753273e-04
2.785284304991364479e-03
2.399542136117815971e-03
-7.352458685636520386e-02
1.284842342138290405e-01
4.842585921287536621e-01
-4.210497066378593445e-02
-4.197484813630580902e-04
-3.603594144806265831e-03
-2.034696051850914955e-03
-7.804950475692749023e-01
-1.026156730949878693e-02
-1.991683617234230042e-02
5.804327316582202911e-03
5.001163482666015625e-01
7.243175990879535675e-03
-1.300408393144607544e-01
1.640866277739405632e-03
5.068282485008239746e-01
-2.320268657058477402e-03
2.210413217544555664e-01
1.317262500524520874e-01
5.199956241995096207e-03
-3.336543217301368713e-02
5.320971012115478516e-01
-8.338993787765502930e-01
-8.319191634654998779e-02
-3.070324659347534180e-01
2.400970831513404846e-02
-4.697968065738677979e-02
6.480840966105461121e-07
-6.044860463589429855e-03
4.739882051944732666e-01
-5.733702704310417175e-02
5.168072581291198730e-01
-1.779409348964691162e-01
-1.060783028602600098e+00
3.685400187969207764e-01
2.613986432552337646e-01
-4.015613347291946411e-02
4.372102618217468262e-01
5.874538794159889221e-03
4.844767451286315918e-01
9.430419653654098511e-03
1.244038110598921776e-03
-5.146302282810211182e-03
7.916989852674305439e-04
5.595166683197021484e-01
-6.398463249206542969e-01
3.421644121408462524e-02
3.683779388666152954e-02
5.376440472900867462e-03
-1.828582733869552612e-01
-5.023872256278991699e-01
-6.725282408297061920e-03
-3.436560928821563721e-02
3.427527379244565964e-03
5.222146511077880859e-01
-1.006754208356142044e-02
1.173280775547027588e-01
-4.059952870011329651e-02
2.110694348812103271e-01
6.255041807889938354e-05
-6.287726573646068573e-03
3.051593201234936714e-03
1.767529547214508057e-02
-6.153552979230880737e-02
2.629075348377227783e-01
-4.563912749290466309e-02
2.370803505182266235e-01
-3.996727243065834045e-02
1.479549109935760498e-01
2.788549065589904785e-01
-7.380705326795578003e-03
1.296627742704004049e-04
2.587189010228030384e-05
-3.480276465415954590e-01
2.735790424048900604e-02
4.552833437919616699e-01
1.007010694593191147e-02
-6.416406631469726562e-01
-1.895170286297798157e-02
-1.692453473806381226e-01
-7.785698981024324894e-04
-3.382873255759477615e-03
-1.480692531913518906e-03
2.204028703272342682e-02
-1.064892858266830444e-03
-8.774316906929016113e-01
5.128951072692871094e-01
2.549782395362854004e-01
2.300594449043273926e-01
-8.596848249435424805e-01
-7.554525043815374374e-03
2.369796186685562134e-01
-5.498265475034713745e-02
1.312338281422853470e-04
-4.008101765066385269e-03
-7.054964080452919006e-04
-1.386255462421104312e-04
1.116023361682891846e-01
7.736559957265853882e-03
8.268303237855434418e-03
2.700833976268768311e-01
2.018552273511886597e-03
-5.776681751012802124e-02
1.162323751486837864e-03
-1.081847399473190308e-02
2.290634904056787491e-03
-7.091599050909280777e-03
-1.577837020158767700e-02
9.517813450656831264e-04
-1.630789637565612793e-01
5.298576354980468750e-01
-7.126691751182079315e-03
1.806809596018865705e-04
-4.305814392864704132e-03
-8.166053891181945801e-02
-3.219285048544406891e-03
1.957181692123413086e-01
5.164841413497924805e-01
-3.423386951908469200e-04
-1.580441594123840332e-01
5.474477075040340424e-04
9.025115519762039185e-02
-3.192132711410522461e-02
6.106907036155462265e-03
3.450720570981502533e-03
9.219627827405929565e-06
5.642901659011840820e-01
-7.271924018859863281e-01
3.769745817407965660e-03
2.189440429210662842e-01
-5.048320628702640533e-03
8.124812692403793335e-02
9.291339665651321411e-02
-9.171501733362674713e-04
6.316910148598253727e-04
5.640506860800087452e-04
3.977958858013153076e-01
3.457419574260711670e-01
1.396450996398925781e-01
3.811570107936859131e-01
5.048799514770507812e-01
-3.036820292472839355e-01
8.275523781776428223e-02
-1.186395157128572464e-02
-1.849046722054481506e-02
-1.024376153945922852e-01
-1.212253351695835590e-03
4.363620653748512268e-03
1.753154327161610126e-03
9.648748487234115601e-02
5.761044099926948547e-03
-6.837029755115509033e-02
1.116756349802017212e-02
-4.046944528818130493e-02
4.133303649723529816e-03
7.287229411303997040e-03
-4.824860990047454834e-01
-6.683380925096571445e-04
-2.647066861391067505e-02
1.155221760272979736e-01
2.347782850265502930e-01
-6.171891465783119202e-03
4.158583879470825195e-01
1.344970315694808960e-01
1.012915559113025665e-02
3.983117640018463135e-01
-5.919254943728446960e-02
8.576344116590917110e-04
2.336775362491607666e-01
1.088776439428329468e-02
-3.005553502589464188e-03
-1.065171044319868088e-02
-7.541100785601884127e-05
-1.472879812354221940e-04
-4.619209468364715576e-02
-2.837141156196594238e-01
-2.277616411447525024e-03
-7.410534191876649857e-03
8.491245098412036896e-03
-1.433135359548032284e-03
-6.245697848498821259e-03
4.059734344482421875e-01
-3.413916230201721191e-01
3.929398208856582642e-02
-1.178228557109832764e-01
2.150969021022319794e-02
-2.136698178946971893e-02
1.032516174018383026e-02
1.455959136364981532e-04
1.002937206067144871e-03
-7.172163724899291992e-01
-5.954835098236799240e-03
2.682775259017944336e-01
-3.982187248766422272e-03
9.220456704497337341e-04
-7.660149596631526947e-03
4.605949670076370239e-02
3.019403433427214622e-03
-2.317925449460744858e-03
-5.432623624801635742e-01
4.604074172675609589e-03
5.864033699035644531e-01
5.037528872489929199e-01
6.423565000295639038e-02
-3.171735443174839020e-03
7.752070575952529907e-02
2.528620883822441101e-03
9.746581315994262695e-03
-4.804276861250400543e-03
-1.279811002314090729e-02
-1.764558255672454834e-04
-1.424087956547737122e-02
-1.057783216238021851e-01
-3.172117751091718674e-03
2.890883982181549072e-01
-2.354911714792251587e-02
-4.459038376808166504e-03
1.866103033535182476e-03
5.853618495166301727e-04
1.165043935179710388e-02
2.310537383891642094e-04
-1.864416152238845825e-02
3.192637581378221512e-03
-2.690316177904605865e-04
3.552284538745880127e-01
-3.539041876792907715e-01
2.721962630748748779e-01
-1.348551362752914429e-02
-1.206473112106323242e-01
-7.424540519714355469e-01
2.157528698444366455e-01
2.645484507083892822e-01
-2.105862200260162354e-01
5.190741503611207008e-04
6.505067646503448486e-02
3.903491888195276260e-03
1.678373664617538452e-02
-2.734935842454433441e-03
7.798600196838378906e-02
-1.973228752613067627e-01
3.803320527076721191e-01
3.613912966102361679e-03
-1.305380137637257576e-03
-4.705117642879486084e-01
5.487959384918212891e-01
5.869893357157707214e-05
-3.766186907887458801e-02
2.196055604144930840e-03
2.264967262744903564e-01
4.217528700828552246e-01
-3.396411240100860596e-02
2.997570335865020752e-01
1.893719658255577087e-02
-6.711520254611968994e-02
1.351196616888046265e-01
1.285671889781951904e-01
2.064022002741694450e-03
-4.212721437215805054e-02
2.093287408351898193e-01
5.188914537429809570e-01
-4.417452216148376465e-01
-3.263173624873161316e-02
3.158681094646453857e-01
2.143612131476402283e-03
-4.611337557435035706e-02
2.156518166884779930e-03
-5.263892235234379768e-04
6.902863830327987671e-02
5.935465916991233826e-03
2.086147069931030273e-01
-2.222690582275390625e-01
-6.997934579849243164e-01
1.654621213674545288e-01
2.634754404425621033e-03
-9.051042795181274414e-01
6.501737236976623535e-02
1.831790208816528320e-01
1.096587255597114563e-02
-6.887734867632389069e-03
2.077988116070628166e-03
-3.157246112823486328e-01
2.776230275630950928e-01
1.152402721345424652e-02
4.454937577247619629e-01
2.207265794277191162e-02
2.367034740746021271e-02
-1.791214793920516968e-01
3.737296909093856812e-02
-1.814188435673713684e-03
7.052048575133085251e-03
1.073377765715122223e-02
1.319184433668851852e-03
1.471549645066261292e-02
-3.968148231506347656e-01
-1.279246341437101364e-02
1.979095116257667542e-02
5.293265730142593384e-02
-1.102039813995361328e-01
2.134305797517299652e-02
5.866256728768348694e-02
3.695572018623352051e-01
3.991904086433351040e-04
5.701178908348083496e-01
1.929230056703090668e-04
9.400513768196105957e-02
7.995453476905822754e-02
-6.318065524101257324e-01
9.317539515905082226e-04
-4.808855056762695312e-02
-6.043920293450355530e-02
-9.442015886306762695e-01
3.246389031410217285e-01
-5.885870195925235748e-03
7.751031778752803802e-03
2.658464945852756500e-03
3.920631483197212219e-03
-1.635563094168901443e-03
-4.614648520946502686e-01
5.882645249366760254e-01
7.432295940816402435e-03
1.337631838396191597e-03
4.496245980262756348e-01
4.201847314834594727e-01
4.017930477857589722e-03
-8.966156244277954102e-01
-7.487640380859375000e-01
9.508392773568630219e-03
2.582699805498123169e-02
1.768449097871780396e-01
7.974615320563316345e-03
4.600159525871276855e-01
-8.406125009059906006e-02
6.827232893556356430e-03
-1.053884103894233704e-01
-5.264682322740554810e-02
1.096180602908134460e-01
-2.484188415110111237e-02
1.927928440272808075e-02
-6.341627836227416992e-01
8.101303875446319580e-02
1.287545915693044662e-02
2.165815792977809906e-03
2.764006331562995911e-02
-3.080536723136901855e-01
5.387126207351684570e-01
-1.516731232404708862e-01
-8.942904323339462280e-02
-6.197530627250671387e-01
6.785992998629808426e-03
6.567642092704772949e-03
-1.117301173508167267e-02
-1.935350894927978516e-01
1.679035834968090057e-03
-8.721938356757164001e-03
6.119742989540100098e-03
-1.775737404823303223e-01
-5.167247727513313293e-04
-6.810884224250912666e-04
-5.137328058481216431e-03
-9.215909987688064575e-03
5.488471686840057373e-02
-1.512274844571948051e-03
-4.831916391849517822e-01
-1.563035994768142700e-01
-6.998887658119201660e-02
-8.841196075081825256e-03
1.341310888528823853e-01
-6.291376352310180664e-01
1.158786471933126450e-03
7.394032180309295654e-02
1.804940216243267059e-02
8.154992759227752686e-02
-2.345603853464126587e-01
-7.430128753185272217e-03
4.827489610761404037e-03
9.824215620756149292e-02
6.572321522980928421e-03
-1.541431248188018799e-01
-1.079677194356918335e-01
-1.813300070352852345e-03
-7.343175411224365234e-01
9.727976866997778416e-04
-9.708156809210777283e-03
5.113099236041307449e-03
-8.919125795364379883e-01
-6.865375675261020660e-03
3.094946965575218201e-03
1.397714205086231232e-02
-9.235972538590431213e-04
-1.329910755157470703e-01
4.414995200932025909e-04
4.048220068216323853e-02
7.817066274583339691e-03
-2.386714331805706024e-03
7.435550540685653687e-02
4.686625674366950989e-03
-6.900056265294551849e-03
5.249273497611284256e-03
2.942759990692138672e-01
-3.727239964064210653e-04
8.730286732316017151e-03
6.691398099064826965e-03
-1.828390732407569885e-02
5.629770159721374512e-01
6.967581808567047119e-02
-5.347654819488525391e-01
-1.569327339529991150e-02
4.581268429756164551e-01
-1.759311184287071228e-02
6.307321600615978241e-04
-6.239466071128845215e-01
1.045562885701656342e-02
-1.216890476644039154e-02
1.106158923357725143e-02
-2.141251694411039352e-03
2.045769244432449341e-01
-2.219216898083686829e-02
5.557702779769897461e-01
4.250674843788146973e-01
6.623873487114906311e-04
-3.641222789883613586e-02
1.644484512507915497e-02
3.094942681491374969e-02
1.417707186192274094e-02
2.483776807785034180e-01
-1.726005040109157562e-02
5.236055254936218262e-01
1.094324886798858643e-02
1.141812279820442200e-02
2.241292502731084824e-03
-1.028752923011779785e-01
2.622055821120738983e-03
-1.973575726151466370e-02
4.667905271053314209e-01
-8.037444204092025757e-03
-6.853657960891723633e-01
3.249778449535369873e-01
8.804463781416416168e-03
-8.219368755817413330e-03
8.865093812346458435e-03
-3.201105445623397827e-02
-1.097160428762435913e-01
9.659903123974800110e-03
3.119490668177604675e-02
-4.787268489599227905e-02
-8.247062563896179199e-03
4.791403561830520630e-02
6.600229069590568542e-03
-2.841073274612426758e-02
-1.709015294909477234e-02
5.288745462894439697e-02
-1.982210204005241394e-03
-3.966724276542663574e-01
3.341425955295562744e-02
-6.384983062744140625e-01
1.970439916476607323e-03
-1.457795407623052597e-02
-1.041837604134343565e-04
-3.685452416539192200e-02
-1.874381005764007568e-01
1.559066120535135269e-03
-7.018010364845395088e-04
1.300211101770401001e-01
3.481306731700897217e-01
-6.054778117686510086e-03
-6.675769388675689697e-02
2.866659313440322876e-03
-1.759103387594223022e-01
1.479564700275659561e-02
-9.189431667327880859e-01
1.898646878544241190e-04
-2.407395690679550171e-01
2.521272562444210052e-02
5.587627887725830078e-01
5.258867889642715454e-02
-2.206602990627288818e-01
-6.842395290732383728e-03
3.242392465472221375e-02
1.044456958770751953e-01
-3.565168380737304688e-01
5.385675430297851562e-01
5.455692857503890991e-02
1.912917196750640869e-01
1.873553358018398285e-02
-4.276380538940429688e-01
2.490311488509178162e-02
9.229085990227758884e-04
3.898660466074943542e-02
-1.169790793210268021e-02
-1.017520111054182053e-02
-2.094600349664688110e-03
7.884331047534942627e-03
-1.195840537548065186e-03
-9.118740260601043701e-02
6.890591233968734741e-03
