4.612673074007034302e-04
1.056602341122925282e-04
-5.622277967631816864e-07
5.216925637796521187e-05
1.032570289680734277e-04
-2.515963278710842133e-04
1.625342410989105701e-04
-1.292419619858264923e-04
-9.345682337880134583e-05
-1.371919643133878708e-04
3.957422450184822083e-06
-1.166848160210065544e-04
-6.967780063860118389e-05
2.251180121675133705e-04
4.779670853167772293e-04
-3.387173637747764587e-05
6.147485692054033279e-06
9.919545846059918404e-05
9.111766703426837921e-04
-3.754865610972046852e-05
1.447658287361264229e-04
5.315558519214391708e-05
4.227221943438053131e-04
5.309854168444871902e-04
4.851977573707699776e-04
-7.482501678168773651e-05
2.254868450108915567e-04
-1.280831638723611832e-04
-6.764288991689682007e-05
1.616785884834825993e-03
9.181180503219366074e-04
1.331216190010309219e-04
1.110741868615150452e-04
4.738243296742439270e-05
1.017525210045278072e-04
8.431263267993927002e-05
3.939095186069607735e-04
1.497265766374766827e-04
-1.241099089384078979e-04
-2.991834771819412708e-04
-2.185349003411829472e-04
-3.983857459388673306e-04
-2.707222010940313339e-04
-1.523719402030110359e-04
1.002933131530880928e-04
-1.002687495201826096e-04
2.619129372760653496e-04
5.248771049082279205e-05
-2.394203038420528173e-04
2.790770668070763350e-04
-2.269538526888936758e-04
-1.136510982178151608e-04
7.880921475589275360e-05
-2.079840196529403329e-04
-6.748270243406295776e-05
-2.391382586210966110e-04
-2.381915692239999771e-05
2.236256841570138931e-04
-3.752006887225434184e-05
-2.606106863822788000e-05
1.260852441191673279e-04
6.335478974506258965e-04
1.589856692589819431e-04
-8.241180330514907837e-05
-1.902294752653688192e-05
-1.996087376028299332e-04
-3.463305765762925148e-04
5.329772830009460449e-05
1.556164352223277092e-05
1.712486846372485161e-04
-3.979133907705545425e-06
-2.183645265176892281e-04
2.276849700137972832e-04
2.305514644831418991e-04
-1.353435509372502565e-04
-2.173085813410580158e-04
-1.391359255649149418e-04
5.493015050888061523e-04
-4.029774572700262070e-05
1.995388302020728588e-04
3.077136643696576357e-04
1.005382509902119637e-04
-8.104124572128057480e-05
4.661854472942650318e-05
9.194569429382681847e-05
8.563511073589324951e-05
3.457814455032348633e-05
-7.080993964336812496e-05
-2.781462098937481642e-04
-7.385670323856174946e-05
-1.148963347077369690e-04
-1.317106361966580153e-04
1.359282759949564934e-04
6.797956302762031555e-06
2.314515877515077591e-04
-9.632669389247894287e-05
4.940456710755825043e-05
-2.102556754834949970e-04
8.305592928081750870e-06
-2.647552173584699631e-04
2.306653186678886414e-06
7.849326357245445251e-05
-1.899042108561843634e-04
-1.217750832438468933e-05
-8.114537922665476799e-05
-1.711950171738862991e-04
1.600005925865843892e-04
-1.901549403555691242e-04
1.388043165206909180e-05
-1.544862461742013693e-04
2.202356699854135513e-04
3.004016180057078600e-04
-1.542272802907973528e-04
-6.639504863414913416e-05
1.501829130575060844e-03
-1.074100146070122719e-05
6.588833639398217201e-05
3.288745647296309471e-04
3.585824742913246155e-06
1.187846064567565918e-04
-1.355714630335569382e-04
9.869993664324283600e-05
1.825328217819333076e-05
-2.088866312988102436e-04
1.872726716101169586e-05
2.784153912216424942e-04
-4.849798278883099556e-04
-2.237553126178681850e-04
5.150197539478540421e-04
-2.128034830093383789e-04
-4.831119440495967865e-05
-4.686304600909352303e-05
-1.941830851137638092e-04
-2.017531078308820724e-04
-1.701393630355596542e-04
-4.368246300145983696e-05
-1.152867480413988233e-04
6.595952436327934265e-05
-8.207821520045399666e-05
6.060507148504257202e-04
-2.616059209685772657e-04
6.659057689830660820e-04
-2.176326233893632889e-04
-1.061960938386619091e-04
-4.560517845675349236e-05
-1.636619272176176310e-04
1.346862409263849258e-04
1.554258633404970169e-04
2.195573179051280022e-04
2.144525205949321389e-04
5.017034709453582764e-06
-1.667204778641462326e-04
5.995642859488725662e-04
3.341038245707750320e-05
6.451728986576199532e-04
-2.283581998199224472e-04
-2.674662973731756210e-04
5.837759235873818398e-04
-6.100613973103463650e-05
-1.124430564232170582e-04
4.906298709101974964e-04
-1.300093717873096466e-04
-4.564621485769748688e-05
-8.742307545617222786e-05
5.305936792865395546e-04
-4.333020187914371490e-04
1.579585368745028973e-04
-5.253736162558197975e-05
1.591390464454889297e-04
-2.098875120282173157e-04
1.098961802199482918e-04
7.693888619542121887e-07
-1.360261812806129456e-04
1.427709212293848395e-04
1.551475143060088158e-04
-1.423892099410295486e-04
-1.453314907848834991e-04
1.311007188633084297e-03
-2.463008277118206024e-04
-1.030937419272959232e-04
-1.327140489593148232e-04
9.504961781203746796e-05
4.197747330181300640e-04
-4.076945187989622355e-04
5.149468779563903809e-05
-8.525587327312678099e-05
1.443984801881015301e-04
-4.218031244818121195e-04
-1.535229384899139404e-04
-2.640404272824525833e-05
2.890534233301877975e-05
-2.404160331934690475e-04
1.255606766790151596e-04
3.086274955421686172e-05
-2.279621257912367582e-04
-1.774767879396677017e-04
2.955190720967948437e-04
-4.445272497832775116e-05
-1.647058525122702122e-04
1.331560197286307812e-04
1.273171044886112213e-03
4.236679524183273315e-05
-2.513460349291563034e-04
-1.578123774379491806e-04
1.482118386775255203e-04
-5.152821540832519531e-05
1.114530023187398911e-04
-7.100438233464956284e-05
2.698744647204875946e-04
-3.695996565511450171e-05
6.017740815877914429e-05
8.950960182119160891e-05
1.384202623739838600e-04
-2.796777698677033186e-04
-1.297041162615641952e-04
-1.142739783972501755e-04
1.492050942033529282e-04
1.993409532587975264e-04
5.765702808275818825e-04
3.442203160375356674e-05
3.461385203991085291e-04
1.142857945524156094e-04
-2.318700135219842196e-04
6.448943167924880981e-06
-3.202003426849842072e-05
2.868382725864648819e-04
-5.877041257917881012e-05
1.272617955692112446e-04
-1.234427909366786480e-04
-1.070546568371355534e-04
-1.460757193854078650e-04
2.360781654715538025e-04
2.687221858650445938e-04
8.544832235202193260e-05
1.684537273831665516e-04
-2.534663071855902672e-04
-3.598188050091266632e-05
4.427268868312239647e-05
7.111427839845418930e-05
-3.705297422129660845e-04
-2.214646956417709589e-04
1.151402248069643974e-04
-1.721934531815350056e-04
-1.858258474385365844e-04
6.472668610513210297e-05
-2.036588266491889954e-04
4.878250183537602425e-05
6.392272189259529114e-05
4.230991471558809280e-04
8.257862646132707596e-06
5.390656879171729088e-04
-1.609034370630979538e-04
-6.114592542871832848e-05
8.094715303741395473e-05
1.375692663714289665e-04
-1.756807323545217514e-04
-1.068972051143646240e-05
-3.005204052897170186e-05
-1.812559348763898015e-04
5.820987280458211899e-05
4.204229335300624371e-04
-2.913229400292038918e-05
9.926361963152885437e-05
-1.950794830918312073e-05
5.448760930448770523e-06
-3.057192079722881317e-04
3.679841756820678711e-05
4.928471753373742104e-05
1.983447000384330750e-04
-6.097927689552307129e-05
-2.420127275399863720e-04
7.300125434994697571e-05
-3.063876647502183914e-06
1.007593818940222263e-04
1.918203197419643402e-04
-2.710358821786940098e-04
-1.220847479999065399e-06
9.868998313322663307e-05
-1.956313499249517918e-04
-6.390735507011413574e-06
-3.279722295701503754e-05
8.492602501064538956e-05
4.485825775191187859e-05
-2.699506003409624100e-04
-2.248451055493205786e-04
6.301751709543168545e-04
-5.335442256182432175e-05
4.432536661624908447e-05
6.178393959999084473e-05
-1.030621933750808239e-04
-1.512716989964246750e-04
5.049514584243297577e-05
-1.803439226932823658e-04
-1.241596182808279991e-04
6.008800119161605835e-05
4.234781954437494278e-06
-2.605514600872993469e-05
4.687050823122262955e-04
3.133031423203647137e-04
-6.831230712123215199e-05
-1.756260171532630920e-04
-3.001466975547373295e-04
-3.523697378113865852e-04
6.453361129388213158e-05
2.387089189141988754e-04
1.738762366585433483e-03
-8.069371688179671764e-06
1.057639892678707838e-04
2.823529066517949104e-04
-8.565187454223632812e-05
-1.469680573791265488e-04
3.953115083277225494e-05
2.031481126323342323e-04
-1.052785228239372373e-04
-4.207589081488549709e-04
3.023065073648467660e-05
-2.581594744697213173e-04
-5.807814886793494225e-05
3.966006916016340256e-04
-8.417213393840938807e-05
-1.556281931698322296e-04
2.920916303992271423e-04
-6.332364864647388458e-05
7.605436258018016815e-05
3.145656664855778217e-04
-2.938765101134777069e-04
-8.318171603605151176e-05
-2.962461148854345083e-04
3.166170790791511536e-05
1.396106672473251820e-04
2.259341999888420105e-05
1.241741701960563660e-04
-1.203461433760821819e-04
-2.026662696152925491e-05
4.546613199636340141e-04
5.164434551261365414e-04
1.376559957861900330e-04
7.476872997358441353e-05
-1.964662224054336548e-04
2.210232196375727654e-05
1.004423713311553001e-03
-1.725426409393548965e-05
-4.021630738861858845e-04
1.723172608762979507e-04
-1.168342423625290394e-04
-1.591572072356939316e-04
1.861911732703447342e-04
-6.152637070044875145e-05
7.447226089425384998e-04
-8.032198093133047223e-05
4.301643348298966885e-04
-2.391044981777667999e-04
-1.046499819494783878e-04
-4.709151107817888260e-05
-8.823368989396840334e-05
5.158851854503154755e-05
-2.743054064922034740e-04
1.711251679807901382e-04
3.683551913127303123e-04
-1.375045685563236475e-04
-1.220190897583961487e-04
1.603536889888346195e-03
-3.982509952038526535e-06
1.276616239920258522e-05
-3.876775735989212990e-05
-1.869263942353427410e-04
-7.006572559475898743e-05
1.697347266599535942e-03
1.255475799553096294e-04
-1.859217882156372070e-04
-3.890460357069969177e-05
2.599554136395454407e-07
-5.771396681666374207e-04
-4.227852332405745983e-05
-1.524515100754797459e-04
3.498815931379795074e-05
-1.268930500373244286e-04
-1.429728581570088863e-04
1.555089838802814484e-03
-2.976505493279546499e-04
-1.930638100020587444e-04
7.759461877867579460e-04
1.459023915231227875e-04
7.540429942309856415e-05
2.893408236559480429e-04
2.708738902583718300e-04
7.025603554211556911e-05
-1.854109577834606171e-04
-6.211851723492145538e-05
-4.678615368902683258e-06
-1.856965827755630016e-04
-1.039530616253614426e-04
-4.276170511730015278e-04
-1.781831961125135422e-04
2.155383699573576450e-04
6.919639417901635170e-05
1.147066941484808922e-04
-1.905574317788705230e-04
4.513288440648466349e-04
2.070316986646503210e-04
7.412148988805711269e-05
-2.219750313088297844e-04
2.625980414450168610e-04
-1.676479587331414223e-05
1.411452976753935218e-04
6.528722587972879410e-05
2.848869189620018005e-04
1.849301625043153763e-04
-2.563575399108231068e-04
-1.487445551902055740e-04
1.121368259191513062e-04
1.579928211867809296e-04
-1.147061120718717575e-04
1.709707430563867092e-04
-4.844949580729007721e-05
2.008129376918077469e-05
-5.899247480556368828e-05
-1.265225146198645234e-04
-1.704184396658092737e-04
-3.739807289093732834e-05
-5.082227289676666260e-05
-9.085854981094598770e-05
-2.285886439494788647e-04
1.560120435897260904e-04
-4.055665340274572372e-04
5.379109643399715424e-05
-1.224339357577264309e-04
1.193538191728293896e-04
1.594212371855974197e-04
8.272651466540992260e-04
-2.399586956016719341e-04
-3.671977901831269264e-05
-1.281441655009984970e-05
-2.601547748781740665e-04
7.249996997416019440e-05
1.855257432907819748e-04
4.620492691174149513e-04
-9.882292943075299263e-06
-3.772259224206209183e-04
-2.776603214442729950e-04
-1.726093760225921869e-04
-2.906016889028251171e-04
-2.716730814427137375e-04
-2.211014216300100088e-04
-4.986318526789546013e-05
-3.057189751416444778e-04
3.289997112005949020e-04
-1.779806334525346756e-04
-2.541539724916219711e-04
-1.467618858441710472e-04
-3.864057362079620361e-05
-1.006090315058827400e-05
2.915223594754934311e-04
-3.953860141336917877e-05
7.943826494738459587e-05
1.983286347240209579e-05
-1.081627560779452324e-04
8.995318785309791565e-05
5.243069026619195938e-04
-2.742360811680555344e-04
-1.102673122659325600e-04
2.389482688158750534e-05
-1.162817061413079500e-04
4.833920975215733051e-04
9.586219675838947296e-07
1.598946982994675636e-05
-1.482180086895823479e-04
6.130896508693695068e-06
-3.943359479308128357e-05
1.989843731280416250e-04
3.771770861931145191e-04
1.093211612896993756e-04
-1.242670114152133465e-04
8.738134056329727173e-06
-1.666569150984287262e-04
-3.198715858161449432e-04
-3.459985600784420967e-05
3.629659768193960190e-04
-4.119217628613114357e-04
3.081178292632102966e-04
-1.821432088036090136e-04
-4.257354885339736938e-05
-2.686260268092155457e-05
5.115839885547757149e-04
-7.431139238178730011e-05
-1.424750662408769131e-04
4.892302677035331726e-04
-2.592252567410469055e-04
-2.735967282205820084e-04
-2.364295069128274918e-04
-5.325394158717244864e-05
-5.641626194119453430e-05
-2.773700980469584465e-04
8.894870406948029995e-04
-9.627873077988624573e-05
-1.201485574711114168e-04
5.403147079050540924e-04
-1.120833330787718296e-04
-3.843064187094569206e-04
2.086756285279989243e-05
-2.245508221676573157e-04
4.844130016863346100e-04
-2.362160012125968933e-05
5.008699372410774231e-05
-3.219045756850391626e-04
7.899408228695392609e-05
1.326680649071931839e-05
-1.064999960362911224e-04
-7.752701640129089355e-05
9.553152631269767880e-05
2.459024544805288315e-04
-1.411850826116278768e-04
-4.128593718633055687e-05
8.177026757039129734e-05
-2.783767995424568653e-04
-1.964518451131880283e-04
4.462071228772401810e-04
-1.231738133355975151e-04
2.060672268271446228e-04
-3.134831786155700684e-05
1.827479718485847116e-04
3.002800513058900833e-04
-5.545158637687563896e-04
2.183453179895877838e-04
-1.155282370746135712e-04
-1.022475189529359341e-04
5.185449263080954552e-04
-1.254559028893709183e-04
1.436320133507251740e-03
2.216442953795194626e-05
-3.726986760739237070e-04
-1.087915734387934208e-04
-7.831364928279072046e-05
6.181522039696574211e-04
-2.880548126995563507e-04
-1.730745425447821617e-04
1.224734587594866753e-04
-1.918150373967364430e-04
-1.221717102453112602e-04
3.474717959761619568e-05
3.963272320106625557e-04
-1.649504993110895157e-04
-8.128932677209377289e-05
2.459489041939377785e-04
-9.076407877728343010e-05
-1.245049061253666878e-04
-3.945396747440099716e-05
5.702195921912789345e-04
-3.029737854376435280e-05
-9.569796384312212467e-05
-1.160483807325363159e-04
2.029610332101583481e-04
-6.903195753693580627e-05
1.164781569968909025e-04
-1.854279544204473495e-04
3.273665788583457470e-05
3.905018093064427376e-04
1.186205423437058926e-03
-5.088114412501454353e-04
-1.376762083964422345e-04
1.300597796216607094e-04
-1.619453541934490204e-06
1.446288079023361206e-04
2.858517691493034363e-04
-1.161295222118496895e-04
-1.385817740811035037e-04
7.278996054083108902e-05
-1.792795956134796143e-04
-8.338200859725475311e-05
3.842695150524377823e-05
-9.571039117872714996e-05
4.262721631675958633e-04
5.046072183176875114e-04
1.943655079230666161e-04
1.165765570476651192e-05
-2.891500480473041534e-05
1.754285767674446106e-04
-2.698058960959315300e-05
-9.727454744279384613e-05
-1.755817211233079433e-04
-2.779928036034107208e-05
-2.135972463293001056e-04
-1.874653971754014492e-04
-7.769442163407802582e-05
-5.105970194563269615e-05
-1.279325806535780430e-04
2.190112136304378510e-04
4.533527535386383533e-04
-6.388872861862182617e-06
-2.439478412270545959e-04
8.361239451915025711e-06
-1.524548861198127270e-04
6.017905252519994974e-05
-2.169766230508685112e-04
-2.104401646647602320e-04
1.326240599155426025e-04
-9.909830987453460693e-05
3.557826858013868332e-05
7.429323159158229828e-05
5.722802598029375076e-05
1.828494714573025703e-05
3.424980677664279938e-04
-4.020082997158169746e-05
-1.534293405711650848e-04
-3.252080641686916351e-04
-2.382742677582427859e-04
1.598473172634840012e-04
-8.273147977888584137e-05
-1.869879488367587328e-04
-1.272110966965556145e-05
-1.651216298341751099e-04
-1.474638120271265507e-04
-2.635476994328200817e-05
-4.224549047648906708e-05
7.879408076405525208e-05
2.563244197517633438e-05
1.492776791565120220e-04
-6.844031158834695816e-04
9.851128561422228813e-05
1.053463201969861984e-04
2.731650893110781908e-04
3.615894820541143417e-05
-3.086820361204445362e-04
6.970681715756654739e-05
8.420681115239858627e-05
-1.962140377145260572e-04
-1.407400704920291901e-04
-3.076595894526690245e-04
2.029342576861381531e-04
3.841002471745014191e-04
-2.994565293192863464e-04
-2.868335577659308910e-04
7.812751573510468006e-04
1.519314246252179146e-04
1.550322514958679676e-03
5.745585076510906219e-05
-1.894950837595388293e-04
1.817545853555202484e-05
1.433853176422417164e-04
5.356118781492114067e-04
1.724330941215157509e-04
1.724460162222385406e-04
3.413100494071841240e-04
3.176259342581033707e-04
1.601875410415232182e-04
1.845179358497262001e-04
-1.988750882446765900e-04
-1.221094280481338501e-04
1.027842881740070879e-04
-9.832263458520174026e-05
-1.570328604429960251e-04
3.307128790766000748e-04
1.314592664130032063e-04
-3.435043618083000183e-04
1.678268890827894211e-04
2.131619257852435112e-04
-7.072306470945477486e-05
-2.846714342013001442e-04
-3.406358882784843445e-05
3.472547978162765503e-04
-3.376370295882225037e-05
5.382009549066424370e-04
1.096119522117078304e-04
1.501218066550791264e-04
1.671412319410592318e-04
-1.164041459560394287e-04
-7.395798456855118275e-05
3.372697392478585243e-05
-5.934969522058963776e-05
-2.639382146298885345e-04
9.372038766741752625e-05
9.752355981618165970e-05
2.609181683510541916e-05
-1.111720630433410406e-04
1.890026032924652100e-05
7.929495768621563911e-05
1.617807429283857346e-04
-2.352760056965053082e-04
-8.393285679630935192e-05
1.085386611521244049e-05
5.297159077599644661e-05
-1.054115127772092819e-04
-7.719713903497904539e-05
-1.869758125394582748e-04
-2.501811832189559937e-05
3.640043723862618208e-04
2.059277612715959549e-04
9.958783630281686783e-05
3.627967089414596558e-06
-2.366806729696691036e-04
4.510002327151596546e-05
-1.829857937991619110e-04
2.164958859793841839e-04
-6.624066736549139023e-05
2.510382328182458878e-04
2.116457326337695122e-04
1.508468994870781898e-04
-5.396490450948476791e-05
6.995699368417263031e-05
1.346044242382049561e-03
1.554246409796178341e-04
1.713791862130165100e-04
3.859295975416898727e-05
-8.393803727813065052e-05
-5.267787491902709007e-05
-6.109999958425760269e-06
-7.362040923908352852e-05
2.981816651299595833e-04
-2.192598767578601837e-04
-1.945513649843633175e-04
-8.166139014065265656e-05
-1.164300047094002366e-04
-3.736547660082578659e-05
5.093635991215705872e-05
-1.426012022420763969e-04
8.043018169701099396e-04
-2.129515341948717833e-04
-7.440982153639197350e-05
5.243772175163030624e-04
5.681486800312995911e-05
-2.449548337608575821e-04
9.008042979985475540e-06
-1.570024760439991951e-04
-1.529754954390227795e-04
5.009658343624323606e-05
2.173851680709049106e-04
1.714906306006014347e-03
4.448465188033878803e-05
-3.193858719896525145e-04
-7.790603558532893658e-05
-3.381972201168537140e-04
6.270798621699213982e-05
-1.566752325743436813e-04
2.514554071240127087e-04
1.512562012067064643e-04
6.143766222521662712e-05
1.780298189260065556e-04
-6.715883500874042511e-05
-1.870919950306415558e-04
1.490670838393270969e-04
-1.204819127451628447e-04
-1.735091209411621094e-04
1.032792381010949612e-03
4.992820322513580322e-05
6.404780433513224125e-04
1.344182237517088652e-04
1.072932500392198563e-04
-3.375775122549384832e-04
-1.154069323092699051e-04
-1.610367326065897942e-05
-1.646212767809629440e-04
1.941709488164633512e-04
-1.201140694320201874e-04
-1.556715578772127628e-04
4.747288767248392105e-05
1.697076950222253799e-04
5.565187893807888031e-05
-7.808768714312463999e-05
-1.882479991763830185e-04
4.512199666351079941e-05
-2.105184830725193024e-05
3.809831105172634125e-05
-1.687023323029279709e-04
-8.011562749743461609e-05
7.112033199518918991e-05
-2.413308830000460148e-04
-1.180096296593546867e-05
-2.695601433515548706e-04
-3.298604860901832581e-05
3.309117164462804794e-05
-8.277967572212219238e-05
-1.150361495092511177e-04
-1.626812154427170753e-04
2.216594293713569641e-04
1.865822472609579563e-03
1.305886544287204742e-03
-2.924248110502958298e-05
-1.808435190469026566e-04
-1.920189242810010910e-04
5.238010780885815620e-04
-4.099335637874901295e-05
1.782307517714798450e-04
7.647747406736016273e-05
-1.014660811051726341e-04
1.732553937472403049e-04
1.867715036496520042e-05
7.399939931929111481e-05
-2.468822058290243149e-04
2.045085420832037926e-05
-7.580453529953956604e-05
-2.065747394226491451e-04
-1.956141786649823189e-04
6.770354229956865311e-05
-1.694770180620253086e-04
-4.082209197804331779e-04
2.119573764503002167e-05
1.928128767758607864e-05
-4.068479756824672222e-05
-1.593553461134433746e-04
-8.533528307452797890e-05
-3.253153990954160690e-04
1.233478542417287827e-05
-1.012762440950609744e-04
1.664132578298449516e-04
-1.133618934545665979e-04
-2.475364308338612318e-04
-1.043925876729190350e-04
1.083122333511710167e-05
1.615774817764759064e-05
-1.747871283441781998e-05
-1.777294382918626070e-04
1.308569917455315590e-04
-1.305033219978213310e-04
2.200245216954499483e-04
4.757253918796777725e-05
-1.973965554498136044e-04
9.155219304375350475e-04
-1.252721995115280151e-05
-7.759779691696166992e-06
1.297907147090882063e-04
-1.536238996777683496e-04
6.125774234533309937e-05
-1.423049834556877613e-04
1.640935079194605350e-04
-5.909097380936145782e-04
9.881646838039159775e-05
2.354015596210956573e-04
-5.718809552490711212e-05
1.276527764275670052e-03
-5.851234309375286102e-04
-4.843729257117956877e-04
-1.538652577437460423e-04
1.937266206368803978e-04
-1.781695755198597908e-05
-1.523024257039651275e-04
-1.497913617640733719e-04
-3.032668028026819229e-04
-7.442058995366096497e-05
4.995046765543520451e-06
-8.994876407086849213e-05
-1.017283357214182615e-04
1.256946125067770481e-04
-2.478471142239868641e-04
1.606636215001344681e-05
-1.853717549238353968e-04
-2.141571603715419769e-04
1.540383091196417809e-04
-9.686662815511226654e-05
2.984597813338041306e-05
-3.281072713434696198e-05
-2.602403983473777771e-04
7.455446757376194000e-05
-1.411566481692716479e-04
-8.270284160971641541e-05
-4.113907925784587860e-05
1.541993115097284317e-04
-1.343476760666817427e-04
-1.054955646395683289e-05
9.952088585123419762e-04
9.376602247357368469e-05
3.708724398165941238e-04
8.425634587183594704e-05
-4.364506457932293415e-04
-2.516486565582454205e-04
-9.314356429968029261e-05
-9.226053953170776367e-05
1.422615023329854012e-04
-1.245508319698274136e-04
9.787734597921371460e-05
5.173257086426019669e-04
5.738675827160477638e-05
6.426149047911167145e-05
4.567776340991258621e-05
8.902233093976974487e-05
2.296634338563308120e-04
4.912639269605278969e-05
3.062482574023306370e-05
-1.089402940124273300e-04
1.083927927538752556e-04
-1.845627557486295700e-04
5.726463859900832176e-04
-7.746205665171146393e-05
4.315481346566230059e-04
-4.640349652618169785e-05
-8.982117287814617157e-05
3.573216963559389114e-05
-1.875314046628773212e-04
3.467736532911658287e-04
-6.167561514303088188e-05
-6.431201472878456116e-05
3.206041874364018440e-04
9.347277227789163589e-06
5.754327867180109024e-04
-1.990300370380282402e-04
1.064719108399003744e-04
-3.595254383981227875e-05
5.576323019340634346e-05
1.286924816668033600e-05
1.746400375850498676e-04
4.473394947126507759e-04
8.873525075614452362e-05
-1.339635346084833145e-04
-5.329874111339449883e-04
-7.948576239868998528e-06
-1.093207392841577530e-04
-1.732935197651386261e-04
-1.332076499238610268e-05
3.768657334148883820e-04
1.121958484873175621e-04
7.364575867541134357e-05
-1.452991855330765247e-04
-2.656009746715426445e-05
-8.472183253616094589e-05
-2.732966095209121704e-04
-1.063519157469272614e-04
4.997890209779143333e-04
2.791164442896842957e-04
3.077700966969132423e-05
-1.141566317528486252e-04
-2.967683831229805946e-04
1.661037822486832738e-04
-1.830313995014876127e-04
1.798106823116540909e-04
-2.338567283004522324e-04
-1.158953527919948101e-04
4.786706995218992233e-05
-1.235720701515674591e-04
4.122755490243434906e-04
-9.661944932304322720e-05
-1.778822042979300022e-04
1.520267687737941742e-06
-2.656886354088783264e-04
4.635166842490434647e-04
1.586499856784939766e-04
-4.257185501046478748e-04
1.349651138298213482e-04
-1.816488802433013916e-04
1.437828177586197853e-04
-2.779218775685876608e-04
1.110877783503383398e-04
-1.428531249985098839e-04
6.049918010830879211e-05
1.420306653017178178e-04
1.855776645243167877e-06
2.302956418134272099e-04
6.159565527923405170e-04
-1.308277714997529984e-04
2.255459548905491829e-05
9.886454790830612183e-05
-4.841014742851257324e-05
1.534451730549335480e-04
-2.039801329374313354e-04
2.150175860151648521e-04
-2.459506504237651825e-06
-1.886591780930757523e-05
1.484329113736748695e-04
7.315905531868338585e-05
-6.511852552648633718e-05
-8.820660877972841263e-05
7.614302448928356171e-04
1.472245552577078342e-03
2.420619130134582520e-04
1.336140092462301254e-03
1.896648318506777287e-04
-5.940627306699752808e-05
2.813842147588729858e-04
1.318558352068066597e-04
2.193520776927471161e-04
-7.627090089954435825e-04
-3.909196238964796066e-04
1.078735338523983955e-03
3.269159933552145958e-04
1.012774591799825430e-04
6.212177686393260956e-04
-1.051614526659250259e-05
4.312637029215693474e-04
-4.711211659014225006e-05
3.815675154328346252e-04
1.317572314292192459e-04
-7.666548481211066246e-05
2.072821371257305145e-04
3.102526534348726273e-04
1.351317623630166054e-04
2.023240085691213608e-05
-2.046760055236518383e-04
7.617993978783488274e-04
9.955832501873373985e-05
-1.171272597275674343e-04
1.630992628633975983e-04
1.229053596034646034e-04
