4.357142925262451172e+00 -2.292929172515869141e+00
3.530612230300903320e+00 4.646463394165039062e-01
1.785714268684387207e+00 3.080808162689208984e+00
2.795918226242065430e+00 2.444444417953491211e+00
3.622448921203613281e+00 8.181816339492797852e-01
3.989795923233032227e+00 -1.303030371665954590e+00
3.622448921203613281e+00 3.151515007019042969e+00
1.785714268684387207e+00 -1.797979831695556641e+00
2.244897842407226562e+00 -5.252526402473449707e-01
2.887754917144775391e+00 -2.424243688583374023e-01
2.153061151504516602e+00 -1.010100990533828735e-01
1.877551078796386719e+00 7.474746108055114746e-01
1.234693884849548340e+00 1.171717405319213867e+00
4.540816307067871094e+00 4.040403664112091064e-02
4.265306472778320312e+00 -2.292929172515869141e+00
1.602040767669677734e+00 -7.373738288879394531e-01
2.979591846466064453e+00 1.171717405319213867e+00
2.887754917144775391e+00 2.585858345031738281e+00
1.234693884849548340e+00 -2.717171669006347656e+00
1.510204076766967773e+00 1.595959663391113281e+00
3.346938610076904297e+00 4.646463394165039062e-01
4.632653236389160156e+00 3.232322931289672852e-01
6.836735010147094727e-01 -1.727272748947143555e+00
4.632653236389160156e+00 -2.434343338012695312e+00
4.540816307067871094e+00 -2.363636255264282227e+00
3.163265228271484375e+00 -1.010100990533828735e-01
1.693877577781677246e+00 3.575757741928100586e+00
3.346938610076904297e+00 -2.424243688583374023e-01
3.071428537368774414e+00 1.313131570816040039e+00
5.918367505073547363e-01 -2.434343338012695312e+00
6.836735010147094727e-01 -2.010100841522216797e+00
2.795918226242065430e+00 2.525252401828765869e-01
4.081632614135742188e+00 4.000000000000000000e+00
3.897959232330322266e+00 1.454545617103576660e+00
2.244897842407226562e+00 3.717171669006347656e+00
3.255101919174194336e+00 -1.585858583450317383e+00
4.357142925262451172e+00 -2.222222089767456055e+00
2.979591846466064453e+00 2.797979831695556641e+00
1.326530575752258301e+00 -1.585858583450317383e+00
2.795918226242065430e+00 1.595959663391113281e+00
2.336734771728515625e+00 1.737373828887939453e+00
4.908163070678710938e+00 1.313131570816040039e+00
1.051020383834838867e+00 -1.020202159881591797e+00
2.244897842407226562e+00 1.808080911636352539e+00
3.163265228271484375e+00 2.525252401828765869e-01
1.418367385864257812e+00 -9.494950175285339355e-01
4.816326618194580078e+00 1.949494957923889160e+00
4.173469543457031250e+00 -3.838384747505187988e-01
2.153061151504516602e+00 1.242424488067626953e+00
1.602040767669677734e+00 -2.575757503509521484e+00
7.755101919174194336e-01 4.646463394165039062e-01
3.163265228271484375e+00 -2.858585834503173828e+00
4.173469543457031250e+00 -3.131314218044281006e-01
2.428571462631225586e+00 -2.787878751754760742e+00
1.418367385864257812e+00 1.313131570816040039e+00
1.142857074737548828e+00 2.232323169708251953e+00
1.602040767669677734e+00 1.878787994384765625e+00
2.887754917144775391e+00 6.767675280570983887e-01
4.724490165710449219e+00 3.717171669006347656e+00
4.540816307067871094e+00 3.505050659179687500e+00
2.887754917144775391e+00 -1.656565666198730469e+00
4.265306472778320312e+00 -2.717171669006347656e+00
3.622448921203613281e+00 3.505050659179687500e+00
1.693877577781677246e+00 1.525252580642700195e+00
4.632653236389160156e+00 3.646464824676513672e+00
2.704081535339355469e+00 -7.373738288879394531e-01
9.591836929321289062e-01 -5.252526402473449707e-01
4.448979854583740234e+00 -1.939393877983093262e+00
3.989795923233032227e+00 1.242424488067626953e+00
3.438775539398193359e+00 3.080808162689208984e+00
1.969387769699096680e+00 3.151515007019042969e+00
2.244897842407226562e+00 1.666666746139526367e+00
3.806122541427612305e+00 -2.929292917251586914e+00
4.816326618194580078e+00 2.444444417953491211e+00
1.142857074737548828e+00 8.181816339492797852e-01
1.142857074737548828e+00 4.646463394165039062e-01
4.816326618194580078e+00 3.222222328186035156e+00
5.918367505073547363e-01 3.363636493682861328e+00
1.602040767669677734e+00 -2.080807924270629883e+00
2.612244844436645508e+00 4.646463394165039062e-01
7.755101919174194336e-01 3.010101079940795898e+00
2.704081535339355469e+00 -2.080807924270629883e+00
3.622448921203613281e+00 1.666666746139526367e+00
2.061224460601806641e+00 4.646463394165039062e-01
3.346938610076904297e+00 3.575757741928100586e+00
4.448979854583740234e+00 2.525252401828765869e-01
4.173469543457031250e+00 1.454545617103576660e+00
4.540816307067871094e+00 3.363636493682861328e+00
8.673469424247741699e-01 2.232323169708251953e+00
1.234693884849548340e+00 1.525252580642700195e+00
2.244897842407226562e+00 1.878787994384765625e+00
2.244897842407226562e+00 -2.858585834503173828e+00
4.357142925262451172e+00 1.808080911636352539e+00
2.520408153533935547e+00 3.505050659179687500e+00
1.051020383834838867e+00 -1.868686914443969727e+00
2.244897842407226562e+00 -5.959596633911132812e-01
3.897959232330322266e+00 2.525252401828765869e-01
2.612244844436645508e+00 1.313131570816040039e+00
3.163265228271484375e+00 1.242424488067626953e+00
3.163265228271484375e+00 -7.373738288879394531e-01
1.877551078796386719e+00 4.040403664112091064e-02
4.448979854583740234e+00 2.303030252456665039e+00
2.520408153533935547e+00 1.242424488067626953e+00
3.714285850524902344e+00 -1.585858583450317383e+00
3.989795923233032227e+00 2.090909004211425781e+00
1.142857074737548828e+00 -1.373737454414367676e+00
1.234693884849548340e+00 3.080808162689208984e+00
3.714285850524902344e+00 2.373737335205078125e+00
4.448979854583740234e+00 2.444444417953491211e+00
2.244897842407226562e+00 -2.646464586257934570e+00
3.989795923233032227e+00 -1.939393877983093262e+00
6.836735010147094727e-01 2.939393997192382812e+00
1.785714268684387207e+00 1.383838534355163574e+00
7.755101919174194336e-01 2.515151500701904297e+00
8.673469424247741699e-01 -2.858585834503173828e+00
4.724490165710449219e+00 1.595959663391113281e+00
3.530612230300903320e+00 3.787878751754760742e+00
7.755101919174194336e-01 -1.727272748947143555e+00
2.336734771728515625e+00 -1.444444537162780762e+00
2.704081535339355469e+00 2.939393997192382812e+00
4.632653236389160156e+00 -9.494950175285339355e-01
2.887754917144775391e+00 -1.585858583450317383e+00
2.061224460601806641e+00 2.090909004211425781e+00
1.326530575752258301e+00 3.939392566680908203e-01
3.806122541427612305e+00 -1.656565666198730469e+00
4.908163070678710938e+00 -5.959596633911132812e-01
6.836735010147094727e-01 1.595959663391113281e+00
3.622448921203613281e+00 2.161616086959838867e+00
1.602040767669677734e+00 -2.858585834503173828e+00
1.142857074737548828e+00 -5.252526402473449707e-01
2.428571462631225586e+00 -1.717171669006347656e-01
1.877551078796386719e+00 2.797979831695556641e+00
3.255101919174194336e+00 -3.838384747505187988e-01
4.173469543457031250e+00 -1.515151500701904297e+00
5.000000000000000000e+00 3.646464824676513672e+00
1.785714268684387207e+00 1.737373828887939453e+00
4.632653236389160156e+00 3.292929410934448242e+00
3.714285850524902344e+00 5.353534221649169922e-01
1.326530575752258301e+00 1.737373828887939453e+00
1.142857074737548828e+00 -2.292929172515869141e+00
6.836735010147094727e-01 8.888887166976928711e-01
5.000000000000000000e-01 3.858585834503173828e+00
3.714285850524902344e+00 -6.666667461395263672e-01
2.336734771728515625e+00 1.949494957923889160e+00
1.510204076766967773e+00 1.525252580642700195e+00
1.051020383834838867e+00 6.767675280570983887e-01
2.520408153533935547e+00 7.474746108055114746e-01
3.989795923233032227e+00 3.717171669006347656e+00
7.755101919174194336e-01 -1.656565666198730469e+00
2.704081535339355469e+00 6.060604453086853027e-01
2.520408153533935547e+00 -3.030303120613098145e-02
3.714285850524902344e+00 -5.252526402473449707e-01
4.908163070678710938e+00 -2.575757503509521484e+00
2.061224460601806641e+00 4.040403664112091064e-02
5.000000000000000000e+00 -2.646464586257934570e+00
3.255101919174194336e+00 -1.020202159881591797e+00
4.081632614135742188e+00 -1.303030371665954590e+00
4.265306472778320312e+00 -2.858585834503173828e+00
3.989795923233032227e+00 2.868686914443969727e+00
3.622448921203613281e+00 1.737373828887939453e+00
6.836735010147094727e-01 3.292929410934448242e+00
1.693877577781677246e+00 -1.585858583450317383e+00
1.510204076766967773e+00 -5.959596633911132812e-01
1.785714268684387207e+00 1.595959663391113281e+00
8.673469424247741699e-01 3.646464824676513672e+00
5.000000000000000000e-01 7.474746108055114746e-01
3.438775539398193359e+00 3.010101079940795898e+00
3.163265228271484375e+00 -2.787878751754760742e+00
2.887754917144775391e+00 3.232322931289672852e-01
3.622448921203613281e+00 -1.232323288917541504e+00
3.071428537368774414e+00 2.525252401828765869e-01
1.877551078796386719e+00 2.373737335205078125e+00
2.428571462631225586e+00 -7.373738288879394531e-01
6.836735010147094727e-01 2.727272748947143555e+00
3.897959232330322266e+00 3.363636493682861328e+00
5.000000000000000000e+00 3.787878751754760742e+00
3.530612230300903320e+00 2.444444417953491211e+00
9.591836929321289062e-01 -2.717171669006347656e+00
4.540816307067871094e+00 -1.090909123420715332e+00
1.510204076766967773e+00 2.656565666198730469e+00
1.602040767669677734e+00 -1.727272748947143555e+00
4.265306472778320312e+00 1.818181872367858887e-01
3.989795923233032227e+00 -2.858585834503173828e+00
4.724490165710449219e+00 1.101010322570800781e+00
3.989795923233032227e+00 1.595959663391113281e+00
4.632653236389160156e+00 3.434343576431274414e+00
2.979591846466064453e+00 3.080808162689208984e+00
5.000000000000000000e-01 1.111111044883728027e-01
2.704081535339355469e+00 -9.494950175285339355e-01
1.602040767669677734e+00 1.737373828887939453e+00
3.255101919174194336e+00 1.111111044883728027e-01
3.438775539398193359e+00 -5.959596633911132812e-01
3.622448921203613281e+00 -1.727272748947143555e+00
2.704081535339355469e+00 -2.292929172515869141e+00
1.142857074737548828e+00 3.939392566680908203e-01
2.428571462631225586e+00 1.878787994384765625e+00
1.877551078796386719e+00 4.000000000000000000e+00
2.244897842407226562e+00 -2.424243688583374023e-01
2.612244844436645508e+00 1.242424488067626953e+00
4.357142925262451172e+00 3.929292917251586914e+00
8.673469424247741699e-01 -2.505050659179687500e+00
3.897959232330322266e+00 1.525252580642700195e+00
3.163265228271484375e+00 -8.787879943847656250e-01
4.081632614135742188e+00 -7.373738288879394531e-01
2.244897842407226562e+00 3.858585834503173828e+00
1.602040767669677734e+00 -1.717171669006347656e-01
2.520408153533935547e+00 4.000000000000000000e+00
1.234693884849548340e+00 -1.656565666198730469e+00
5.000000000000000000e+00 1.949494957923889160e+00
5.000000000000000000e-01 2.444444417953491211e+00
2.061224460601806641e+00 2.525252401828765869e-01
2.612244844436645508e+00 8.888887166976928711e-01
4.265306472778320312e+00 4.040403664112091064e-02
4.632653236389160156e+00 1.242424488067626953e+00
1.234693884849548340e+00 8.888887166976928711e-01
2.428571462631225586e+00 -8.787879943847656250e-01
2.887754917144775391e+00 -1.727272748947143555e+00
2.979591846466064453e+00 8.181816339492797852e-01
6.836735010147094727e-01 3.575757741928100586e+00
2.061224460601806641e+00 2.515151500701904297e+00
6.836735010147094727e-01 3.010101079940795898e+00
2.979591846466064453e+00 3.222222328186035156e+00
1.051020383834838867e+00 1.737373828887939453e+00
3.163265228271484375e+00 -1.444444537162780762e+00
2.153061151504516602e+00 -1.232323288917541504e+00
3.989795923233032227e+00 -3.000000000000000000e+00
1.234693884849548340e+00 1.383838534355163574e+00
4.081632614135742188e+00 3.929292917251586914e+00
2.428571462631225586e+00 -2.434343338012695312e+00
1.418367385864257812e+00 2.020202159881591797e+00
4.816326618194580078e+00 3.292929410934448242e+00
3.622448921203613281e+00 -1.868686914443969727e+00
4.724490165710449219e+00 2.020202159881591797e+00
1.693877577781677246e+00 -2.434343338012695312e+00
3.255101919174194336e+00 -2.575757503509521484e+00
6.836735010147094727e-01 4.646463394165039062e-01
2.887754917144775391e+00 -1.303030371665954590e+00
3.806122541427612305e+00 4.646463394165039062e-01
2.428571462631225586e+00 2.868686914443969727e+00
8.673469424247741699e-01 1.808080911636352539e+00
1.234693884849548340e+00 3.939392566680908203e-01
2.244897842407226562e+00 3.232322931289672852e-01
1.602040767669677734e+00 6.767675280570983887e-01
1.693877577781677246e+00 9.595961570739746094e-01
4.265306472778320312e+00 3.434343576431274414e+00
3.897959232330322266e+00 -1.373737454414367676e+00
4.265306472778320312e+00 1.525252580642700195e+00
1.142857074737548828e+00 2.868686914443969727e+00
9.591836929321289062e-01 -1.939393877983093262e+00
2.612244844436645508e+00 3.434343576431274414e+00
9.591836929321289062e-01 3.929292917251586914e+00
1.326530575752258301e+00 -1.303030371665954590e+00
2.612244844436645508e+00 1.101010322570800781e+00
2.153061151504516602e+00 3.575757741928100586e+00
4.357142925262451172e+00 1.949494957923889160e+00
1.785714268684387207e+00 8.888887166976928711e-01
2.244897842407226562e+00 -1.585858583450317383e+00
2.061224460601806641e+00 -2.787878751754760742e+00
1.602040767669677734e+00 8.888887166976928711e-01
2.979591846466064453e+00 -2.505050659179687500e+00
8.673469424247741699e-01 3.292929410934448242e+00
3.346938610076904297e+00 1.383838534355163574e+00
4.173469543457031250e+00 -2.424243688583374023e-01
5.918367505073547363e-01 -1.444444537162780762e+00
1.326530575752258301e+00 2.868686914443969727e+00
2.887754917144775391e+00 1.808080911636352539e+00
3.989795923233032227e+00 3.232322931289672852e-01
3.989795923233032227e+00 1.454545617103576660e+00
3.071428537368774414e+00 -1.797979831695556641e+00
9.591836929321289062e-01 -1.515151500701904297e+00
3.438775539398193359e+00 2.161616086959838867e+00
2.428571462631225586e+00 2.373737335205078125e+00
1.877551078796386719e+00 1.949494957923889160e+00
2.795918226242065430e+00 9.595961570739746094e-01
4.816326618194580078e+00 2.515151500701904297e+00
2.428571462631225586e+00 1.666666746139526367e+00
2.244897842407226562e+00 -1.010100990533828735e-01
4.540816307067871094e+00 3.929292917251586914e+00
1.234693884849548340e+00 2.020202159881591797e+00
3.989795923233032227e+00 1.878787994384765625e+00
2.795918226242065430e+00 -2.505050659179687500e+00
2.612244844436645508e+00 3.010101079940795898e+00
1.326530575752258301e+00 2.939393997192382812e+00
3.530612230300903320e+00 -8.080809116363525391e-01
1.234693884849548340e+00 2.525252401828765869e-01
4.357142925262451172e+00 -2.858585834503173828e+00
4.357142925262451172e+00 4.646463394165039062e-01
4.816326618194580078e+00 -2.080807924270629883e+00
4.081632614135742188e+00 1.737373828887939453e+00
1.693877577781677246e+00 1.454545617103576660e+00
3.346938610076904297e+00 1.595959663391113281e+00
3.163265228271484375e+00 -1.515151500701904297e+00
2.336734771728515625e+00 -2.717171669006347656e+00
1.785714268684387207e+00 -1.939393877983093262e+00
3.989795923233032227e+00 -1.010100990533828735e-01
2.979591846466064453e+00 3.717171669006347656e+00
1.877551078796386719e+00 -5.959596633911132812e-01
1.051020383834838867e+00 3.646464824676513672e+00
1.510204076766967773e+00 3.646464824676513672e+00
9.591836929321289062e-01 2.585858345031738281e+00
3.897959232330322266e+00 -6.666667461395263672e-01
3.071428537368774414e+00 1.808080911636352539e+00
9.591836929321289062e-01 -6.666667461395263672e-01
3.714285850524902344e+00 4.646463394165039062e-01
4.724490165710449219e+00 2.303030252456665039e+00
5.000000000000000000e-01 -2.434343338012695312e+00
2.244897842407226562e+00 8.181816339492797852e-01
2.244897842407226562e+00 5.353534221649169922e-01
1.602040767669677734e+00 3.646464824676513672e+00
4.081632614135742188e+00 -5.959596633911132812e-01
1.602040767669677734e+00 1.171717405319213867e+00
3.071428537368774414e+00 3.575757741928100586e+00
4.540816307067871094e+00 1.949494957923889160e+00
5.000000000000000000e-01 2.373737335205078125e+00
5.918367505073547363e-01 2.020202159881591797e+00
5.000000000000000000e-01 2.515151500701904297e+00
4.632653236389160156e+00 6.767675280570983887e-01
2.061224460601806641e+00 1.878787994384765625e+00
1.142857074737548828e+00 3.505050659179687500e+00
1.969387769699096680e+00 7.474746108055114746e-01
4.908163070678710938e+00 -1.939393877983093262e+00
4.816326618194580078e+00 2.020202159881591797e+00
3.806122541427612305e+00 1.808080911636352539e+00
2.428571462631225586e+00 1.111111044883728027e-01
1.693877577781677246e+00 3.858585834503173828e+00
4.816326618194580078e+00 -1.232323288917541504e+00
4.448979854583740234e+00 1.383838534355163574e+00
4.540816307067871094e+00 1.101010322570800781e+00
1.418367385864257812e+00 -2.010100841522216797e+00
4.265306472778320312e+00 3.787878751754760742e+00
2.244897842407226562e+00 -3.030303120613098145e-02
2.704081535339355469e+00 -1.868686914443969727e+00
2.153061151504516602e+00 1.808080911636352539e+00
1.785714268684387207e+00 4.040403664112091064e-02
3.897959232330322266e+00 -2.222222089767456055e+00
1.051020383834838867e+00 4.000000000000000000e+00
4.265306472778320312e+00 -2.424243688583374023e-01
4.357142925262451172e+00 3.575757741928100586e+00
3.714285850524902344e+00 -1.303030371665954590e+00
2.520408153533935547e+00 3.222222328186035156e+00
1.326530575752258301e+00 -3.000000000000000000e+00
1.785714268684387207e+00 -1.010100990533828735e-01
5.000000000000000000e-01 1.818181872367858887e-01
4.724490165710449219e+00 1.808080911636352539e+00
2.061224460601806641e+00 -2.434343338012695312e+00
3.714285850524902344e+00 -1.373737454414367676e+00
2.887754917144775391e+00 -1.939393877983093262e+00
4.081632614135742188e+00 2.161616086959838867e+00
1.051020383834838867e+00 -2.292929172515869141e+00
4.816326618194580078e+00 3.717171669006347656e+00
1.051020383834838867e+00 3.505050659179687500e+00
2.979591846466064453e+00 -8.080809116363525391e-01
3.806122541427612305e+00 2.656565666198730469e+00
1.693877577781677246e+00 4.040403664112091064e-02
1.142857074737548828e+00 1.030303239822387695e+00
4.540816307067871094e+00 -6.666667461395263672e-01
3.255101919174194336e+00 2.020202159881591797e+00
5.000000000000000000e+00 2.727272748947143555e+00
3.438775539398193359e+00 -2.151515007019042969e+00
1.510204076766967773e+00 1.101010322570800781e+00
1.602040767669677734e+00 -1.373737454414367676e+00
5.000000000000000000e-01 -2.292929172515869141e+00
3.071428537368774414e+00 4.000000000000000000e+00
2.520408153533935547e+00 3.292929410934448242e+00
3.163265228271484375e+00 1.313131570816040039e+00
2.153061151504516602e+00 1.666666746139526367e+00
4.357142925262451172e+00 -7.373738288879394531e-01
6.836735010147094727e-01 -2.858585834503173828e+00
3.071428537368774414e+00 2.727272748947143555e+00
2.612244844436645508e+00 -5.959596633911132812e-01
3.806122541427612305e+00 -1.585858583450317383e+00
2.336734771728515625e+00 3.222222328186035156e+00
5.000000000000000000e+00 1.101010322570800781e+00
3.989795923233032227e+00 8.181816339492797852e-01
4.724490165710449219e+00 1.454545617103576660e+00
3.255101919174194336e+00 3.717171669006347656e+00
4.632653236389160156e+00 3.151515007019042969e+00
4.081632614135742188e+00 2.585858345031738281e+00
7.755101919174194336e-01 -2.717171669006347656e+00
2.612244844436645508e+00 1.525252580642700195e+00
7.755101919174194336e-01 6.767675280570983887e-01
1.234693884849548340e+00 -2.575757503509521484e+00
2.795918226242065430e+00 -1.797979831695556641e+00
4.173469543457031250e+00 3.363636493682861328e+00
1.510204076766967773e+00 3.575757741928100586e+00
1.969387769699096680e+00 4.000000000000000000e+00
2.520408153533935547e+00 3.858585834503173828e+00
2.612244844436645508e+00 -6.666667461395263672e-01
2.244897842407226562e+00 -3.131314218044281006e-01
4.265306472778320312e+00 3.939392566680908203e-01
3.438775539398193359e+00 1.737373828887939453e+00
4.173469543457031250e+00 -1.656565666198730469e+00
7.755101919174194336e-01 1.808080911636352539e+00
1.234693884849548340e+00 -1.020202159881591797e+00
1.877551078796386719e+00 3.717171669006347656e+00
3.346938610076904297e+00 2.727272748947143555e+00
7.755101919174194336e-01 -1.585858583450317383e+00
4.357142925262451172e+00 1.101010322570800781e+00
1.693877577781677246e+00 -2.929292917251586914e+00
2.704081535339355469e+00 4.646463394165039062e-01
3.714285850524902344e+00 9.595961570739746094e-01
4.357142925262451172e+00 8.888887166976928711e-01
3.806122541427612305e+00 -1.939393877983093262e+00
4.908163070678710938e+00 2.939393997192382812e+00
2.979591846466064453e+00 9.595961570739746094e-01
3.714285850524902344e+00 1.242424488067626953e+00
3.346938610076904297e+00 -1.939393877983093262e+00
2.979591846466064453e+00 -1.797979831695556641e+00
2.244897842407226562e+00 1.313131570816040039e+00
1.418367385864257812e+00 -1.444444537162780762e+00
2.612244844436645508e+00 2.868686914443969727e+00
3.071428537368774414e+00 3.080808162689208984e+00
4.357142925262451172e+00 2.939393997192382812e+00
2.244897842407226562e+00 3.929292917251586914e+00
2.979591846466064453e+00 -1.303030371665954590e+00
1.969387769699096680e+00 3.939392566680908203e-01
4.357142925262451172e+00 2.515151500701904297e+00
4.173469543457031250e+00 8.181816339492797852e-01
4.632653236389160156e+00 1.383838534355163574e+00
3.071428537368774414e+00 -3.030303120613098145e-02
2.061224460601806641e+00 -1.515151500701904297e+00
2.061224460601806641e+00 -1.868686914443969727e+00
4.632653236389160156e+00 1.313131570816040039e+00
3.438775539398193359e+00 8.181816339492797852e-01
7.755101919174194336e-01 -1.717171669006347656e-01
3.897959232330322266e+00 1.818181872367858887e-01
2.061224460601806641e+00 1.737373828887939453e+00
2.244897842407226562e+00 3.939392566680908203e-01
3.806122541427612305e+00 3.292929410934448242e+00
1.418367385864257812e+00 -2.929292917251586914e+00
2.795918226242065430e+00 -2.858585834503173828e+00
1.602040767669677734e+00 2.020202159881591797e+00
1.693877577781677246e+00 1.878787994384765625e+00
2.244897842407226562e+00 1.525252580642700195e+00
5.000000000000000000e+00 2.868686914443969727e+00
4.632653236389160156e+00 2.303030252456665039e+00
5.000000000000000000e+00 -3.838384747505187988e-01
1.969387769699096680e+00 5.353534221649169922e-01
6.836735010147094727e-01 1.242424488067626953e+00
1.051020383834838867e+00 -5.959596633911132812e-01
5.000000000000000000e+00 3.434343576431274414e+00
2.704081535339355469e+00 1.525252580642700195e+00
3.346938610076904297e+00 -8.080809116363525391e-01
4.357142925262451172e+00 9.595961570739746094e-01
1.693877577781677246e+00 2.303030252456665039e+00
7.755101919174194336e-01 1.313131570816040039e+00
4.816326618194580078e+00 -4.545455574989318848e-01
3.530612230300903320e+00 2.373737335205078125e+00
2.336734771728515625e+00 1.313131570816040039e+00
1.326530575752258301e+00 -1.717171669006347656e-01
2.612244844436645508e+00 -1.232323288917541504e+00
2.153061151504516602e+00 3.151515007019042969e+00
4.724490165710449219e+00 4.040403664112091064e-02
2.612244844436645508e+00 -2.363636255264282227e+00
2.887754917144775391e+00 1.030303239822387695e+00
2.061224460601806641e+00 -3.030303120613098145e-02
4.265306472778320312e+00 6.060604453086853027e-01
2.612244844436645508e+00 -1.727272748947143555e+00
1.142857074737548828e+00 -2.222222089767456055e+00
1.051020383834838867e+00 -1.717171669006347656e-01
1.969387769699096680e+00 -1.868686914443969727e+00
2.336734771728515625e+00 3.505050659179687500e+00
4.632653236389160156e+00 3.010101079940795898e+00
1.051020383834838867e+00 3.717171669006347656e+00
2.061224460601806641e+00 2.727272748947143555e+00
1.693877577781677246e+00 3.080808162689208984e+00
2.979591846466064453e+00 1.383838534355163574e+00
3.989795923233032227e+00 -3.131314218044281006e-01
1.877551078796386719e+00 -1.020202159881591797e+00
3.163265228271484375e+00 8.181816339492797852e-01
1.418367385864257812e+00 -2.434343338012695312e+00
1.142857074737548828e+00 2.939393997192382812e+00
3.438775539398193359e+00 2.444444417953491211e+00
2.336734771728515625e+00 -1.727272748947143555e+00
4.724490165710449219e+00 -1.020202159881591797e+00
4.540816307067871094e+00 -1.303030371665954590e+00
1.510204076766967773e+00 2.868686914443969727e+00
1.234693884849548340e+00 3.505050659179687500e+00
8.673469424247741699e-01 -4.545455574989318848e-01
4.632653236389160156e+00 -2.424243688583374023e-01
1.693877577781677246e+00 8.888887166976928711e-01
1.877551078796386719e+00 -2.434343338012695312e+00
1.969387769699096680e+00 3.010101079940795898e+00
1.051020383834838867e+00 3.929292917251586914e+00
2.612244844436645508e+00 -1.717171669006347656e-01
3.622448921203613281e+00 1.808080911636352539e+00
4.173469543457031250e+00 -2.292929172515869141e+00
4.173469543457031250e+00 -1.020202159881591797e+00
4.540816307067871094e+00 -1.585858583450317383e+00
3.622448921203613281e+00 -1.161616206169128418e+00
4.908163070678710938e+00 3.929292917251586914e+00
3.806122541427612305e+00 -3.131314218044281006e-01
2.795918226242065430e+00 1.525252580642700195e+00
9.591836929321289062e-01 -2.292929172515869141e+00
2.336734771728515625e+00 -3.838384747505187988e-01
4.724490165710449219e+00 3.080808162689208984e+00
6.836735010147094727e-01 3.434343576431274414e+00
1.234693884849548340e+00 9.595961570739746094e-01
5.000000000000000000e-01 5.353534221649169922e-01
3.897959232330322266e+00 1.101010322570800781e+00
1.234693884849548340e+00 3.232322931289672852e-01
1.142857074737548828e+00 3.929292917251586914e+00
1.785714268684387207e+00 -7.373738288879394531e-01
3.438775539398193359e+00 1.818181872367858887e-01
5.918367505073547363e-01 7.474746108055114746e-01
4.081632614135742188e+00 -1.717171669006347656e-01
1.969387769699096680e+00 3.222222328186035156e+00
1.693877577781677246e+00 -1.373737454414367676e+00
2.244897842407226562e+00 -8.787879943847656250e-01
5.000000000000000000e-01 2.585858345031738281e+00
4.908163070678710938e+00 1.818181872367858887e-01
4.265306472778320312e+00 1.101010322570800781e+00
3.438775539398193359e+00 1.454545617103576660e+00
2.061224460601806641e+00 3.505050659179687500e+00
6.836735010147094727e-01 9.595961570739746094e-01
2.612244844436645508e+00 1.949494957923889160e+00
5.000000000000000000e+00 -3.030303120613098145e-02
1.877551078796386719e+00 -1.868686914443969727e+00
4.632653236389160156e+00 1.878787994384765625e+00
2.153061151504516602e+00 -2.424243688583374023e-01
3.163265228271484375e+00 8.888887166976928711e-01
3.255101919174194336e+00 -2.292929172515869141e+00
5.000000000000000000e+00 1.171717405319213867e+00
4.632653236389160156e+00 1.111111044883728027e-01
2.520408153533935547e+00 -3.131314218044281006e-01
4.632653236389160156e+00 3.363636493682861328e+00
5.918367505073547363e-01 -1.727272748947143555e+00
1.326530575752258301e+00 -8.787879943847656250e-01
8.673469424247741699e-01 -2.717171669006347656e+00
4.540816307067871094e+00 3.646464824676513672e+00
4.632653236389160156e+00 9.595961570739746094e-01
2.704081535339355469e+00 -2.575757503509521484e+00
4.081632614135742188e+00 9.595961570739746094e-01
5.000000000000000000e-01 3.505050659179687500e+00
4.357142925262451172e+00 -1.161616206169128418e+00
1.418367385864257812e+00 8.181816339492797852e-01
2.336734771728515625e+00 6.060604453086853027e-01
7.755101919174194336e-01 8.888887166976928711e-01
1.418367385864257812e+00 2.090909004211425781e+00
2.336734771728515625e+00 2.939393997192382812e+00
1.051020383834838867e+00 -2.010100841522216797e+00
2.887754917144775391e+00 -1.020202159881591797e+00
1.693877577781677246e+00 2.656565666198730469e+00
3.071428537368774414e+00 -2.151515007019042969e+00
1.877551078796386719e+00 1.666666746139526367e+00
4.632653236389160156e+00 3.080808162689208984e+00
1.877551078796386719e+00 2.656565666198730469e+00
8.673469424247741699e-01 4.000000000000000000e+00
1.693877577781677246e+00 1.737373828887939453e+00
4.448979854583740234e+00 3.151515007019042969e+00
1.693877577781677246e+00 -1.444444537162780762e+00
4.448979854583740234e+00 -3.131314218044281006e-01
2.336734771728515625e+00 -1.020202159881591797e+00
3.530612230300903320e+00 1.030303239822387695e+00
1.693877577781677246e+00 1.030303239822387695e+00
1.234693884849548340e+00 2.868686914443969727e+00
1.510204076766967773e+00 4.000000000000000000e+00
7.755101919174194336e-01 -2.292929172515869141e+00
7.755101919174194336e-01 -5.959596633911132812e-01
9.591836929321289062e-01 1.242424488067626953e+00
3.163265228271484375e+00 3.232322931289672852e-01
3.163265228271484375e+00 3.858585834503173828e+00
4.632653236389160156e+00 -5.959596633911132812e-01
1.142857074737548828e+00 -2.010100841522216797e+00
3.714285850524902344e+00 2.585858345031738281e+00
1.693877577781677246e+00 6.060604453086853027e-01
2.704081535339355469e+00 3.151515007019042969e+00
3.163265228271484375e+00 2.232323169708251953e+00
1.418367385864257812e+00 -8.080809116363525391e-01
2.520408153533935547e+00 -2.010100841522216797e+00
2.244897842407226562e+00 -6.666667461395263672e-01
5.000000000000000000e+00 -4.545455574989318848e-01
1.051020383834838867e+00 3.858585834503173828e+00
4.448979854583740234e+00 4.040403664112091064e-02
2.612244844436645508e+00 3.646464824676513672e+00
2.153061151504516602e+00 -1.303030371665954590e+00
3.346938610076904297e+00 3.080808162689208984e+00
3.530612230300903320e+00 2.656565666198730469e+00
2.520408153533935547e+00 -1.020202159881591797e+00
1.234693884849548340e+00 2.444444417953491211e+00
2.153061151504516602e+00 -1.444444537162780762e+00
9.591836929321289062e-01 4.646463394165039062e-01
3.346938610076904297e+00 1.666666746139526367e+00
1.602040767669677734e+00 -1.090909123420715332e+00
1.326530575752258301e+00 1.525252580642700195e+00
4.357142925262451172e+00 1.242424488067626953e+00
4.816326618194580078e+00 -2.222222089767456055e+00
1.142857074737548828e+00 3.717171669006347656e+00
2.336734771728515625e+00 -1.868686914443969727e+00
3.806122541427612305e+00 -8.080809116363525391e-01
2.153061151504516602e+00 2.090909004211425781e+00
2.336734771728515625e+00 -2.505050659179687500e+00
5.918367505073547363e-01 2.585858345031738281e+00
1.142857074737548828e+00 -3.838384747505187988e-01
4.357142925262451172e+00 1.030303239822387695e+00
4.724490165710449219e+00 -6.666667461395263672e-01
1.510204076766967773e+00 -3.030303120613098145e-02
3.806122541427612305e+00 6.767675280570983887e-01
4.357142925262451172e+00 2.525252401828765869e-01
4.173469543457031250e+00 1.949494957923889160e+00
1.969387769699096680e+00 2.444444417953491211e+00
5.000000000000000000e+00 2.444444417953491211e+00
3.438775539398193359e+00 2.585858345031738281e+00
2.979591846466064453e+00 -1.090909123420715332e+00
4.724490165710449219e+00 -1.585858583450317383e+00
6.836735010147094727e-01 6.767675280570983887e-01
4.357142925262451172e+00 -3.131314218044281006e-01
1.418367385864257812e+00 -3.838384747505187988e-01
1.785714268684387207e+00 9.595961570739746094e-01
1.693877577781677246e+00 2.020202159881591797e+00
3.897959232330322266e+00 -1.444444537162780762e+00
2.061224460601806641e+00 9.595961570739746094e-01
1.142857074737548828e+00 2.727272748947143555e+00
2.061224460601806641e+00 -1.020202159881591797e+00
2.520408153533935547e+00 2.939393997192382812e+00
3.438775539398193359e+00 1.111111044883728027e-01
3.255101919174194336e+00 3.292929410934448242e+00
5.918367505073547363e-01 -7.373738288879394531e-01
1.510204076766967773e+00 3.151515007019042969e+00
4.448979854583740234e+00 -5.252526402473449707e-01
9.591836929321289062e-01 3.080808162689208984e+00
4.173469543457031250e+00 2.020202159881591797e+00
2.795918226242065430e+00 -3.000000000000000000e+00
1.602040767669677734e+00 3.151515007019042969e+00
1.051020383834838867e+00 -1.727272748947143555e+00
1.785714268684387207e+00 1.101010322570800781e+00
4.724490165710449219e+00 -1.868686914443969727e+00
5.918367505073547363e-01 3.939392566680908203e-01
4.265306472778320312e+00 -2.010100841522216797e+00
9.591836929321289062e-01 3.292929410934448242e+00
4.724490165710449219e+00 -1.232323288917541504e+00
3.071428537368774414e+00 1.949494957923889160e+00
7.755101919174194336e-01 -2.010100841522216797e+00
4.908163070678710938e+00 1.808080911636352539e+00
5.918367505073547363e-01 -2.363636255264282227e+00
4.081632614135742188e+00 3.222222328186035156e+00
1.418367385864257812e+00 6.767675280570983887e-01
4.357142925262451172e+00 -1.868686914443969727e+00
2.336734771728515625e+00 3.929292917251586914e+00
4.173469543457031250e+00 -2.363636255264282227e+00
3.346938610076904297e+00 3.222222328186035156e+00
3.255101919174194336e+00 -1.727272748947143555e+00
1.602040767669677734e+00 3.858585834503173828e+00
4.908163070678710938e+00 2.373737335205078125e+00
3.897959232330322266e+00 3.646464824676513672e+00
3.071428537368774414e+00 -2.363636255264282227e+00
2.704081535339355469e+00 -5.252526402473449707e-01
3.897959232330322266e+00 2.656565666198730469e+00
2.428571462631225586e+00 7.474746108055114746e-01
1.326530575752258301e+00 1.808080911636352539e+00
1.234693884849548340e+00 -6.666667461395263672e-01
3.530612230300903320e+00 -2.010100841522216797e+00
1.418367385864257812e+00 -2.151515007019042969e+00
4.724490165710449219e+00 -1.373737454414367676e+00
4.448979854583740234e+00 2.020202159881591797e+00
3.255101919174194336e+00 -2.505050659179687500e+00
1.877551078796386719e+00 6.060604453086853027e-01
1.051020383834838867e+00 2.020202159881591797e+00
2.153061151504516602e+00 -1.585858583450317383e+00
3.989795923233032227e+00 -2.080807924270629883e+00
4.448979854583740234e+00 1.454545617103576660e+00
3.989795923233032227e+00 -2.646464586257934570e+00
2.795918226242065430e+00 2.585858345031738281e+00
4.081632614135742188e+00 3.787878751754760742e+00
1.418367385864257812e+00 3.222222328186035156e+00
1.510204076766967773e+00 2.585858345031738281e+00
2.428571462631225586e+00 1.030303239822387695e+00
1.969387769699096680e+00 3.292929410934448242e+00
1.785714268684387207e+00 2.797979831695556641e+00
3.255101919174194336e+00 -6.666667461395263672e-01
2.612244844436645508e+00 -1.797979831695556641e+00
2.795918226242065430e+00 1.818181872367858887e-01
2.153061151504516602e+00 2.727272748947143555e+00
1.326530575752258301e+00 1.030303239822387695e+00
3.071428537368774414e+00 -1.444444537162780762e+00
2.244897842407226562e+00 3.646464824676513672e+00
4.908163070678710938e+00 2.656565666198730469e+00
3.438775539398193359e+00 1.878787994384765625e+00
4.081632614135742188e+00 8.888887166976928711e-01
2.887754917144775391e+00 3.929292917251586914e+00
3.622448921203613281e+00 1.313131570816040039e+00
2.244897842407226562e+00 -2.222222089767456055e+00
2.061224460601806641e+00 -2.646464586257934570e+00
2.704081535339355469e+00 -4.545455574989318848e-01
1.693877577781677246e+00 -7.373738288879394531e-01
1.418367385864257812e+00 3.717171669006347656e+00
3.438775539398193359e+00 -1.797979831695556641e+00
2.428571462631225586e+00 2.515151500701904297e+00
2.795918226242065430e+00 3.646464824676513672e+00
2.061224460601806641e+00 1.383838534355163574e+00
4.540816307067871094e+00 3.717171669006347656e+00
1.234693884849548340e+00 -1.161616206169128418e+00
2.979591846466064453e+00 5.353534221649169922e-01
2.153061151504516602e+00 -1.868686914443969727e+00
3.071428537368774414e+00 -2.080807924270629883e+00
4.632653236389160156e+00 2.232323169708251953e+00
2.795918226242065430e+00 -2.010100841522216797e+00
4.908163070678710938e+00 3.010101079940795898e+00
3.255101919174194336e+00 1.171717405319213867e+00
7.755101919174194336e-01 -2.434343338012695312e+00
4.081632614135742188e+00 3.717171669006347656e+00
3.255101919174194336e+00 3.010101079940795898e+00
2.153061151504516602e+00 3.434343576431274414e+00
4.173469543457031250e+00 2.939393997192382812e+00
4.816326618194580078e+00 2.939393997192382812e+00
3.071428537368774414e+00 3.929292917251586914e+00
4.265306472778320312e+00 2.444444417953491211e+00
6.836735010147094727e-01 -1.656565666198730469e+00
2.979591846466064453e+00 -4.545455574989318848e-01
2.979591846466064453e+00 1.454545617103576660e+00
4.724490165710449219e+00 4.646463394165039062e-01
9.591836929321289062e-01 1.101010322570800781e+00
1.510204076766967773e+00 1.808080911636352539e+00
3.346938610076904297e+00 3.717171669006347656e+00
4.632653236389160156e+00 5.353534221649169922e-01
4.908163070678710938e+00 -3.000000000000000000e+00
7.755101919174194336e-01 5.353534221649169922e-01
3.714285850524902344e+00 1.737373828887939453e+00
9.591836929321289062e-01 3.787878751754760742e+00
2.428571462631225586e+00 2.939393997192382812e+00
3.530612230300903320e+00 -1.090909123420715332e+00
1.877551078796386719e+00 2.020202159881591797e+00
3.989795923233032227e+00 2.444444417953491211e+00
3.438775539398193359e+00 1.666666746139526367e+00
4.632653236389160156e+00 3.858585834503173828e+00
3.071428537368774414e+00 6.060604453086853027e-01
5.918367505073547363e-01 -2.575757503509521484e+00
1.693877577781677246e+00 3.151515007019042969e+00
7.755101919174194336e-01 1.111111044883728027e-01
4.908163070678710938e+00 3.858585834503173828e+00
9.591836929321289062e-01 -9.494950175285339355e-01
4.816326618194580078e+00 2.727272748947143555e+00
3.806122541427612305e+00 2.515151500701904297e+00
1.693877577781677246e+00 3.646464824676513672e+00
3.438775539398193359e+00 8.888887166976928711e-01
2.244897842407226562e+00 2.303030252456665039e+00
3.255101919174194336e+00 8.888887166976928711e-01
3.897959232330322266e+00 -1.585858583450317383e+00
3.163265228271484375e+00 -1.090909123420715332e+00
2.887754917144775391e+00 2.797979831695556641e+00
4.540816307067871094e+00 3.080808162689208984e+00
1.234693884849548340e+00 -9.494950175285339355e-01
6.836735010147094727e-01 -2.080807924270629883e+00
3.806122541427612305e+00 3.232322931289672852e-01
1.326530575752258301e+00 -2.575757503509521484e+00
3.989795923233032227e+00 3.363636493682861328e+00
2.520408153533935547e+00 1.818181872367858887e-01
4.724490165710449219e+00 7.474746108055114746e-01
3.714285850524902344e+00 -1.444444537162780762e+00
3.622448921203613281e+00 2.727272748947143555e+00
3.071428537368774414e+00 1.454545617103576660e+00
1.785714268684387207e+00 3.575757741928100586e+00
9.591836929321289062e-01 -1.444444537162780762e+00
3.071428537368774414e+00 2.232323169708251953e+00
2.153061151504516602e+00 2.232323169708251953e+00
3.622448921203613281e+00 -2.858585834503173828e+00
3.163265228271484375e+00 3.575757741928100586e+00
1.142857074737548828e+00 1.101010322570800781e+00
3.622448921203613281e+00 -5.252526402473449707e-01
3.897959232330322266e+00 -3.030303120613098145e-02
2.061224460601806641e+00 -2.424243688583374023e-01
2.244897842407226562e+00 2.797979831695556641e+00
4.173469543457031250e+00 -8.080809116363525391e-01
1.785714268684387207e+00 -1.303030371665954590e+00
3.346938610076904297e+00 3.646464824676513672e+00
9.591836929321289062e-01 2.303030252456665039e+00
1.877551078796386719e+00 3.080808162689208984e+00
3.346938610076904297e+00 -7.373738288879394531e-01
1.969387769699096680e+00 -4.545455574989318848e-01
3.163265228271484375e+00 1.111111044883728027e-01
2.336734771728515625e+00 -9.494950175285339355e-01
2.244897842407226562e+00 -2.929292917251586914e+00
1.234693884849548340e+00 1.878787994384765625e+00
3.714285850524902344e+00 -1.868686914443969727e+00
5.000000000000000000e-01 -2.787878751754760742e+00
5.000000000000000000e-01 -2.080807924270629883e+00
2.704081535339355469e+00 1.101010322570800781e+00
2.612244844436645508e+00 -5.252526402473449707e-01
2.887754917144775391e+00 -3.838384747505187988e-01
5.918367505073547363e-01 3.292929410934448242e+00
2.520408153533935547e+00 1.030303239822387695e+00
3.530612230300903320e+00 3.292929410934448242e+00
3.071428537368774414e+00 3.434343576431274414e+00
3.255101919174194336e+00 1.454545617103576660e+00
3.530612230300903320e+00 3.151515007019042969e+00
3.255101919174194336e+00 3.787878751754760742e+00
2.153061151504516602e+00 1.818181872367858887e-01
1.142857074737548828e+00 2.090909004211425781e+00
2.428571462631225586e+00 2.232323169708251953e+00
2.887754917144775391e+00 1.242424488067626953e+00
1.234693884849548340e+00 2.303030252456665039e+00
3.438775539398193359e+00 2.303030252456665039e+00
3.163265228271484375e+00 1.818181872367858887e-01
2.428571462631225586e+00 1.171717405319213867e+00
7.755101919174194336e-01 -1.090909123420715332e+00
4.173469543457031250e+00 -1.797979831695556641e+00
2.795918226242065430e+00 4.040403664112091064e-02
3.530612230300903320e+00 -3.000000000000000000e+00
4.540816307067871094e+00 -9.494950175285339355e-01
4.265306472778320312e+00 3.010101079940795898e+00
4.908163070678710938e+00 -1.303030371665954590e+00
2.979591846466064453e+00 -2.575757503509521484e+00
4.816326618194580078e+00 3.646464824676513672e+00
2.979591846466064453e+00 -2.292929172515869141e+00
9.591836929321289062e-01 1.030303239822387695e+00
8.673469424247741699e-01 1.383838534355163574e+00
4.357142925262451172e+00 3.010101079940795898e+00
3.346938610076904297e+00 1.313131570816040039e+00
2.428571462631225586e+00 -1.444444537162780762e+00
1.969387769699096680e+00 3.080808162689208984e+00
7.755101919174194336e-01 2.373737335205078125e+00
4.265306472778320312e+00 4.000000000000000000e+00
4.173469543457031250e+00 2.585858345031738281e+00
3.071428537368774414e+00 6.767675280570983887e-01
3.806122541427612305e+00 3.939392566680908203e-01
2.428571462631225586e+00 -2.717171669006347656e+00
1.142857074737548828e+00 -2.575757503509521484e+00
3.806122541427612305e+00 1.666666746139526367e+00
3.714285850524902344e+00 2.797979831695556641e+00
3.530612230300903320e+00 8.888887166976928711e-01
1.142857074737548828e+00 7.474746108055114746e-01
2.704081535339355469e+00 -1.515151500701904297e+00
1.693877577781677246e+00 1.313131570816040039e+00
3.071428537368774414e+00 3.010101079940795898e+00
6.836735010147094727e-01 -5.959596633911132812e-01
4.265306472778320312e+00 1.949494957923889160e+00
3.622448921203613281e+00 -2.787878751754760742e+00
3.714285850524902344e+00 -2.424243688583374023e-01
1.051020383834838867e+00 -2.858585834503173828e+00
5.000000000000000000e-01 -2.424243688583374023e-01
5.000000000000000000e-01 8.888887166976928711e-01
2.612244844436645508e+00 2.020202159881591797e+00
4.724490165710449219e+00 1.818181872367858887e-01
1.785714268684387207e+00 -2.363636255264282227e+00
1.693877577781677246e+00 6.767675280570983887e-01
4.448979854583740234e+00 -1.727272748947143555e+00
7.755101919174194336e-01 -1.232323288917541504e+00
2.153061151504516602e+00 -5.959596633911132812e-01
4.632653236389160156e+00 3.717171669006347656e+00
2.795918226242065430e+00 -1.161616206169128418e+00
1.142857074737548828e+00 9.595961570739746094e-01
3.438775539398193359e+00 4.646463394165039062e-01
3.255101919174194336e+00 1.737373828887939453e+00
1.877551078796386719e+00 2.090909004211425781e+00
1.051020383834838867e+00 1.595959663391113281e+00
2.795918226242065430e+00 -5.252526402473449707e-01
2.979591846466064453e+00 3.010101079940795898e+00
1.510204076766967773e+00 -1.090909123420715332e+00
3.897959232330322266e+00 1.171717405319213867e+00
1.693877577781677246e+00 2.939393997192382812e+00
3.806122541427612305e+00 -8.787879943847656250e-01
2.795918226242065430e+00 -2.292929172515869141e+00
1.969387769699096680e+00 8.888887166976928711e-01
4.816326618194580078e+00 3.010101079940795898e+00
3.622448921203613281e+00 -1.515151500701904297e+00
4.448979854583740234e+00 1.808080911636352539e+00
4.908163070678710938e+00 3.222222328186035156e+00
4.081632614135742188e+00 -1.727272748947143555e+00
7.755101919174194336e-01 -2.151515007019042969e+00
3.163265228271484375e+00 -1.585858583450317383e+00
3.622448921203613281e+00 -2.080807924270629883e+00
2.979591846466064453e+00 2.585858345031738281e+00
5.918367505073547363e-01 1.101010322570800781e+00
2.153061151504516602e+00 1.313131570816040039e+00
2.153061151504516602e+00 -2.787878751754760742e+00
3.806122541427612305e+00 -1.515151500701904297e+00
2.795918226242065430e+00 2.868686914443969727e+00
4.265306472778320312e+00 2.727272748947143555e+00
4.448979854583740234e+00 3.787878751754760742e+00
9.591836929321289062e-01 -2.010100841522216797e+00
2.520408153533935547e+00 8.888887166976928711e-01
2.520408153533935547e+00 -1.797979831695556641e+00
3.622448921203613281e+00 1.818181872367858887e-01
4.081632614135742188e+00 -1.010100990533828735e-01
9.591836929321289062e-01 3.010101079940795898e+00
2.979591846466064453e+00 2.515151500701904297e+00
2.061224460601806641e+00 5.353534221649169922e-01
1.785714268684387207e+00 -1.515151500701904297e+00
4.448979854583740234e+00 2.232323169708251953e+00
3.255101919174194336e+00 1.595959663391113281e+00
7.755101919174194336e-01 3.717171669006347656e+00
1.602040767669677734e+00 4.040403664112091064e-02
1.326530575752258301e+00 3.929292917251586914e+00
2.520408153533935547e+00 -2.292929172515869141e+00
4.173469543457031250e+00 2.373737335205078125e+00
3.806122541427612305e+00 8.181816339492797852e-01
3.622448921203613281e+00 2.373737335205078125e+00
3.346938610076904297e+00 -2.222222089767456055e+00
1.510204076766967773e+00 2.797979831695556641e+00
2.612244844436645508e+00 -1.161616206169128418e+00
5.000000000000000000e+00 2.020202159881591797e+00
3.530612230300903320e+00 4.000000000000000000e+00
4.265306472778320312e+00 -2.434343338012695312e+00
3.255101919174194336e+00 2.232323169708251953e+00
2.061224460601806641e+00 3.575757741928100586e+00
1.693877577781677246e+00 -8.787879943847656250e-01
2.979591846466064453e+00 1.101010322570800781e+00
3.622448921203613281e+00 4.040403664112091064e-02
3.714285850524902344e+00 3.434343576431274414e+00
4.908163070678710938e+00 -1.717171669006347656e-01
2.244897842407226562e+00 1.818181872367858887e-01
2.520408153533935547e+00 -8.787879943847656250e-01
5.000000000000000000e-01 1.878787994384765625e+00
2.612244844436645508e+00 1.030303239822387695e+00
1.326530575752258301e+00 -5.959596633911132812e-01
2.704081535339355469e+00 -8.787879943847656250e-01
3.989795923233032227e+00 1.101010322570800781e+00
3.438775539398193359e+00 -2.292929172515869141e+00
2.520408153533935547e+00 2.585858345031738281e+00
2.704081535339355469e+00 9.595961570739746094e-01
2.428571462631225586e+00 -2.505050659179687500e+00
1.693877577781677246e+00 -2.222222089767456055e+00
1.510204076766967773e+00 -1.868686914443969727e+00
3.622448921203613281e+00 -9.494950175285339355e-01
1.510204076766967773e+00 -1.797979831695556641e+00
9.591836929321289062e-01 3.646464824676513672e+00
1.877551078796386719e+00 3.929292917251586914e+00
2.153061151504516602e+00 2.161616086959838867e+00
1.142857074737548828e+00 -1.515151500701904297e+00
9.591836929321289062e-01 2.161616086959838867e+00
1.785714268684387207e+00 3.505050659179687500e+00
2.704081535339355469e+00 -2.717171669006347656e+00
2.887754917144775391e+00 -1.868686914443969727e+00
3.622448921203613281e+00 -6.666667461395263672e-01
1.326530575752258301e+00 1.878787994384765625e+00
3.897959232330322266e+00 1.383838534355163574e+00
2.061224460601806641e+00 -2.222222089767456055e+00
3.622448921203613281e+00 -2.505050659179687500e+00
6.836735010147094727e-01 2.444444417953491211e+00
2.887754917144775391e+00 1.383838534355163574e+00
3.071428537368774414e+00 3.787878751754760742e+00
2.887754917144775391e+00 1.949494957923889160e+00
9.591836929321289062e-01 3.505050659179687500e+00
3.989795923233032227e+00 3.505050659179687500e+00
5.000000000000000000e+00 7.474746108055114746e-01
2.979591846466064453e+00 2.727272748947143555e+00
3.530612230300903320e+00 -4.545455574989318848e-01
2.336734771728515625e+00 3.939392566680908203e-01
2.704081535339355469e+00 -2.929292917251586914e+00
4.448979854583740234e+00 3.858585834503173828e+00
4.081632614135742188e+00 2.515151500701904297e+00
4.265306472778320312e+00 -4.545455574989318848e-01
2.795918226242065430e+00 8.888887166976928711e-01
3.346938610076904297e+00 3.929292917251586914e+00
1.693877577781677246e+00 -2.646464586257934570e+00
6.836735010147094727e-01 3.858585834503173828e+00
4.173469543457031250e+00 -7.373738288879394531e-01
2.520408153533935547e+00 3.646464824676513672e+00
4.448979854583740234e+00 1.666666746139526367e+00
2.061224460601806641e+00 -8.787879943847656250e-01
2.795918226242065430e+00 -1.868686914443969727e+00
1.051020383834838867e+00 -1.303030371665954590e+00
3.071428537368774414e+00 7.474746108055114746e-01
4.816326618194580078e+00 3.939392566680908203e-01
3.714285850524902344e+00 1.595959663391113281e+00
4.540816307067871094e+00 1.818181872367858887e-01
1.602040767669677734e+00 -2.292929172515869141e+00
4.632653236389160156e+00 3.505050659179687500e+00
1.510204076766967773e+00 -1.010100990533828735e-01
4.724490165710449219e+00 -2.858585834503173828e+00
5.918367505073547363e-01 -2.292929172515869141e+00
9.591836929321289062e-01 -1.797979831695556641e+00
8.673469424247741699e-01 -2.575757503509521484e+00
3.255101919174194336e+00 6.060604453086853027e-01
2.795918226242065430e+00 -1.010100990533828735e-01
4.724490165710449219e+00 -4.545455574989318848e-01
3.346938610076904297e+00 3.434343576431274414e+00
4.816326618194580078e+00 1.878787994384765625e+00
5.000000000000000000e-01 -6.666667461395263672e-01
5.000000000000000000e+00 -1.515151500701904297e+00
1.234693884849548340e+00 -2.929292917251586914e+00
4.816326618194580078e+00 4.040403664112091064e-02
2.979591846466064453e+00 1.030303239822387695e+00
4.816326618194580078e+00 -2.575757503509521484e+00
1.418367385864257812e+00 -1.939393877983093262e+00
3.714285850524902344e+00 -2.575757503509521484e+00
5.000000000000000000e+00 -2.080807924270629883e+00
4.632653236389160156e+00 -2.292929172515869141e+00
4.540816307067871094e+00 2.303030252456665039e+00
1.602040767669677734e+00 1.454545617103576660e+00
3.163265228271484375e+00 -1.797979831695556641e+00
4.908163070678710938e+00 1.111111044883728027e-01
4.724490165710449219e+00 2.515151500701904297e+00
1.969387769699096680e+00 4.040403664112091064e-02
3.530612230300903320e+00 1.878787994384765625e+00
4.908163070678710938e+00 -2.787878751754760742e+00
2.520408153533935547e+00 8.181816339492797852e-01
3.530612230300903320e+00 1.666666746139526367e+00
2.428571462631225586e+00 3.939392566680908203e-01
3.714285850524902344e+00 3.717171669006347656e+00
