4.135621339082717896e-02
4.732560738921165466e-02
5.848472937941551208e-02
5.031979456543922424e-02
4.659872874617576599e-02
4.411771520972251892e-02
4.366142675280570984e-02
6.382109969854354858e-02
5.923141911625862122e-02
5.232823267579078674e-02
6.057645753026008606e-02
6.431062519550323486e-02
7.854966074228286743e-02
4.212424531579017639e-02
4.177009686827659607e-02
6.994464248418807983e-02
5.082614719867706299e-02
4.932069033384323120e-02
6.909530609846115112e-02
6.950257718563079834e-02
4.855735972523689270e-02
4.175894334912300110e-02
9.629739820957183838e-02
4.005322977900505066e-02
4.049767926335334778e-02
5.002697184681892395e-02
5.711174383759498596e-02
4.864444211125373840e-02
4.995075240731239319e-02
9.012472629547119141e-02
9.265043586492538452e-02
5.310297384858131409e-02
3.977617993950843811e-02
4.461349174380302429e-02
5.133053287863731384e-02
4.844748228788375854e-02
4.143276810646057129e-02
4.821343719959259033e-02
7.404703646898269653e-02
5.183072388172149658e-02
5.610537901520729065e-02
4.041442647576332092e-02
8.559000492095947266e-02
5.701227858662605286e-02
4.997899010777473450e-02
7.394207268953323364e-02
4.024416580796241760e-02
4.369352385401725769e-02
5.930883809924125671e-02
6.338860094547271729e-02
1.021883413195610046e-01
4.702402651309967041e-02
4.371392354369163513e-02
5.273503437638282776e-02
7.273419201374053955e-02
7.497665286064147949e-02
6.651234626770019531e-02
5.203860253095626831e-02
3.798663243651390076e-02
3.903650864958763123e-02
5.126034095883369446e-02
4.129418358206748962e-02
4.293670505285263062e-02
6.596659868955612183e-02
3.844006359577178955e-02
5.389784649014472961e-02
9.159048646688461304e-02
4.132742062211036682e-02
4.430889338254928589e-02
4.478021338582038879e-02
5.606918409466743469e-02
5.731828883290290833e-02
4.323533177375793457e-02
3.970502689480781555e-02
8.304600417613983154e-02
8.393674343824386597e-02
3.858079388737678528e-02
7.227760553359985352e-02
6.585910916328430176e-02
5.480379238724708557e-02
7.503712922334671021e-02
5.214230343699455261e-02
4.591205343604087830e-02
6.166000291705131531e-02
4.421970248222351074e-02
4.251679778099060059e-02
4.326833412051200867e-02
3.929625079035758972e-02
8.304215222597122192e-02
7.693677395582199097e-02
5.685237422585487366e-02
5.417484417557716370e-02
4.215409234166145325e-02
4.981512576341629028e-02
8.030985295772552490e-02
5.919314548373222351e-02
4.519151523709297180e-02
5.393406376242637634e-02
4.933661222457885742e-02
4.986052587628364563e-02
6.490547955036163330e-02
4.124205932021141052e-02
5.496532842516899109e-02
4.541742429137229919e-02
4.350161179900169373e-02
8.047759532928466797e-02
6.621512025594711304e-02
4.451017454266548157e-02
4.106434434652328491e-02
5.497113242745399475e-02
4.350854083895683289e-02
7.802725583314895630e-02
6.467214971780776978e-02
8.223067969083786011e-02
7.619750499725341797e-02
4.088181257247924805e-02
4.275967180728912354e-02
9.202710539102554321e-02
5.708755925297737122e-02
4.992449283599853516e-02
4.139099642634391785e-02
5.135878920555114746e-02
5.857319012284278870e-02
7.762562483549118042e-02
4.481006413698196411e-02
4.054813459515571594e-02
9.854885190725326538e-02
4.530702903866767883e-02
6.176541373133659363e-02
8.371149748563766479e-02
5.703712627291679382e-02
5.854359641671180725e-02
4.929004982113838196e-02
4.299875721335411072e-02
3.723590448498725891e-02
6.367916613817214966e-02
3.909134492278099060e-02
4.617319256067276001e-02
7.330206781625747681e-02
7.445275783538818359e-02
1.058168411254882812e-01
6.413702666759490967e-02
4.609420150518417358e-02
5.565256997942924500e-02
6.976362317800521851e-02
8.719240128993988037e-02
5.555120483040809631e-02
4.078592360019683838e-02
9.277876466512680054e-02
5.378592386841773987e-02
5.598252639174461365e-02
4.615242406725883484e-02
3.887730464339256287e-02
6.189905479550361633e-02
3.848601505160331726e-02
4.898169636726379395e-02
4.363844171166419983e-02
4.113643988966941833e-02
4.239154234528541565e-02
4.583462700247764587e-02
7.219357788562774658e-02
6.608285754919052124e-02
7.229967415332794189e-02
6.409804522991180420e-02
6.491953134536743164e-02
1.204963997006416321e-01
4.491993412375450134e-02
4.716883227229118347e-02
5.223731324076652527e-02
4.630182683467864990e-02
5.070502683520317078e-02
6.014339253306388855e-02
5.684242025017738342e-02
8.153168112039566040e-02
4.191675409674644470e-02
3.696068003773689270e-02
4.540460929274559021e-02
7.538533955812454224e-02
4.167296364903450012e-02
6.452842801809310913e-02
6.731553375720977783e-02
4.333874955773353577e-02
4.241349548101425171e-02
4.119196906685829163e-02
4.402528330683708191e-02
3.883957117795944214e-02
4.759008809924125671e-02
1.236242279410362244e-01
5.374891683459281921e-02
6.704599410295486450e-02
4.931343346834182739e-02
4.790337011218070984e-02
4.582586884498596191e-02
5.168797075748443604e-02
8.405419439077377319e-02
5.482312664389610291e-02
5.328140035271644592e-02
5.931713804602622986e-02
5.403095111250877380e-02
3.885610774159431458e-02
8.012161403894424438e-02
4.455179721117019653e-02
4.977913945913314819e-02
4.401043429970741272e-02
5.081587284803390503e-02
7.045575231313705444e-02
4.825625196099281311e-02
7.616195827722549438e-02
3.961097821593284607e-02
9.250313788652420044e-02
6.181162968277931213e-02
5.445035174489021301e-02
4.333453997969627380e-02
4.146673902869224548e-02
7.955435663461685181e-02
5.673306062817573547e-02
5.115718021988868713e-02
5.115066096186637878e-02
6.761622428894042969e-02
5.729512497782707214e-02
7.685652375221252441e-02
4.726176336407661438e-02
8.152494579553604126e-02
4.929203167557716370e-02
5.972895398736000061e-02
4.223958030343055725e-02
7.762769609689712524e-02
3.993620350956916809e-02
5.384014919400215149e-02
6.967739015817642212e-02
3.846124932169914246e-02
4.566510021686553955e-02
4.050594195723533630e-02
6.269033253192901611e-02
4.697379097342491150e-02
1.082386299967765808e-01
5.170514807105064392e-02
4.566392675042152405e-02
5.242662504315376282e-02
8.771624416112899780e-02
8.065885305404663086e-02
5.917608365416526794e-02
6.987579911947250366e-02
6.739201396703720093e-02
4.021631553769111633e-02
4.455763474106788635e-02
4.279769584536552429e-02
6.961139291524887085e-02
8.278190344572067261e-02
4.931906983256340027e-02
6.080472841858863831e-02
7.526408135890960693e-02
5.421184375882148743e-02
5.263773724436759949e-02
4.201416298747062683e-02
6.573988497257232666e-02
5.792303755879402161e-02
5.634323880076408386e-02
6.948779523372650146e-02
4.902580007910728455e-02
6.955819576978683472e-02
4.791050031781196594e-02
4.373151808977127075e-02
1.048711836338043213e-01
6.632073223590850830e-02
5.073964968323707581e-02
4.469081759452819824e-02
4.414787515997886658e-02
4.955912008881568909e-02
8.622777462005615234e-02
4.636897519230842590e-02
5.371296778321266174e-02
6.155670061707496643e-02
5.261791869997978210e-02
3.961694613099098206e-02
5.523943528532981873e-02
5.932035669684410095e-02
3.818654641509056091e-02
7.408037036657333374e-02
4.374386742711067200e-02
5.043657124042510986e-02
5.047563090920448303e-02
6.581697613000869751e-02
4.718385264277458191e-02
8.081621676683425903e-02
4.073624685406684875e-02
4.289614036679267883e-02
3.972451388835906982e-02
4.344956949353218079e-02
6.617460399866104126e-02
4.768160358071327209e-02
4.921314492821693420e-02
5.382054671645164490e-02
6.333646923303604126e-02
4.469295963644981384e-02
4.602636396884918213e-02
6.471642851829528809e-02
6.325084716081619263e-02
5.863005295395851135e-02
7.639221101999282837e-02
4.502682015299797058e-02
4.932282119989395142e-02
9.110060334205627441e-02
4.619483277201652527e-02
4.019913449883460999e-02
9.353142231702804565e-02
5.872813239693641663e-02
5.902000144124031067e-02
5.767950788140296936e-02
4.407622292637825012e-02
6.882702559232711792e-02
4.581944644451141357e-02
4.127112030982971191e-02
9.396724402904510498e-02
9.675328433513641357e-02
9.103273600339889526e-02
4.170228540897369385e-02
5.914776399731636047e-02
6.371282786130905151e-02
6.277930736541748047e-02
3.953864425420761108e-02
4.017534852027893066e-02
4.474870488047599792e-02
5.699384585022926331e-02
5.560727789998054504e-02
4.049535840749740601e-02
4.211473464965820312e-02
4.190592840313911438e-02
6.978890299797058105e-02
3.950945660471916199e-02
5.931222066283226013e-02
5.254822596907615662e-02
5.813326314091682434e-02
6.659768521785736084e-02
4.367009922862052917e-02
5.953386798501014709e-02
4.329113289713859558e-02
3.958514705300331116e-02
4.567848891019821167e-02
5.064411461353302002e-02
6.521052122116088867e-02
6.661389023065567017e-02
1.235401108860969543e-01
4.070656374096870422e-02
5.775846168398857117e-02
4.561739787459373474e-02
5.081967264413833618e-02
4.298463091254234314e-02
7.689719647169113159e-02
3.768176212906837463e-02
6.474639475345611572e-02
5.132390186190605164e-02
4.360925406217575073e-02
6.844138354063034058e-02
8.227475732564926147e-02
4.191994294524192810e-02
4.773378744721412659e-02
3.872621431946754456e-02
4.645457863807678223e-02
7.111138105392456055e-02
6.850323081016540527e-02
9.604769945144653320e-02
4.471687227487564087e-02
5.044119805097579956e-02
4.926390945911407471e-02
5.845845118165016174e-02
4.268218949437141418e-02
8.101879805326461792e-02
4.773076996207237244e-02
5.490470305085182190e-02
4.488053545355796814e-02
5.220910534262657166e-02
4.021652042865753174e-02
4.454885050654411316e-02
4.098447039723396301e-02
4.439336806535720825e-02
3.933159261941909790e-02
4.241548851132392883e-02
8.030285686254501343e-02
5.361846461892127991e-02
1.013355851173400879e-01
7.016699761152267456e-02
5.184325575828552246e-02
4.072229936718940735e-02
5.907535925507545471e-02
5.250966176390647888e-02
4.871528968214988708e-02
5.486929789185523987e-02
5.930569395422935486e-02
4.332312196493148804e-02
4.693008586764335632e-02
4.286822304129600525e-02
9.155320376157760620e-02
7.904281467199325562e-02
5.459217354655265808e-02
4.598669707775115967e-02
9.351239353418350220e-02
4.267535731196403503e-02
6.006367132067680359e-02
5.387969687581062317e-02
4.597574844956398010e-02
4.277462139725685120e-02
4.450540244579315186e-02
3.872407227754592896e-02
5.103218927979469299e-02
4.578055813908576965e-02
4.735615476965904236e-02
5.028864741325378418e-02
5.799818411469459534e-02
7.235043495893478394e-02
5.083756893873214722e-02
4.698269441723823547e-02
4.071285948157310486e-02
5.055478960275650024e-02
5.091617256402969360e-02
6.315664947032928467e-02
4.133820161223411560e-02
4.364107921719551086e-02
4.137988388538360596e-02
5.075712874531745911e-02
6.045049801468849182e-02
5.958246067166328430e-02
4.142471775412559509e-02
4.775866121053695679e-02
1.026408672332763672e-01
4.519761726260185242e-02
5.950524285435676575e-02
5.913015827536582947e-02
4.248121753334999084e-02
6.416640430688858032e-02
4.954818263649940491e-02
6.594612449407577515e-02
6.480786204338073730e-02
5.760520324110984802e-02
3.852998837828636169e-02
4.053576290607452393e-02
4.031762108206748962e-02
6.302798539400100708e-02
1.026372089982032776e-01
8.722432702779769897e-02
3.762566670775413513e-02
5.275409296154975891e-02
4.844634607434272766e-02
4.274437949061393738e-02
6.317720562219619751e-02
9.681347757577896118e-02
4.093513265252113342e-02
4.551481083035469055e-02
5.688929185271263123e-02
7.782824337482452393e-02
5.438647046685218811e-02
5.416471883654594421e-02
4.139744490385055542e-02
5.232721567153930664e-02
5.173702910542488098e-02
6.191371008753776550e-02
4.328121244907379150e-02
5.366646870970726013e-02
7.498887926340103149e-02
8.806490153074264526e-02
6.082972511649131775e-02
5.129677802324295044e-02
3.956045955419540405e-02
6.250379979610443115e-02
5.659659579396247864e-02
5.963487550616264343e-02
5.058736726641654968e-02
4.465258866548538208e-02
6.419106572866439819e-02
4.969998076558113098e-02
6.739696860313415527e-02
6.897500902414321899e-02
4.593371227383613586e-02
5.655855312943458557e-02
4.098752513527870178e-02
4.151694104075431824e-02
6.333959847688674927e-02
6.266696006059646606e-02
9.652442485094070435e-02
4.170249775052070618e-02
6.753025203943252563e-02
6.006808206439018250e-02
5.662040039896965027e-02
6.027242168784141541e-02
5.500424280762672424e-02
4.575416818261146545e-02
4.219943657517433167e-02
4.338442906737327576e-02
4.127837345004081726e-02
4.635794833302497864e-02
3.695807233452796936e-02
4.567272588610649109e-02
5.193351581692695618e-02
7.955057173967361450e-02
5.811386182904243469e-02
3.912424668669700623e-02
6.989014148712158203e-02
7.932793349027633667e-02
1.221235916018486023e-01
4.487590491771697998e-02
8.074645698070526123e-02
5.968229845166206360e-02
6.621840596199035645e-02
4.800060763955116272e-02
1.132937595248222351e-01
4.420462250709533691e-02
5.578842386603355408e-02
6.670194119215011597e-02
5.897143110632896423e-02
8.955802023410797119e-02
4.073984920978546143e-02
4.308236017823219299e-02
4.724248871207237244e-02
5.374981090426445007e-02
1.052610650658607483e-01
5.287941172719001770e-02
4.040674865245819092e-02
6.215985491871833801e-02
4.098560661077499390e-02
6.057145819067955017e-02
4.964829608798027039e-02
4.745828732848167419e-02
4.018072411417961121e-02
4.175892472267150879e-02
5.598011985421180725e-02
3.896692767739295959e-02
1.009443327784538269e-01
7.667455822229385376e-02
7.777472585439682007e-02
3.876509889960289001e-02
4.160666838288307190e-02
5.100688710808753967e-02
4.402116313576698303e-02
7.078559696674346924e-02
4.242022335529327393e-02
7.417706400156021118e-02
5.779457464814186096e-02
1.001440510153770447e-01
6.931493431329727173e-02
5.307218804955482483e-02
7.921859622001647949e-02
5.197511240839958191e-02
6.164437904953956604e-02
4.900742694735527039e-02
6.238144263625144958e-02
3.944743797183036804e-02
5.909565463662147522e-02
6.038812920451164246e-02
6.529446691274642944e-02
4.000778868794441223e-02
6.650585681200027466e-02
4.244470223784446716e-02
5.767692998051643372e-02
4.703075811266899109e-02
6.724461913108825684e-02
6.792740523815155029e-02
5.637324228882789612e-02
8.551327884197235107e-02
1.012269780039787292e-01
8.854714781045913696e-02
4.995751753449440002e-02
4.455957561731338501e-02
4.157854244112968445e-02
7.653297483921051025e-02
4.418737068772315979e-02
6.798946112394332886e-02
4.939060285687446594e-02
4.801871255040168762e-02
7.427852600812911987e-02
5.401461198925971985e-02
5.914807692170143127e-02
4.029196873307228088e-02
6.101394817233085632e-02
4.251109808683395386e-02
4.870223253965377808e-02
5.961299315094947815e-02
4.529934376478195190e-02
4.505610093474388123e-02
5.557810887694358826e-02
7.116768509149551392e-02
5.935819819569587708e-02
9.199834614992141724e-02
4.759898781776428223e-02
6.925579160451889038e-02
7.431475073099136353e-02
4.259473830461502075e-02
3.957811370491981506e-02
6.169756874442100525e-02
5.625263229012489319e-02
4.547845944762229919e-02
5.742501094937324524e-02
5.452572926878929138e-02
8.662241697311401367e-02
8.398812264204025269e-02
4.271130636334419250e-02
4.118761792778968811e-02
7.268957048654556274e-02
4.559422656893730164e-02
4.291822016239166260e-02
4.281039163470268250e-02
5.866752937436103821e-02
3.908498957753181458e-02
4.569793120026588440e-02
5.111800134181976318e-02
4.054718092083930969e-02
1.072279438376426697e-01
4.285025224089622498e-02
7.495952397584915161e-02
6.561171263456344604e-02
6.429187208414077759e-02
4.449570924043655396e-02
6.106584146618843079e-02
7.086393982172012329e-02
6.132397428154945374e-02
5.142569169402122498e-02
4.800975695252418518e-02
4.538151994347572327e-02
1.125706732273101807e-01
6.168224290013313293e-02
4.237186908721923828e-02
7.075414806604385376e-02
4.273300990462303162e-02
4.915844649076461792e-02
6.045823171734809875e-02
8.134841173887252808e-02
6.533061712980270386e-02
4.028088226914405823e-02
1.152976974844932556e-01
4.207571968436241150e-02
6.826547533273696899e-02
4.083887487649917603e-02
4.911321774125099182e-02
8.886479586362838745e-02
4.005090519785881042e-02
9.123249351978302002e-02
4.137120023369789124e-02
7.447369396686553955e-02
4.180186986923217773e-02
4.984332621097564697e-02
4.211929440498352051e-02
4.500467702746391296e-02
4.827699437737464905e-02
5.644742026925086975e-02
3.947456553578376770e-02
4.133820161223411560e-02
4.863004386425018311e-02
5.399983748793601990e-02
4.316101223230361938e-02
5.657237395644187927e-02
7.294019311666488647e-02
8.009878545999526978e-02
4.606069251894950867e-02
6.903372704982757568e-02
4.072844237089157104e-02
4.156326875090599060e-02
4.709923267364501953e-02
6.449473649263381958e-02
7.929443567991256714e-02
5.907274410128593445e-02
4.335187748074531555e-02
4.206530004739761353e-02
4.267634451389312744e-02
5.002138391137123108e-02
4.024709016084671021e-02
6.248395517468452454e-02
6.491289287805557251e-02
5.624874308705329895e-02
5.550432577729225159e-02
5.973327532410621643e-02
4.919159784913063049e-02
5.354072526097297668e-02
5.312714353203773499e-02
5.557380244135856628e-02
7.621797174215316772e-02
5.000997707247734070e-02
5.158388614654541016e-02
3.912182524800300598e-02
4.675534367561340332e-02
4.405506700277328491e-02
4.602392762899398804e-02
4.625307396054267883e-02
5.635621771216392517e-02
5.693469569087028503e-02
5.402356013655662537e-02
6.800032407045364380e-02
5.908969417214393616e-02
4.691886529326438904e-02
5.336256697773933411e-02
4.741167277097702026e-02
6.030343100428581238e-02
3.862493485212326050e-02
7.850714772939682007e-02
5.134073272347450256e-02
5.840888991951942444e-02
4.912562295794487000e-02
4.061781987547874451e-02
5.147343873977661133e-02
3.861739486455917358e-02
4.874361306428909302e-02
8.379114419221878052e-02
4.039798304438591003e-02
4.598547145724296570e-02
5.315868929028511047e-02
4.146717488765716553e-02
3.902978077530860901e-02
4.490728676319122314e-02
4.181368649005889893e-02
9.716906398534774780e-02
5.148074403405189514e-02
5.050060525536537170e-02
4.139113053679466248e-02
8.940718322992324829e-02
6.866105645895004272e-02
4.388643428683280945e-02
4.173339530825614929e-02
3.844849392771720886e-02
1.019425243139266968e-01
4.531952366232872009e-02
6.244540587067604065e-02
5.222954601049423218e-02
4.700149223208427429e-02
6.133532896637916565e-02
4.303978756070137024e-02
4.701286554336547852e-02
3.801391273736953735e-02
5.054881796240806580e-02
8.791474252939224243e-02
5.928482487797737122e-02
1.028311848640441895e-01
3.710379824042320251e-02
8.982599526643753052e-02
3.933611512184143066e-02
4.382825642824172974e-02
5.673913285136222839e-02
4.771449416875839233e-02
5.580126866698265076e-02
4.897462204098701477e-02
4.436454176902770996e-02
4.962669685482978821e-02
4.886759072542190552e-02
3.978125378489494324e-02
7.928682863712310791e-02
9.170653671026229858e-02
4.569443687796592712e-02
6.827228516340255737e-02
4.150575771927833557e-02
5.592734739184379578e-02
4.133031889796257019e-02
4.555345326662063599e-02
4.443680122494697571e-02
4.978829994797706604e-02
5.615969374775886536e-02
8.674568682909011841e-02
4.865471646189689636e-02
5.704332515597343445e-02
4.430659487843513489e-02
4.526663199067115784e-02
8.197959512472152710e-02
4.672014340758323669e-02
4.519690945744514465e-02
6.191330775618553162e-02
5.439211055636405945e-02
4.351193457841873169e-02
6.521116942167282104e-02
4.405444115400314331e-02
7.942328602075576782e-02
5.738935247063636780e-02
4.848407581448554993e-02
6.327710300683975220e-02
5.001010373234748840e-02
5.775163695216178894e-02
5.389384552836418152e-02
7.496165484189987183e-02
4.511460661888122559e-02
8.737864345312118530e-02
9.982479363679885864e-02
5.331804230809211731e-02
5.493466928601264954e-02
5.230582877993583679e-02
7.355617731809616089e-02
5.524443462491035461e-02
4.385349527001380920e-02
4.616544395685195923e-02
4.845873638987541199e-02
4.414070770144462585e-02
4.421908780932426453e-02
6.050413474440574646e-02
7.605610787868499756e-02
5.404901877045631409e-02
5.150922015309333801e-02
7.217981666326522827e-02
4.615741595625877380e-02
4.999652132391929626e-02
5.605716630816459656e-02
9.804037958383560181e-02
4.273002222180366516e-02
5.316172167658805847e-02
4.458701983094215393e-02
4.176517203450202942e-02
4.096831753849983215e-02
4.011219739913940430e-02
4.887676984071731567e-02
3.781910613179206848e-02
4.944841563701629639e-02
8.980010449886322021e-02
9.165327996015548706e-02
4.059891775250434875e-02
4.798038676381111145e-02
5.604396387934684753e-02
5.634655430912971497e-02
8.421497792005538940e-02
3.904911130666732788e-02
4.201038926839828491e-02
5.050575733184814453e-02
4.568081349134445190e-02
5.296968296170234680e-02
7.221437245607376099e-02
4.489735141396522522e-02
4.383832588791847229e-02
4.712444171309471130e-02
8.326411247253417969e-02
5.311749503016471863e-02
6.656577438116073608e-02
4.713790863752365112e-02
1.070838570594787598e-01
4.240525141358375549e-02
4.441346228122711182e-02
4.623026028275489807e-02
7.183695584535598755e-02
1.230550482869148254e-01
1.191049590706825256e-01
5.274292454123497009e-02
4.140672087669372559e-02
6.165001168847084045e-02
6.788892298936843872e-02
4.153611510992050171e-02
9.686708450317382812e-02
6.043513491749763489e-02
3.830097243189811707e-02
5.268112197518348694e-02
8.255109190940856934e-02
4.792815446853637695e-02
4.812180623412132263e-02
6.110816821455955505e-02
8.254014700651168823e-02
5.311118438839912415e-02
4.775016382336616516e-02
7.130324840545654297e-02
4.482956230640411377e-02
6.032279506325721741e-02
4.543846845626831055e-02
5.091066285967826843e-02
6.257723271846771240e-02
3.892189264297485352e-02
4.604699462652206421e-02
4.177369177341461182e-02
3.827957436442375183e-02
4.325612261891365051e-02
8.720774203538894653e-02
4.913035035133361816e-02
4.540564864873886108e-02
4.865093901753425598e-02
1.100027039647102356e-01
5.918075516819953918e-02
5.537050589919090271e-02
4.494852945208549500e-02
4.938836395740509033e-02
4.141331091523170471e-02
3.881435096263885498e-02
8.215820044279098511e-02
5.540737137198448181e-02
5.445020273327827454e-02
4.680801555514335632e-02
4.421574994921684265e-02
7.157731801271438599e-02
4.879080131649971008e-02
6.159550324082374573e-02
6.467364728450775146e-02
4.132667556405067444e-02
4.829671606421470642e-02
6.470065563917160034e-02
7.046017795801162720e-02
5.833934620022773743e-02
5.334703996777534485e-02
4.230273887515068054e-02
4.553201422095298767e-02
4.500285908579826355e-02
4.695148393511772156e-02
6.374146789312362671e-02
5.446649715304374695e-02
3.954355046153068542e-02
4.224853590130805969e-02
4.161254689097404480e-02
4.740949720144271851e-02
5.347201600670814514e-02
6.778468191623687744e-02
5.089855566620826721e-02
4.681755229830741882e-02
4.263559356331825256e-02
4.069292917847633362e-02
5.924938991665840149e-02
5.570503696799278259e-02
1.038542017340660095e-01
5.429578199982643127e-02
7.732096314430236816e-02
5.380384996533393860e-02
4.440102726221084595e-02
4.625006765127182007e-02
5.233281478285789490e-02
5.347329005599021912e-02
5.363272503018379211e-02
6.367366015911102295e-02
6.855370104312896729e-02
4.650763049721717834e-02
6.886103004217147827e-02
6.410038471221923828e-02
5.361205711960792542e-02
5.723639205098152161e-02
7.970062643289566040e-02
8.086522668600082397e-02
5.650114640593528748e-02
5.063406378030776978e-02
5.093680694699287415e-02
4.666238278150558472e-02
7.256677001714706421e-02
4.467213153839111328e-02
5.850591883063316345e-02
4.482981190085411072e-02
8.613441139459609985e-02
5.133859813213348389e-02
4.528018459677696228e-02
5.051172152161598206e-02
6.576454639434814453e-02
4.122662916779518127e-02
4.035431146621704102e-02
4.836222156882286072e-02
4.733585938811302185e-02
5.796002224087715149e-02
5.003433302044868469e-02
3.866694867610931396e-02
4.251745715737342834e-02
4.322858527302742004e-02
5.268559977412223816e-02
4.336585476994514465e-02
6.162054464221000671e-02
6.318403035402297974e-02
4.354906827211380005e-02
4.938350245356559753e-02
4.189922660589218140e-02
6.150149181485176086e-02
5.172496289014816284e-02
8.410120010375976562e-02
5.045889690518379211e-02
4.105969145894050598e-02
4.546651244163513184e-02
4.213193431496620178e-02
6.486009061336517334e-02
3.870933875441551208e-02
7.268470525741577148e-02
3.925655037164688110e-02
9.233964979648590088e-02
8.398998528718948364e-02
7.934322208166122437e-02
4.914944991469383240e-02
5.317756161093711853e-02
4.127804189920425415e-02
4.454197362065315247e-02
4.031022638082504272e-02
1.203095391392707825e-01
3.962210565805435181e-02
6.743074953556060791e-02
4.105638712644577026e-02
5.096719786524772644e-02
3.920678049325942993e-02
7.014992088079452515e-02
4.421189799904823303e-02
3.907925635576248169e-02
4.020297154784202576e-02
4.088317602872848511e-02
6.800990551710128784e-02
4.885890707373619080e-02
4.073611646890640259e-02
3.993973881006240845e-02
6.334488838911056519e-02
4.620193317532539368e-02
3.865799680352210999e-02
5.548167601227760315e-02
4.645102843642234802e-02
5.686054006218910217e-02
4.202635958790779114e-02
