9.114304557442665100e-04
-4.486236721277236938e-04
-5.659582093358039856e-03
-2.656772732734680176e-03
-6.054090335965156555e-04
8.344911038875579834e-04
-1.755110453814268112e-03
3.496468998491764069e-03
9.642795193940401077e-04
2.506714663468301296e-04
4.324637120589613914e-04
-1.437628176063299179e-03
-4.772637039422988892e-03
-2.495385706424713135e-05
9.617023169994354248e-04
2.166890073567628860e-03
-1.045569777488708496e-03
-2.589934971183538437e-03
7.561989128589630127e-03
-4.780633375048637390e-03
-4.632598720490932465e-04
-1.091035082936286926e-04
1.164851617068052292e-02
7.187612354755401611e-04
7.952647283673286438e-04
2.266746014356613159e-05
-6.387499626725912094e-03
1.229751796927303076e-04
-1.125860959291458130e-03
1.254653744399547577e-02
1.203904300928115845e-02
-2.533039078116416931e-04
-1.275116577744483948e-03
-7.960302755236625671e-04
-4.577066283673048019e-03
1.363002695143222809e-03
9.299311786890029907e-04
-2.529603894799947739e-03
5.069795064628124237e-03
-1.738626509904861450e-03
-2.665283158421516418e-03
-5.004843696951866150e-04
5.224743857979774475e-03
-2.969528548419475555e-03
-3.037438727915287018e-04
3.135050646960735321e-03
-7.226765155792236328e-04
1.369785168208181858e-04
-2.089397981762886047e-03
5.517444573342800140e-03
-3.126119729131460190e-03
2.473810687661170959e-03
9.658123599365353584e-05
3.543360158801078796e-03
-4.388347268104553223e-03
-8.636841550469398499e-03
-5.021836142987012863e-03
-6.486130878329277039e-04
-9.589632973074913025e-04
-1.130580436438322067e-03
1.669913530349731445e-03
8.818190544843673706e-04
-1.744783949106931686e-03
-3.904287703335285187e-03
-1.019169576466083527e-03
8.788909763097763062e-04
3.487686160951852798e-03
9.268783032894134521e-04
-6.681308150291442871e-04
-1.952281221747398376e-03
-5.022831726819276810e-03
-2.729101106524467468e-03
1.543201506137847900e-03
-9.849928319454193115e-04
-3.737173974514007568e-03
-2.031638519838452339e-03
-1.208068337291479111e-03
-1.456613093614578247e-02
4.694485105574131012e-03
-4.648077301681041718e-04
-1.346324943006038666e-02
2.249375917017459869e-03
-1.095088198781013489e-03
-5.941358394920825958e-04
-2.225347794592380524e-03
-1.379996538162231445e-04
-6.994437426328659058e-04
-1.219641882926225662e-03
-1.182197686284780502e-02
-6.001069676131010056e-03
-3.081783652305603027e-03
3.971415571868419647e-03
-8.179601281881332397e-04
-3.790287300944328308e-03
7.854895666241645813e-03
1.052794046700000763e-03
-2.697613090276718140e-04
-1.543193124234676361e-03
-1.000401563942432404e-03
6.614709272980690002e-04
2.717055613175034523e-04
-1.116913743317127228e-03
-1.542375423014163971e-03
1.123282127082347870e-03
-1.243033446371555328e-03
5.740791559219360352e-03
-8.906353265047073364e-03
-1.658984459936618805e-03
-1.214495860040187836e-03
3.691947087645530701e-03
1.120508648455142975e-03
-1.475033164024353027e-02
-3.271426074206829071e-03
-1.366111356765031815e-02
9.564909152686595917e-03
-6.171492859721183777e-04
-2.045874483883380890e-03
1.046625338494777679e-02
1.952998340129852295e-03
-3.083765506744384766e-03
3.523365594446659088e-04
1.606573350727558136e-03
-3.840476274490356445e-03
-1.281630247831344604e-03
1.117322593927383423e-03
1.360159367322921753e-04
-1.199365593492984772e-02
-1.573501154780387878e-03
5.829937756061553955e-03
2.790788188576698303e-03
3.818894911091774702e-04
-5.094167310744524002e-03
2.811325248330831528e-04
8.972138166427612305e-04
-9.918133728206157684e-04
-4.064975306391716003e-03
-1.236471347510814667e-03
-4.618074744939804077e-04
-6.062502972781658173e-03
7.833303883671760559e-03
-6.930593401193618774e-03
-1.315614022314548492e-02
4.228099714964628220e-04
-2.990239299833774567e-03
-4.599215462803840637e-03
-3.427316434681415558e-03
-8.306549862027168274e-04
-1.317274291068315506e-03
1.028008852154016495e-02
-6.108894012868404388e-04
1.564769772812724113e-04
3.046381752938032150e-04
5.105556920170783997e-04
2.308748662471771240e-04
4.187133163213729858e-04
8.937846869230270386e-04
7.999399676918983459e-04
8.882731199264526367e-04
-1.597771886736154556e-03
-1.161720603704452515e-03
-1.383167039602994919e-02
3.410494886338710785e-03
2.062292303889989853e-03
-3.765888512134552002e-03
-1.114843692630529404e-02
-7.178745232522487640e-03
-1.956382300704717636e-03
2.388091757893562317e-03
-3.369511105120182037e-04
9.244317188858985901e-04
-2.947608008980751038e-04
-4.726055543869733810e-03
1.065554562956094742e-03
-1.504749804735183716e-02
-1.468006987124681473e-03
-8.994867093861103058e-04
-1.832650974392890930e-03
9.255203418433666229e-03
4.778336733579635620e-04
-6.617702543735504150e-03
4.008197225630283356e-03
-1.539778895676136017e-04
1.233648508787155151e-03
-4.494860768318176270e-04
-8.425517007708549500e-04
-1.161640509963035583e-03
-2.630764618515968323e-03
-1.434090081602334976e-04
1.103571616113185883e-03
-4.729842767119407654e-03
-1.905206590890884399e-04
4.344098269939422607e-04
1.241606660187244415e-03
2.479281276464462280e-03
-1.674456987529993057e-03
-2.708292566239833832e-03
-5.845544859766960144e-03
5.876820068806409836e-04
-1.438336446881294250e-03
-9.673745371401309967e-04
1.009585615247488022e-02
-8.380180224776268005e-04
7.991357706487178802e-04
3.819926641881465912e-04
-4.674928262829780579e-03
8.762736106291413307e-04
-4.131517373025417328e-03
5.843654274940490723e-03
-6.722547113895416260e-04
-1.837266795337200165e-02
-1.692962832748889923e-04
-9.615160524845123291e-04
-8.254335261881351471e-05
-5.199965089559555054e-04
-3.656955901533365250e-03
1.224604900926351547e-03
1.732565462589263916e-03
-7.425574585795402527e-04
-1.284962520003318787e-02
-4.300348460674285889e-03
-1.460389792919158936e-02
-2.696899231523275375e-03
-8.097114041447639465e-03
1.307101920247077942e-03
1.920857466757297516e-03
1.320384442806243896e-03
-5.533205345273017883e-03
-1.245743595063686371e-03
3.064380958676338196e-03
-6.181452888995409012e-03
-1.189522445201873779e-03
1.303997822105884552e-03
-7.883068174123764038e-04
4.927236586809158325e-03
2.035517245531082153e-03
-3.426632611081004143e-03
1.344528980553150177e-03
-4.085525870323181152e-04
-3.626504912972450256e-03
-1.039228215813636780e-02
-1.469940412789583206e-03
-2.808482386171817780e-04
-1.746352761983871460e-03
-2.392147202044725418e-03
-1.242814119905233383e-03
9.177532047033309937e-04
-7.024500519037246704e-04
-9.579137898981571198e-03
8.880889974534511566e-03
-3.554104827344417572e-03
-9.808572009205818176e-03
4.382572136819362640e-03
-1.237711869180202484e-03
-4.733263980597257614e-03
-9.102858603000640869e-04
-1.979851163923740387e-03
2.238186076283454895e-03
4.281884990632534027e-03
-2.419944386929273605e-03
2.340491861104965210e-03
-1.198135502636432648e-02
-1.014536246657371521e-03
5.692441482096910477e-05
1.206915359944105148e-02
-8.056891150772571564e-03
-1.915011554956436157e-03
-2.938336692750453949e-04
-7.610572502017021179e-04
1.644113101065158844e-03
7.779535837471485138e-03
-1.724587753415107727e-03
-3.280448727309703827e-03
-4.159914329648017883e-03
-9.395107626914978027e-04
-1.026295125484466553e-03
-2.380068413913249969e-03
3.841262659989297390e-04
-8.623511530458927155e-04
-7.376309949904680252e-03
-1.056404784321784973e-03
2.596724778413772583e-03
-3.308839164674282074e-03
-8.119506761431694031e-03
5.995719693601131439e-04
-8.121966384351253510e-04
7.849577814340591431e-04
-2.683354541659355164e-04
8.000843226909637451e-04
-8.955821394920349121e-04
-3.732209093868732452e-03
-1.216225326061248779e-03
1.363898627460002899e-03
3.612285479903221130e-03
3.744368441402912140e-03
-3.380049020051956177e-05
-3.035333007574081421e-03
1.453511882573366165e-03
-9.874882176518440247e-03
-7.261446677148342133e-03
-1.126367412507534027e-02
3.762496635317802429e-04
-1.707632094621658325e-03
4.238041117787361145e-03
-4.243282601237297058e-04
-9.525055065751075745e-04
1.338716037571430206e-02
-1.132867299020290375e-03
-6.364812143146991730e-04
-6.825403776019811630e-03
2.833798062056303024e-04
-3.274017013609409332e-03
-2.746309619396924973e-03
-8.251322433352470398e-04
-1.837437972426414490e-02
-1.580328121781349182e-02
-1.833037473261356354e-02
-2.784579992294311523e-04
-3.521345555782318115e-03
-9.455285966396331787e-03
-1.303101424127817154e-03
7.842788472771644592e-04
-7.534297183156013489e-04
-1.107212156057357788e-03
6.547430530190467834e-06
-6.470831111073493958e-03
4.663909785449504852e-04
-6.019053980708122253e-04
-4.893345758318901062e-04
5.474752746522426605e-03
-1.066002063453197479e-03
2.785709220916032791e-04
2.033118158578872681e-03
-3.176588565111160278e-03
2.815356710925698280e-04
1.204932108521461487e-03
-9.159137494862079620e-03
5.820172373205423355e-05
-1.125424634665250778e-03
9.410073980689048767e-04
-3.622222691774368286e-03
7.117268629372119904e-03
6.119583849795162678e-04
-9.242140222340822220e-04
-6.919195875525474548e-04
3.789596259593963623e-03
9.911824017763137817e-04
1.918630674481391907e-03
-1.242367550730705261e-03
8.558228611946105957e-03
-9.533469565212726593e-04
-1.010061241686344147e-02
8.095526136457920074e-04
-1.700817141681909561e-03
2.829170553013682365e-04
-4.679414909332990646e-03
2.279430627822875977e-04
-1.760243438184261322e-03
-1.020533032715320587e-03
1.556418836116790771e-03
-3.369177225977182388e-03
3.333874046802520752e-03
1.386378705501556396e-02
-3.115011379122734070e-03
-3.662715200334787369e-03
-1.064217649400234222e-03
-2.927456051111221313e-03
3.098030574619770050e-04
1.048560999333858490e-02
-2.374948468059301376e-03
7.791302632540464401e-04
1.082094386219978333e-03
-4.036617465317249298e-03
-3.918716683983802795e-04
-5.240328609943389893e-04
-5.730129778385162354e-04
-2.507772296667098999e-03
-1.285741105675697327e-03
-1.518852077424526215e-03
1.041596010327339172e-02
-1.868857070803642273e-03
-4.699172452092170715e-03
7.483405061066150665e-03
1.876207999885082245e-03
-1.317647285759449005e-03
-7.257611490786075592e-03
-5.553334951400756836e-03
-4.028528928756713867e-03
8.576060645282268524e-04
6.855577230453491211e-04
-2.615386620163917542e-04
-1.294997520744800568e-03
9.643267840147018433e-04
-1.167846471071243286e-02
4.117194563150405884e-03
-5.723504349589347839e-03
-2.053597941994667053e-03
1.006939262151718140e-02
-5.306201055645942688e-04
5.533788353204727173e-03
-4.636864177882671356e-04
-6.389580667018890381e-04
-4.560928791761398315e-04
1.218962483108043671e-03
-1.156900543719530106e-03
-8.548041805624961853e-04
-7.544439285993576050e-04
1.525148749351501465e-03
1.717493869364261627e-03
-2.066929824650287628e-03
4.240510053932666779e-03
-3.231784794479608536e-03
-2.471613232046365738e-03
-1.425877679139375687e-03
-4.723602905869483948e-03
1.289151608943939209e-03
-4.941760562360286713e-04
-1.316138543188571930e-03
-4.780134186148643494e-04
-5.660736933350563049e-04
-2.742931246757507324e-05
2.424647100269794464e-03
2.929117530584335327e-03
-5.434108898043632507e-04
-6.422763690352439880e-04
1.821155659854412079e-03
-2.257586456835269928e-04
-3.275466151535511017e-03
-3.979173488914966583e-04
-1.561430282890796661e-03
6.680593825876712799e-03
3.046814352273941040e-03
-5.281614605337381363e-03
-4.660647362470626831e-03
-2.471621148288249969e-03
-1.079795416444540024e-03
-1.005485653877258301e-03
1.115992054110392928e-04
-8.129468187689781189e-04
-9.630940854549407959e-03
3.444202244281768799e-03
-1.094108913093805313e-03
-1.748993061482906342e-03
6.616855971515178680e-04
-4.822928458452224731e-04
-5.315868183970451355e-03
-8.992541581392288208e-03
1.213842770084738731e-04
-1.797899603843688965e-03
-1.915541477501392365e-03
1.043657190166413784e-03
1.462977379560470581e-03
-4.464958328753709793e-03
2.109073102474212646e-05
2.689724788069725037e-03
-9.614368900656700134e-04
3.574977163225412369e-04
-3.637718036770820618e-04
1.980362460017204285e-03
7.735828869044780731e-03
1.293885754421353340e-03
3.127061761915683746e-03
-4.204705357551574707e-03
-1.304664649069309235e-03
-9.747219271957874298e-03
-4.461219999939203262e-03
-6.064844783395528793e-03
-1.274261623620986938e-03
1.057846529874950647e-04
2.069629728794097900e-03
-6.985859945416450500e-04
6.227953359484672546e-03
-9.619782678782939911e-03
-1.907102763652801514e-03
2.291964367032051086e-03
3.625564277172088623e-04
6.258077919483184814e-04
-6.841179449111223221e-03
-8.848331868648529053e-03
3.484055865556001663e-03
7.606809958815574646e-05
-2.187044359743595123e-03
4.287870600819587708e-03
-4.929117858409881592e-03
-9.315987117588520050e-03
2.879105450119823217e-04
-1.231044530868530273e-03
1.016709953546524048e-03
5.601872690021991730e-04
7.985075935721397400e-04
8.685830980539321899e-04
-7.954607717692852020e-04
1.206627493957057595e-04
-1.639237627387046814e-03
9.336466901004314423e-03
7.126490818336606026e-04
-1.262492965906858444e-03
-1.335988752543926239e-02
-3.946206066757440567e-03
-4.842141177505254745e-03
-6.425017490983009338e-04
-1.141601707786321640e-03
-8.849745616316795349e-03
1.812937203794717789e-03
-2.590888179838657379e-04
-6.440877448767423630e-03
1.414609141647815704e-05
-5.070223473012447357e-03
3.039967268705368042e-03
1.392350066453218460e-03
-1.824980974197387695e-02
4.093628376722335815e-05
-5.518849939107894897e-04
-1.020441763103008270e-03
-4.960837308317422867e-03
-7.489752955734729767e-03
-2.484397962689399719e-03
1.072383020073175430e-04
3.355369903147220612e-03
-7.514068856835365295e-04
6.497555878013372421e-04
-7.426552474498748779e-04
1.817632466554641724e-03
-4.270812496542930603e-04
-2.610217779874801636e-05
5.063840653747320175e-04
-1.201830804347991943e-03
1.292797178030014038e-02
3.305533900856971741e-03
9.837271645665168762e-03
-1.033097505569458008e-03
-4.117069765925407410e-04
2.817928791046142578e-03
-5.504088476300239563e-04
-1.490972936153411865e-02
5.967398174107074738e-04
-2.716838847845792770e-03
-7.119821384549140930e-04
-6.206342950463294983e-03
-6.317259743809700012e-03
-3.878592513501644135e-03
8.148089051246643066e-03
1.068631187081336975e-03
-5.697537213563919067e-03
1.910687424242496490e-03
-3.636876121163368225e-03
-1.299162395298480988e-03
-4.984804894775152206e-03
-1.011514756828546524e-02
-4.380471073091030121e-03
-1.343462150543928146e-03
3.161538392305374146e-03
9.191437857225537300e-05
1.465005800127983093e-03
-7.153283804655075073e-04
-2.594711259007453918e-03
-8.777584880590438843e-03
-7.160372566431760788e-03
1.103368587791919708e-02
4.945511929690837860e-03
-6.834244821220636368e-03
-3.617345355451107025e-04
-2.813132014125585556e-03
1.804649364203214645e-04
7.365547120571136475e-03
-1.746516674757003784e-03
-1.349919941276311874e-03
-3.197498153895139694e-03
-2.042531967163085938e-03
2.802976872771978378e-03
2.394780516624450684e-03
1.139530912041664124e-03
1.126300194300711155e-04
-9.466869756579399109e-03
-4.576565697789192200e-05
-3.691837657243013382e-03
2.008491195738315582e-03
-2.062839921563863754e-03
-1.888519618660211563e-03
1.306937076151371002e-03
-8.235163986682891846e-03
2.187057398259639740e-03
-2.553364727646112442e-03
-1.291166990995407104e-03
2.819796092808246613e-03
-5.472482182085514069e-03
-5.759792402386665344e-04
7.572229951620101929e-04
-9.193648584187030792e-03
2.467748709022998810e-03
5.141939036548137665e-04
-3.602592274546623230e-03
3.320503979921340942e-03
-1.662487909197807312e-02
2.180254086852073669e-03
-5.070436745882034302e-04
1.886119134724140167e-04
4.892093129456043243e-04
-5.102725699543952942e-04
-1.648887991905212402e-04
-1.008030958473682404e-03
-4.505709744989871979e-03
-8.775414898991584778e-04
-1.951541285961866379e-03
1.089016906917095184e-03
7.318863645195960999e-04
-5.208002403378486633e-03
9.232858428731560707e-05
1.663855742663145065e-03
-2.171612344682216644e-03
-4.909130278974771500e-03
9.630601853132247925e-04
-1.646787859499454498e-03
-9.456805884838104248e-03
1.780668273568153381e-03
-3.464591223746538162e-03
-2.025775611400604248e-04
-2.241182606667280197e-03
7.602522615343332291e-03
-7.079332135617733002e-03
1.799049787223339081e-04
-1.136486604809761047e-02
-1.065218821167945862e-03
3.239158540964126587e-03
-6.574185565114021301e-03
7.510866969823837280e-03
-2.549712546169757843e-03
8.311253041028976440e-04
-3.050170140340924263e-03
9.984141215682029724e-04
-1.113984640687704086e-02
5.037817172706127167e-04
-1.873262226581573486e-03
1.095671392977237701e-02
-6.493423134088516235e-04
1.273110695183277130e-02
-1.431168522685766220e-03
-2.193741034716367722e-03
9.537944570183753967e-04
-4.493182059377431870e-03
1.005670055747032166e-03
-2.079245634377002716e-03
1.461416482925415039e-03
-6.838271394371986389e-03
-8.913865312933921814e-04
-1.416135113686323166e-03
2.084920182824134827e-03
6.475157570093870163e-04
-1.645860727876424789e-03
-8.785901591181755066e-04
-6.242621224373579025e-03
3.012234345078468323e-03
1.421470195055007935e-03
5.753362551331520081e-03
6.015226244926452637e-04
-9.130677208304405212e-04
1.974973827600479126e-03
-1.080023590475320816e-03
-8.998790755867958069e-03
2.370855771005153656e-03
1.136429607868194580e-03
-6.259595975279808044e-04
1.163117587566375732e-03
-2.737047616392374039e-03
-1.222122460603713989e-03
-7.676252629607915878e-03
-6.535548716783523560e-03
-1.308866776525974274e-03
-5.118064582347869873e-03
-5.438433028757572174e-03
5.589039064943790436e-04
2.054695971310138702e-03
-1.795156858861446381e-04
-4.208175465464591980e-03
-3.826706670224666595e-03
1.360519789159297943e-03
-4.528753925114870071e-03
-1.044983975589275360e-03
-1.446215435862541199e-03
-5.266284570097923279e-04
-3.379794303327798843e-03
-8.269678801298141479e-04
3.090616315603256226e-03
4.095712676644325256e-03
5.686704535037279129e-04
1.978479791432619095e-03
-7.702460978180170059e-03
1.384822651743888855e-03
-3.395736683160066605e-03
-3.331054467707872391e-03
-2.570425160229206085e-03
-9.849569760262966156e-04
4.521979950368404388e-03
-5.252291448414325714e-04
2.756190486252307892e-03
1.856461167335510254e-03
-9.586447849869728088e-04
2.076212316751480103e-03
-1.171710435301065445e-03
-8.965414017438888550e-04
1.092111412435770035e-02
-1.226360909640789032e-03
-2.176878042519092560e-03
-4.639575257897377014e-03
-1.502632163465023041e-03
-1.208020374178886414e-03
-3.049425315111875534e-03
-1.332262530922889709e-03
1.147307734936475754e-02
4.434781149029731750e-04
-1.358713023364543915e-03
-1.395633444190025330e-04
-6.128028035163879395e-03
-5.277694202959537506e-03
-2.331894822418689728e-03
-2.082451246678829193e-04
2.275090664625167847e-04
-3.657360095530748367e-03
-1.101203262805938721e-03
-1.016447320580482483e-02
-3.666929434984922409e-03
8.457899093627929688e-04
-4.272395744919776917e-03
-1.510618254542350769e-03
-1.221236772835254669e-03
-8.729542605578899384e-04
-5.731424316763877869e-04
1.209613215178251266e-02
-6.119854748249053955e-03
-3.913891850970685482e-04
-8.476325310766696930e-04
5.597895942628383636e-03
-1.137136481702327728e-03
-1.664173789322376251e-03
-6.417097058147192001e-03
-6.749471649527549744e-04
-3.626110963523387909e-03
-7.187314331531524658e-04
1.042716205120086670e-03
9.990567341446876526e-04
-2.678638789802789688e-03
-1.333327032625675201e-03
3.908423706889152527e-03
1.205941382795572281e-02
-3.278064541518688202e-04
6.926414556801319122e-03
-1.407104078680276871e-03
-1.119412481784820557e-04
-2.829004079103469849e-04
1.038483344018459320e-03
-1.824580598622560501e-03
-1.279054209589958191e-03
-5.998589098453521729e-03
7.546907290816307068e-03
-2.143190242350101471e-03
-3.776350058615207672e-03
1.760620623826980591e-03
-2.569634933024644852e-03
-4.978678189218044281e-03
3.245044499635696411e-04
-8.589494973421096802e-05
7.142940885387361050e-04
-4.017690196633338928e-03
4.065250977873802185e-04
2.678544260561466217e-03
-2.275377046316862106e-03
-1.078087184578180313e-02
-5.298422649502754211e-03
5.953391082584857941e-04
1.127360621467232704e-03
-1.795920543372631073e-04
1.384593546390533447e-03
4.057250916957855225e-03
-7.025187369436025620e-03
1.249973662197589874e-03
1.172471698373556137e-02
1.432568673044443130e-02
-1.160741783678531647e-03
6.996903102844953537e-04
4.046353278681635857e-04
-1.484442315995693207e-02
-1.220203936100006104e-03
-1.840466633439064026e-03
-2.646168228238821030e-03
-1.138933002948760986e-03
-1.846303697675466537e-03
-2.571252640336751938e-03
-3.890274092555046082e-05
-8.305217139422893524e-03
-3.145840018987655640e-03
-1.185403205454349518e-03
-7.981391623616218567e-03
-1.831139437854290009e-03
-2.429545857012271881e-04
-1.539438962936401367e-03
7.967603392899036407e-03
1.010573469102382660e-03
-2.742256037890911102e-05
2.053910866379737854e-03
3.840369172394275665e-04
-1.450153067708015442e-03
4.773801192641258240e-04
2.416934818029403687e-03
-1.003351062536239624e-03
2.132559195160865784e-03
-5.762476939707994461e-03
-8.388480171561241150e-03
-1.415416598320007324e-03
-9.567793458700180054e-04
1.854748465120792389e-03
-4.975857213139533997e-03
-1.348029728978872299e-02
-1.048019155859947205e-03
-1.464020460844039917e-03
-6.225388497114181519e-04
-3.694216720759868622e-04
3.448536619544029236e-03
8.078522980213165283e-03
-9.852228686213493347e-04
-1.759844366461038589e-03
-6.541172042489051819e-04
-3.408754710108041763e-03
1.681438647210597992e-03
-3.371012397110462189e-03
-2.448772080242633820e-03
5.622089374810457230e-03
-9.576128795742988586e-04
1.700920984148979187e-03
7.358688162639737129e-05
8.578442037105560303e-03
3.700721776112914085e-03
-8.712703362107276917e-03
-2.571623772382736206e-03
-2.213893458247184753e-05
4.474673420190811157e-03
-1.560768578201532364e-03
8.889604359865188599e-04
8.672460913658142090e-03
1.139005180448293686e-03
-9.688357822597026825e-04
1.263529993593692780e-03
-4.372656345367431641e-03
-4.571215249598026276e-04
-1.446841284632682800e-03
-4.377353936433792114e-03
-7.585769984871149063e-03
6.001095753163099289e-04
-2.602472901344299316e-03
3.112718462944030762e-03
-6.677582859992980957e-04
-5.949316080659627914e-03
5.720527842640876770e-04
2.359546720981597900e-03
-1.634566113352775574e-03
-1.219026744365692139e-03
1.123960129916667938e-03
-7.813740521669387817e-04
-1.175181474536657333e-03
1.026797108352184296e-03
1.104654371738433838e-02
1.418941654264926910e-03
1.379034481942653656e-03
-2.455342561006546021e-03
-9.673357941210269928e-03
-2.234266139566898346e-03
4.071907140314579010e-03
1.042971387505531311e-03
-2.872114535421133041e-03
-1.456366851925849915e-03
-9.691296145319938660e-04
9.008476510643959045e-03
-1.020249910652637482e-03
2.153730951249599457e-03
-2.542790025472640991e-04
-2.832687459886074066e-05
-1.140672340989112854e-02
-2.425240818411111832e-03
-7.399967871606349945e-04
3.017419017851352692e-03
-1.065369695425033569e-03
-1.287253573536872864e-03
-1.161196827888488770e-02
2.752993023023009300e-04
-7.984813302755355835e-03
2.735959365963935852e-03
-1.345390453934669495e-03
-5.663651973009109497e-04
-1.726831309497356415e-03
1.678656786680221558e-03
-6.770547945052385330e-03
1.388584263622760773e-03
-6.944881752133369446e-04
-2.253761515021324158e-03
9.288238361477851868e-04
-1.949409954249858856e-03
-5.008760839700698853e-03
2.219626680016517639e-03
-9.781215339899063110e-04
-1.479715574532747269e-04
-1.622978132218122482e-03
9.718281216919422150e-05
-5.147117190062999725e-05
1.153036952018737793e-03
-1.711715571582317352e-02
-1.142418943345546722e-03
2.499737776815891266e-03
1.029299572110176086e-03
-6.188349798321723938e-04
1.624395139515399933e-03
-3.252082504332065582e-03
-9.911218658089637756e-04
3.160091117024421692e-03
4.572934471070766449e-03
4.699298180639743805e-03
6.921696476638317108e-04
4.553305916488170624e-03
-1.049310248345136642e-02
-5.821975879371166229e-03
-3.692724741995334625e-03
6.149833090603351593e-03
-1.043083705008029938e-02
-5.957099609076976776e-03
3.001004457473754883e-03
1.856638118624687195e-03
4.473500885069370270e-04
-6.414518691599369049e-03
-7.584979757666587830e-04
3.466581925749778748e-03
1.527711749076843262e-03
-1.504988688975572586e-02
-1.355377025902271271e-03
-2.921690698713064194e-03
-2.089209854602813721e-03
-1.078613102436065674e-02
-1.351673621684312820e-03
-1.865988597273826599e-04
-2.506413497030735016e-03
2.822775859385728836e-04
-3.856681287288665771e-04
3.285422921180725098e-03
-9.346203878521919250e-04
-1.488676294684410095e-03
1.677615800872445107e-04
-8.678715676069259644e-04
-2.533854451030492783e-03
5.232411436736583710e-03
-1.176125090569257736e-02
3.577640745788812637e-04
-3.881646785885095596e-03
-7.103011012077331543e-04
1.602356322109699249e-03
1.942431554198265076e-03
6.236700341105461121e-03
-6.710477173328399658e-04
-7.136026397347450256e-05
-9.792493656277656555e-04
-7.967883720993995667e-05
5.079397931694984436e-03
-1.116970553994178772e-03
7.130781887099146843e-04
4.374254494905471802e-04
1.288655214011669159e-02
8.574860170483589172e-03
1.003037951886653900e-02
-5.575804971158504486e-04
1.289685023948550224e-04
1.270652865059673786e-04
-2.146221231669187546e-03
-6.945962086319923401e-04
7.990375161170959473e-03
5.844924598932266235e-04
7.573332637548446655e-03
4.617823287844657898e-05
-9.147161617875099182e-04
5.490463227033615112e-04
5.328123457729816437e-03
1.452986150979995728e-03
7.525486871600151062e-04
7.874788716435432434e-04
-1.060372218489646912e-03
-4.053456708788871765e-03
1.574314199388027191e-03
5.856435745954513550e-05
-1.083826646208763123e-03
2.544017042964696884e-04
-1.372073777019977570e-03
3.519859164953231812e-04
-9.243367239832878113e-04
-1.155997626483440399e-03
-3.802711144089698792e-04
-1.682605594396591187e-03
