4.169452562928199768e-02
4.719797149300575256e-02
5.739973857998847961e-02
5.002680793404579163e-02
4.643021151423454285e-02
4.421334341168403625e-02
4.333448037505149841e-02
6.378375738859176636e-02
5.939702317118644714e-02
5.232601612806320190e-02
6.101538613438606262e-02
6.526523828506469727e-02
7.920502871274948120e-02
4.219727218151092529e-02
4.203891754150390625e-02
7.043599337339401245e-02
5.087208375334739685e-02
4.894198849797248840e-02
6.896969676017761230e-02
7.001077383756637573e-02
4.845486208796501160e-02
4.183093085885047913e-02
9.564355760812759399e-02
4.064368456602096558e-02
4.099358618259429932e-02
4.998337477445602417e-02
5.542569234967231750e-02
4.858827590942382812e-02
4.994381964206695557e-02
9.094584733247756958e-02
9.228205680847167969e-02
5.320439115166664124e-02
4.032915458083152771e-02
4.445101693272590637e-02
4.983530938625335693e-02
4.821237921714782715e-02
4.175963252782821655e-02
4.774076491594314575e-02
7.422231137752532959e-02
5.194367840886116028e-02
5.642332509160041809e-02
4.063489660620689392e-02
8.584766089916229248e-02
5.732229724526405334e-02
4.993215203285217285e-02
7.440211623907089233e-02
4.051618650555610657e-02
4.376167431473731995e-02
5.997416004538536072e-02
6.330914050340652466e-02
1.017533615231513977e-01
4.645931720733642578e-02
4.376992210745811462e-02
5.221728980541229248e-02
7.345301657915115356e-02
7.463750243186950684e-02
6.675842404365539551e-02
5.212226137518882751e-02
3.886328265070915222e-02
3.954065963625907898e-02
5.093278363347053528e-02
4.165040701627731323e-02
4.272022470831871033e-02
6.660645455121994019e-02
3.915342316031455994e-02
5.381839349865913391e-02
9.187673777341842651e-02
4.168622195720672607e-02
4.415040835738182068e-02
4.436833783984184265e-02
5.498551204800605774e-02
5.772547796368598938e-02
4.313978925347328186e-02
4.009743407368659973e-02
8.378496766090393066e-02
8.480919152498245239e-02
3.920226544141769409e-02
7.536385208368301392e-02
6.584743410348892212e-02
5.505739524960517883e-02
7.550469040870666504e-02
5.170843750238418579e-02
4.574333503842353821e-02
6.241422519087791443e-02
4.380530491471290588e-02
4.254507645964622498e-02
4.316354915499687195e-02
3.970700874924659729e-02
8.282224833965301514e-02
7.729481905698776245e-02
5.710833892226219177e-02
5.375716090202331543e-02
4.215322062373161316e-02
4.871734604239463806e-02
8.020936697721481323e-02
5.932569876313209534e-02
4.510867968201637268e-02
5.422894284129142761e-02
4.928570613265037537e-02
4.976540431380271912e-02
6.566303968429565430e-02
4.134850949048995972e-02
5.534208938479423523e-02
4.536274448037147522e-02
4.337529838085174561e-02
8.066834509372711182e-02
6.514692306518554688e-02
4.426086321473121643e-02
4.118354991078376770e-02
5.457044765353202820e-02
4.357268288731575012e-02
7.903957366943359375e-02
6.542915105819702148e-02
8.226735144853591919e-02
7.656649500131607056e-02
4.103157296776771545e-02
4.256713762879371643e-02
9.153828024864196777e-02
5.686962231993675232e-02
4.932303354144096375e-02
4.169927537441253662e-02
5.104862153530120850e-02
5.866773799061775208e-02
7.872407138347625732e-02
4.479222744703292847e-02
4.081230983138084412e-02
9.825872629880905151e-02
4.508183896541595459e-02
6.170108541846275330e-02
8.435932546854019165e-02
5.724731460213661194e-02
5.781250819563865662e-02
4.923212155699729919e-02
4.318118840456008911e-02
3.835043683648109436e-02
6.412786990404129028e-02
3.955496102571487427e-02
4.603228345513343811e-02
7.353849709033966064e-02
7.431190460920333862e-02
1.050290837883949280e-01
7.086191326379776001e-02
4.609334468841552734e-02
5.582264438271522522e-02
7.034244388341903687e-02
8.779609203338623047e-02
5.592368170619010925e-02
4.098842665553092957e-02
9.227190166711807251e-02
5.398967489600181580e-02
5.618464574217796326e-02
4.614476114511489868e-02
3.975433856248855591e-02
6.248779222369194031e-02
3.948015347123146057e-02
4.885584861040115356e-02
4.377577453851699829e-02
4.152558743953704834e-02
4.221495613455772400e-02
4.566356912255287170e-02
7.397415488958358765e-02
6.614636629819869995e-02
7.293827831745147705e-02
6.468191742897033691e-02
6.567405909299850464e-02
1.184670552611351013e-01
4.450651258230209351e-02
4.663112014532089233e-02
5.229757353663444519e-02
4.625114426016807556e-02
5.068586766719818115e-02
5.990015342831611633e-02
5.683353915810585022e-02
8.220396190881729126e-02
4.181541129946708679e-02
3.821654245257377625e-02
4.509716853499412537e-02
7.536216825246810913e-02
4.198344796895980835e-02
6.383376568555831909e-02
6.738640367984771729e-02
4.333278909325599670e-02
4.251276329159736633e-02
4.129752516746520996e-02
4.388618841767311096e-02
3.938513249158859253e-02
4.701165109872817993e-02
1.207993999123573303e-01
5.360803008079528809e-02
6.744832545518875122e-02
4.925239831209182739e-02
4.785129800438880920e-02
4.570904746651649475e-02
5.120722949504852295e-02
8.494026213884353638e-02
5.500767752528190613e-02
5.119285359978675842e-02
5.961741134524345398e-02
5.433433130383491516e-02
3.961052373051643372e-02
8.005666732788085938e-02
4.439325630664825439e-02
4.966209456324577332e-02
4.411050304770469666e-02
4.918115213513374329e-02
7.131695002317428589e-02
4.675924405455589294e-02
7.628460973501205444e-02
4.000340402126312256e-02
9.389737993478775024e-02
6.249481812119483948e-02
5.475613847374916077e-02
4.334948956966400146e-02
4.153262451291084290e-02
8.039967715740203857e-02
5.667160078883171082e-02
5.081248655915260315e-02
5.118589475750923157e-02
7.019742578268051147e-02
5.693312361836433411e-02
7.800167053937911987e-02
4.663510620594024658e-02
8.152044564485549927e-02
4.906246811151504517e-02
5.964503809809684753e-02
4.233257099986076355e-02
7.811074703931808472e-02
4.041819274425506592e-02
5.338551476597785950e-02
6.966934353113174438e-02
3.911745920777320862e-02
4.552889987826347351e-02
4.073648527264595032e-02
6.259720772504806519e-02
4.654163494706153870e-02
1.072343811392784119e-01
5.146628245711326599e-02
4.553813114762306213e-02
5.179844424128532410e-02
8.755864948034286499e-02
8.167877048254013062e-02
5.971070006489753723e-02
7.098036259412765503e-02
6.840036064386367798e-02
4.042397812008857727e-02
4.460857436060905457e-02
4.272842779755592346e-02
6.878969818353652954e-02
8.256415277719497681e-02
4.834172502160072327e-02
6.123393401503562927e-02
7.555942982435226440e-02
5.452338978648185730e-02
5.121537670493125916e-02
4.203118756413459778e-02
6.673440337181091309e-02
5.769959464669227600e-02
5.605226382613182068e-02
7.053809612989425659e-02
4.851512610912322998e-02
6.977080553770065308e-02
4.779064655303955078e-02
4.377534240484237671e-02
1.037017777562141418e-01
6.538040190935134888e-02
5.073932930827140808e-02
4.460984840989112854e-02
4.399935901165008545e-02
4.922868683934211731e-02
8.611729741096496582e-02
4.612938687205314636e-02
5.351383611559867859e-02
6.179404631257057190e-02
5.278190597891807556e-02
4.002630338072776794e-02
5.554805323481559753e-02
5.968624725937843323e-02
3.912115842103958130e-02
7.396733760833740234e-02
4.361907765269279480e-02
4.990389198064804077e-02
4.979635030031204224e-02
6.480845808982849121e-02
4.714013636112213135e-02
8.184017241001129150e-02
4.122318327426910400e-02
4.287793859839439392e-02
4.035186395049095154e-02
4.334248229861259460e-02
6.687647849321365356e-02
4.755473881959915161e-02
4.896802455186843872e-02
5.336080491542816162e-02
6.327181309461593628e-02
4.468053206801414490e-02
4.522278904914855957e-02
6.509204208850860596e-02
6.267276406288146973e-02
5.687191709876060486e-02
7.596800476312637329e-02
4.507012665271759033e-02
4.924680665135383606e-02
9.132990986108779907e-02
4.606362059712409973e-02
4.049107059836387634e-02
9.508325904607772827e-02
5.936406180262565613e-02
5.961363390088081360e-02
5.590033158659934998e-02
4.415748268365859985e-02
6.973145157098770142e-02
4.515600576996803284e-02
4.138114675879478455e-02
9.519676119089126587e-02
9.695079177618026733e-02
9.259955585002899170e-02
4.176306352019309998e-02
5.944963172078132629e-02
6.267599761486053467e-02
6.366150081157684326e-02
4.019536823034286499e-02
4.046402499079704285e-02
4.458682611584663391e-02
5.730264261364936829e-02
5.360508337616920471e-02
4.094541445374488831e-02
4.210458323359489441e-02
4.192377999424934387e-02
6.982335448265075684e-02
4.001914709806442261e-02
5.970969423651695251e-02
5.216249078512191772e-02
5.847484245896339417e-02
6.743708997964859009e-02
4.366965964436531067e-02
5.930279567837715149e-02
4.335292801260948181e-02
3.997578844428062439e-02
4.565586149692535400e-02
4.976516589522361755e-02
6.517338007688522339e-02
6.737365573644638062e-02
1.207616701722145081e-01
4.089302569627761841e-02
5.748159810900688171e-02
4.558754339814186096e-02
5.042522028088569641e-02
4.289109632372856140e-02
7.670884579420089722e-02
3.865670040249824524e-02
6.408565491437911987e-02
5.120734497904777527e-02
4.334593191742897034e-02
6.935646384954452515e-02
8.289112895727157593e-02
4.212970659136772156e-02
4.754825308918952942e-02
3.935578092932701111e-02
4.618832468986511230e-02
7.204060256481170654e-02
6.868318468332290649e-02
9.701152890920639038e-02
4.391525313258171082e-02
4.950762912631034851e-02
4.921277612447738647e-02
5.890668556094169617e-02
4.286019876599311829e-02
8.246517181396484375e-02
4.729434847831726074e-02
5.488800629973411560e-02
4.486998170614242554e-02
5.123228952288627625e-02
4.047001153230667114e-02
4.440318420529365540e-02
4.111573100090026855e-02
4.389182478189468384e-02
3.973360732197761536e-02
4.229819029569625854e-02
8.080031722784042358e-02
5.386723205447196960e-02
1.009222865104675293e-01
7.003414630889892578e-02
5.147481337189674377e-02
4.081412777304649353e-02
5.738528445363044739e-02
5.048579350113868713e-02
4.733619466423988342e-02
5.483014509081840515e-02
5.957238003611564636e-02
4.328866302967071533e-02
4.677304252982139587e-02
4.304933920502662659e-02
9.138071537017822266e-02
7.946673035621643066e-02
5.283058807253837585e-02
4.558173939585685730e-02
9.299145638942718506e-02
4.261777922511100769e-02
5.999295786023139954e-02
5.406567826867103577e-02
4.579656571149826050e-02
4.272263124585151672e-02
4.446040093898773193e-02
3.933307901024818420e-02
5.107304081320762634e-02
4.560026898980140686e-02
4.708378016948699951e-02
4.993990808725357056e-02
5.857497826218605042e-02
7.257561385631561279e-02
5.025882273912429810e-02
4.643855616450309753e-02
4.080652073025703430e-02
4.884885996580123901e-02
5.068616941571235657e-02
6.397803872823715210e-02
4.139820113778114319e-02
4.353648796677589417e-02
4.145579412579536438e-02
5.073221772909164429e-02
6.032646074891090393e-02
5.938132479786872864e-02
4.149504750967025757e-02
4.761423915624618530e-02
1.021752431988716125e-01
4.512621834874153137e-02
5.993051454424858093e-02
5.968669429421424866e-02
4.229198768734931946e-02
6.411491334438323975e-02
4.890807345509529114e-02
6.602952629327774048e-02
6.508699804544448853e-02
5.809337273240089417e-02
3.920713439583778381e-02
4.076349735260009766e-02
4.053552076220512390e-02
6.388571858406066895e-02
1.020940989255905151e-01
8.769898116588592529e-02
3.857260942459106445e-02
5.294201895594596863e-02
4.836589097976684570e-02
4.268944635987281799e-02
6.296136230230331421e-02
9.652854502201080322e-02
4.114457964897155762e-02
4.522557929158210754e-02
5.739771202206611633e-02
7.877999544143676758e-02
5.417244508862495422e-02
5.316518619656562805e-02
4.150951281189918518e-02
5.184029787778854370e-02
5.183901265263557434e-02
6.246696785092353821e-02
4.322222247719764709e-02
5.332022160291671753e-02
7.486240565776824951e-02
8.871656656265258789e-02
6.067724898457527161e-02
5.006727576255798340e-02
3.991715610027313232e-02
6.197901442646980286e-02
5.600329115986824036e-02
5.851413682103157043e-02
5.062674358487129211e-02
4.467300698161125183e-02
6.434248387813568115e-02
4.964227229356765747e-02
6.733187288045883179e-02
6.811087578535079956e-02
4.561293497681617737e-02
5.626968666911125183e-02
4.134436324238777161e-02
4.186638817191123962e-02
6.240568682551383972e-02
6.136592850089073181e-02
9.650077670812606812e-02
4.183512553572654724e-02
6.856226921081542969e-02
5.989358201622962952e-02
5.568919703364372253e-02
5.995597317814826965e-02
5.511553958058357239e-02
4.557899385690689087e-02
4.239931702613830566e-02
4.354589059948921204e-02
4.166369885206222534e-02
4.631455615162849426e-02
3.827773779630661011e-02
4.566145315766334534e-02
5.206310376524925232e-02
7.933033257722854614e-02
5.829166248440742493e-02
3.959337249398231506e-02
7.205099612474441528e-02
8.013086020946502686e-02
1.197425052523612976e-01
4.470302537083625793e-02
8.177106827497482300e-02
5.878147855401039124e-02
6.657903641462326050e-02
4.791260138154029846e-02
1.118784919381141663e-01
4.421946406364440918e-02
5.462870374321937561e-02
6.683021783828735352e-02
5.897949263453483582e-02
9.130608290433883667e-02
4.088663682341575623e-02
4.299260303378105164e-02
4.709907248616218567e-02
5.234026908874511719e-02
1.045192182064056396e-01
5.293961986899375916e-02
4.057497531175613403e-02
6.205807253718376160e-02
4.113341122865676880e-02
6.093872711062431335e-02
4.959129914641380310e-02
4.708506539463996887e-02
4.044101387262344360e-02
4.184491187334060669e-02
5.609053745865821838e-02
3.946869075298309326e-02
1.001527905464172363e-01
7.719338685274124146e-02
7.793927937746047974e-02
3.938763216137886047e-02
4.166503250598907471e-02
5.045904591679573059e-02
4.388425499200820923e-02
7.582373172044754028e-02
4.266978427767753601e-02
7.522281259298324585e-02
5.831485614180564880e-02
9.976442903280258179e-02
6.922741234302520752e-02
5.235162004828453064e-02
7.907719910144805908e-02
5.180785804986953735e-02
6.101146712899208069e-02
4.860045015811920166e-02
6.289928406476974487e-02
3.982504084706306458e-02
5.852526053786277771e-02
6.191158667206764221e-02
6.572664529085159302e-02
4.023492708802223206e-02
6.661096960306167603e-02
4.255596175789833069e-02
5.759408697485923767e-02
4.686468094587326050e-02
6.822406500577926636e-02
6.702431291341781616e-02
5.431674793362617493e-02
8.537963777780532837e-02
1.007270067930221558e-01
8.867855370044708252e-02
4.990863054990768433e-02
4.392808303236961365e-02
4.179098457098007202e-02
7.646602392196655273e-02
4.389834031462669373e-02
6.906291842460632324e-02
4.865702986717224121e-02
4.777277261018753052e-02
7.482216507196426392e-02
5.361748859286308289e-02
5.924817547202110291e-02
4.052759334444999695e-02
6.062005832791328430e-02
4.256438463926315308e-02
4.757341369986534119e-02
5.950613692402839661e-02
4.485385492444038391e-02
4.470126330852508545e-02
5.544411018490791321e-02
7.064547389745712280e-02
5.920952185988426208e-02
9.239103645086288452e-02
4.746612161397933960e-02
6.955303996801376343e-02
7.476320117712020874e-02
4.253953322768211365e-02
4.024139419198036194e-02
6.069644168019294739e-02
5.593319609761238098e-02
4.550543799996376038e-02
5.751374736428260803e-02
5.409627035260200500e-02
8.766266703605651855e-02
8.471129089593887329e-02
4.265446588397026062e-02
4.143903404474258423e-02
7.368362694978713989e-02
4.544025659561157227e-02
4.292386397719383240e-02
4.274873062968254089e-02
5.836491659283638000e-02
3.962450101971626282e-02
4.533974453806877136e-02
5.093854293227195740e-02
4.103257879614830017e-02
1.063176244497299194e-01
4.294322058558464050e-02
7.577893882989883423e-02
6.658762693405151367e-02
6.441000103950500488e-02
4.454205557703971863e-02
6.186243519186973572e-02
7.013630121946334839e-02
6.136487796902656555e-02
5.076730623841285706e-02
4.792893305420875549e-02
4.489156976342201233e-02
1.108278781175613403e-01
6.043529883027076721e-02
4.252738133072853088e-02
7.032940536737442017e-02
4.267540946602821350e-02
4.846366867423057556e-02
5.922747030854225159e-02
8.129638433456420898e-02
6.625369936227798462e-02
4.080900549888610840e-02
1.135594174265861511e-01
4.231751337647438049e-02
6.794001907110214233e-02
4.125277325510978699e-02
4.899346828460693359e-02
8.849906921386718750e-02
4.034889861941337585e-02
9.183966368436813354e-02
4.132850095629692078e-02
7.557024806737899780e-02
4.209660738706588745e-02
4.822349175810813904e-02
4.232781007885932922e-02
4.456120356917381287e-02
4.801258444786071777e-02
5.445000901818275452e-02
3.992023691534996033e-02
4.141021892428398132e-02
4.817705228924751282e-02
5.398042127490043640e-02
4.293970391154289246e-02
5.702821537852287292e-02
7.310342043638229370e-02
8.073180168867111206e-02
4.585964232683181763e-02
6.902918964624404907e-02
4.117458313703536987e-02
4.163532331585884094e-02
4.668336734175682068e-02
6.544322520494461060e-02
7.909887284040451050e-02
5.888732150197029114e-02
4.341291636228561401e-02
4.206118360161781311e-02
4.276583716273307800e-02
4.964524134993553162e-02
4.059217870235443115e-02
6.117204204201698303e-02
6.429880857467651367e-02
5.671980604529380798e-02
5.426852777600288391e-02
5.896947160363197327e-02
4.911324009299278259e-02
5.317757278680801392e-02
5.321968719363212585e-02
5.500603839755058289e-02
7.707902044057846069e-02
4.976078122854232788e-02
5.015724152326583862e-02
3.964613750576972961e-02
4.657924175262451172e-02
4.392236098647117615e-02
4.500906914472579956e-02
4.607959464192390442e-02
5.600971356034278870e-02
5.664480850100517273e-02
5.402340367436408997e-02
6.842792779207229614e-02
5.734834447503089905e-02
4.670901224017143250e-02
5.304159224033355713e-02
4.645370319485664368e-02
6.096701696515083313e-02
3.931629285216331482e-02
7.885570079088211060e-02
5.136535689234733582e-02
5.816285684704780579e-02
4.873363301157951355e-02
4.083294048905372620e-02
5.105571448802947998e-02
3.925072029232978821e-02
4.865330830216407776e-02
8.382613956928253174e-02
4.067865759134292603e-02
4.551466181874275208e-02
5.187804624438285828e-02
4.141819849610328674e-02
3.954673931002616882e-02
4.413318261504173279e-02
4.181193932890892029e-02
9.646116942167282104e-02
5.142931267619132996e-02
5.053367838263511658e-02
4.148761928081512451e-02
8.959547430276870728e-02
6.894271820783615112e-02
4.348339512944221497e-02
4.179747030138969421e-02
3.960259631276130676e-02
1.015134975314140320e-01
4.515031352639198303e-02
6.264642626047134399e-02
5.154056102037429810e-02
4.693542793393135071e-02
6.149588897824287415e-02
4.288515821099281311e-02
4.686199501156806946e-02
3.895303979516029358e-02
5.053059384226799011e-02
8.920218050479888916e-02
5.808334425091743469e-02
1.023782268166542053e-01
3.833583369851112366e-02
8.993458002805709839e-02
3.979637846350669861e-02
4.358426854014396667e-02
5.497295036911964417e-02
4.756766185164451599e-02
5.567749217152595520e-02
4.888066276907920837e-02
4.440004751086235046e-02
4.947121813893318176e-02
4.838298261165618896e-02
4.007053747773170471e-02
7.975050061941146851e-02
9.142990410327911377e-02
4.559030383825302124e-02
6.816875934600830078e-02
4.146504029631614685e-02
5.618939921259880066e-02
4.142811894416809082e-02
4.551577940583229065e-02
4.409697279334068298e-02
4.977396503090858459e-02
5.451073125004768372e-02
8.665920794010162354e-02
4.842310771346092224e-02
5.699170008301734924e-02
4.405285790562629700e-02
4.468798264861106873e-02
8.254963904619216919e-02
4.669610410928726196e-02
4.515944048762321472e-02
6.235266849398612976e-02
5.377758666872978210e-02
4.364830255508422852e-02
6.530801951885223389e-02
4.364623501896858215e-02
7.909254729747772217e-02
5.634262040257453918e-02
4.841033369302749634e-02
6.366673856973648071e-02
4.996646568179130554e-02
5.769484117627143860e-02
5.347329750657081604e-02
7.498601824045181274e-02
4.502578079700469971e-02
9.062676131725311279e-02
1.000070646405220032e-01
5.355572327971458435e-02
5.494031682610511780e-02
5.227966234087944031e-02
7.640366256237030029e-02
5.563461408019065857e-02
4.351219907402992249e-02
4.553711041808128357e-02
4.836728051304817200e-02
4.377268999814987183e-02
4.371229186654090881e-02
6.107213720679283142e-02
7.583588361740112305e-02
5.396846309304237366e-02
5.161197483539581299e-02
7.179249823093414307e-02
4.587762057781219482e-02
4.995152726769447327e-02
5.651852861046791077e-02
9.749811887741088867e-02
4.290944710373878479e-02
5.323440954089164734e-02
4.420682415366172791e-02
4.204430058598518372e-02
4.100063443183898926e-02
4.061885550618171692e-02
4.834695160388946533e-02
3.872588276863098145e-02
4.898900911211967468e-02
9.001589566469192505e-02
9.155887365341186523e-02
4.070604965090751648e-02
4.786030575633049011e-02
5.580103769898414612e-02
5.533902719616889954e-02
8.418773859739303589e-02
3.979660943150520325e-02
4.194892197847366333e-02
5.048832669854164124e-02
4.556564241647720337e-02
5.246450379490852356e-02
7.205612212419509888e-02
4.473461583256721497e-02
4.352524504065513611e-02
4.696146771311759949e-02
8.403765410184860229e-02
5.281909555196762085e-02
6.737896800041198730e-02
4.661247506737709045e-02
1.060046330094337463e-01
4.238098487257957458e-02
4.417518898844718933e-02
4.619805887341499329e-02
7.181026041507720947e-02
1.201666817069053650e-01
1.173430904746055603e-01
5.276082083582878113e-02
4.150958359241485596e-02
6.152633950114250183e-02
6.896000355482101440e-02
4.187989607453346252e-02
9.632062911987304688e-02
6.062046065926551819e-02
3.908314928412437439e-02
5.247625336050987244e-02
8.321119844913482666e-02
4.781018942594528198e-02
4.800264909863471985e-02
6.119005009531974792e-02
8.262981474399566650e-02
5.307216569781303406e-02
4.719668254256248474e-02
7.165041565895080566e-02
4.465671628713607788e-02
5.936369672417640686e-02
4.546706378459930420e-02
5.042912065982818604e-02
6.345380097627639771e-02
3.946088254451751709e-02
4.596046730875968933e-02
4.181453213095664978e-02
3.900066390633583069e-02
4.338295385241508484e-02
8.694206923246383667e-02
4.886962845921516418e-02
4.524404928088188171e-02
4.826973006129264832e-02
1.090234816074371338e-01
5.982129648327827454e-02
5.501754209399223328e-02
4.494513943791389465e-02
4.885166510939598083e-02
4.141486063599586487e-02
3.949290886521339417e-02
8.193160593509674072e-02
5.579291656613349915e-02
5.409972742199897766e-02
4.671525582671165466e-02
4.421894997358322144e-02
7.113455235958099365e-02
4.844231531023979187e-02
6.236709281802177429e-02
6.470422446727752686e-02
4.142567515373229980e-02
4.819590970873832703e-02
6.656639277935028076e-02
7.144013792276382446e-02
5.667927488684654236e-02
5.289254337549209595e-02
4.224795103073120117e-02
4.536404833197593689e-02
4.473070427775382996e-02
4.663080349564552307e-02
6.288693845272064209e-02
5.427326634526252747e-02
3.995512053370475769e-02
4.211218282580375671e-02
4.190520942211151123e-02
4.715379700064659119e-02
5.198779329657554626e-02
6.813096255064010620e-02
5.094361677765846252e-02
4.674380272626876831e-02
4.245078936219215393e-02
4.086006432771682739e-02
5.973409488797187805e-02
5.561807379126548767e-02
1.040747985243797302e-01
5.460752174258232117e-02
7.801687717437744141e-02
5.368341132998466492e-02
4.424135386943817139e-02
4.596348851919174194e-02
5.195574834942817688e-02
5.370770022273063660e-02
5.316546559333801270e-02
6.360550224781036377e-02
6.861767172813415527e-02
4.648029431700706482e-02
6.894478201866149902e-02
6.410745531320571899e-02
5.160539224743843079e-02
5.725577846169471741e-02
7.982734590768814087e-02
8.059317618608474731e-02
5.493342503905296326e-02
5.004769936203956604e-02
5.055869370698928833e-02
4.664153233170509338e-02
7.265589386224746704e-02
4.450593516230583191e-02
5.825134739279747009e-02
4.462951794266700745e-02
8.647166937589645386e-02
5.143250524997711182e-02
4.455531761050224304e-02
5.045599117875099182e-02
6.561248004436492920e-02
4.127022996544837952e-02
4.057319089770317078e-02
4.791879281401634216e-02
4.729609563946723938e-02
5.843108519911766052e-02
4.938105866312980652e-02
3.942565247416496277e-02
4.240455850958824158e-02
4.332910850644111633e-02
5.284577980637550354e-02
4.296807572245597839e-02
6.151862069964408875e-02
6.671564280986785889e-02
4.367529600858688354e-02
4.817495867609977722e-02
4.191985353827476501e-02
6.160410121083259583e-02
5.133982375264167786e-02
8.422391861677169800e-02
5.044258013367652893e-02
4.118517413735389709e-02
4.529724270105361938e-02
4.218994081020355225e-02
6.481017917394638062e-02
3.930455073714256287e-02
7.364107668399810791e-02
4.012730717658996582e-02
9.274551272392272949e-02
8.379916101694107056e-02
7.934501767158508301e-02
4.906141385436058044e-02
5.322726070880889893e-02
4.147203639149665833e-02
4.411407187581062317e-02
4.056627675890922546e-02
1.176681593060493469e-01
4.023040458559989929e-02
6.736212968826293945e-02
4.118728265166282654e-02
5.101048573851585388e-02
4.000750929117202759e-02
7.020529359579086304e-02
4.407281428575515747e-02
3.982965275645256042e-02
4.075037315487861633e-02
4.104901850223541260e-02
6.869313865900039673e-02
4.855193197727203369e-02
4.088309779763221741e-02
4.027493670582771301e-02
6.401795893907546997e-02
4.602034762501716614e-02
3.966307267546653748e-02
5.586165562272071838e-02
4.628820717334747314e-02
5.724997445940971375e-02
4.198680073022842407e-02
