5.366755649447441101e-03
6.342299282550811768e-03
-1.368731074035167694e-02
1.505078747868537903e-03
5.732231587171554565e-02
-5.454998463392257690e-04
-2.216334640979766846e-02
-2.726675942540168762e-03
5.253724753856658936e-02
5.224760621786117554e-02
3.358802571892738342e-02
8.277863264083862305e-03
-1.326832920312881470e-02
4.414905980229377747e-02
1.179058849811553955e-02
2.939358353614807129e-03
-9.584231302142143250e-04
1.119475066661834717e-02
5.427103489637374878e-03
-1.801534183323383331e-02
4.249539971351623535e-02
2.353935502469539642e-03
3.968995064496994019e-03
6.240643560886383057e-04
-3.917847573757171631e-02
5.268255993723869324e-02
5.742933973670005798e-02
5.178223829716444016e-03
-8.553452789783477783e-04
4.585335031151771545e-02
5.941182747483253479e-02
-3.632741048932075500e-03
-1.898362115025520325e-02
2.473064512014389038e-02
-3.015655791386961937e-03
4.786425828933715820e-02
4.098863899707794189e-02
-1.650757272727787495e-03
2.203878248110413551e-03
5.951644107699394226e-02
-1.491437107324600220e-02
4.934892058372497559e-05
7.076372206211090088e-02
-2.180427312850952148e-02
1.408914476633071899e-02
3.891776129603385925e-02
3.988525364547967911e-03
5.388501286506652832e-02
4.572084546089172363e-02
-1.051403302699327469e-02
-3.790531679987907410e-02
3.337997198104858398e-02
6.043858081102371216e-02
1.536282300949096680e-01
-1.708682067692279816e-02
6.820247322320938110e-02
-1.383662223815917969e-02
-4.585476964712142944e-02
5.577414482831954956e-02
3.608570992946624756e-02
-2.063981443643569946e-02
-7.260406855493783951e-04
2.428717911243438721e-03
1.772124134004116058e-02
2.242030948400497437e-02
1.127813942730426788e-03
-1.195403560996055603e-02
9.219965338706970215e-02
-2.418738324195146561e-03
-3.147896006703376770e-02
3.395907580852508545e-03
2.291946858167648315e-02
7.824528962373733521e-03
-2.851687837392091751e-03
2.479769662022590637e-02
4.922604188323020935e-03
-4.900567233562469482e-03
-2.926987782120704651e-02
-4.680257663130760193e-02
5.927040055394172668e-02
1.969321072101593018e-02
1.627311855554580688e-01
-3.788791596889495850e-03
6.095840781927108765e-02
1.171107590198516846e-02
-7.173209451138973236e-03
4.071480035781860352e-02
-3.705043345689773560e-04
-3.088469803333282471e-02
1.178322732448577881e-02
2.753604203462600708e-03
2.177981287240982056e-02
-1.603439450263977051e-02
1.650973781943321228e-02
5.074269324541091919e-02
7.997363805770874023e-03
-2.880519442260265350e-02
-8.994828909635543823e-03
-1.014164276421070099e-02
-3.159004263579845428e-04
1.639589294791221619e-02
1.489829644560813904e-02
4.005327820777893066e-03
-1.475158799439668655e-02
-2.990715764462947845e-02
5.605939775705337524e-03
8.659809827804565430e-02
2.615657076239585876e-02
3.999712411314249039e-03
-2.348382398486137390e-02
6.448212545365095139e-03
1.071489229798316956e-01
-1.461889781057834625e-02
4.609954729676246643e-02
3.687491174787282944e-03
3.293898701667785645e-02
-6.801776587963104248e-03
5.227533169090747833e-03
2.649221196770668030e-02
-9.179348126053810120e-06
5.016268044710159302e-02
3.143686056137084961e-02
5.792413651943206787e-02
9.728428721427917480e-02
-1.697718724608421326e-02
5.419734120368957520e-02
-1.451418735086917877e-02
6.974404212087392807e-03
3.528331965208053589e-02
5.713958293199539185e-02
-1.088395994156599045e-02
-2.288986369967460632e-02
-4.359519109129905701e-03
8.241996169090270996e-03
5.361230578273534775e-03
-3.421309590339660645e-02
1.019378192722797394e-03
1.012449525296688080e-02
-1.339904870837926865e-02
4.105850309133529663e-02
-1.648535020649433136e-02
-1.807045936584472656e-02
-1.304788235574960709e-02
-1.520546618849039078e-02
-1.455976348370313644e-02
4.020349308848381042e-02
1.498089823871850967e-02
6.900351494550704956e-02
-4.793434403836727142e-03
8.051518350839614868e-03
5.690992623567581177e-02
4.551373422145843506e-05
-6.589611060917377472e-03
-1.567773334681987762e-02
-1.225834712386131287e-04
1.457790262065827847e-03
-4.803927242755889893e-02
-2.286314219236373901e-02
4.226000234484672546e-02
-6.372883915901184082e-03
8.020566776394844055e-03
-2.279913239181041718e-02
-4.956267029047012329e-02
-3.058960661292076111e-03
4.018068313598632812e-03
-1.951475441455841064e-02
5.941705405712127686e-02
6.452798843383789062e-02
4.749934747815132141e-02
-2.167542465031147003e-03
-4.386597871780395508e-02
6.733832508325576782e-02
1.773369684815406799e-02
5.232744850218296051e-03
4.742830991744995117e-02
-4.771511536091566086e-03
3.293304890394210815e-02
1.952734775841236115e-02
-4.251630976796150208e-03
-4.776106774806976318e-02
4.248208180069923401e-02
-2.003865875303745270e-02
4.831755533814430237e-02
4.370271041989326477e-02
8.050907403230667114e-03
-3.874906338751316071e-03
4.750962369143962860e-03
2.749386057257652283e-02
3.965849988162517548e-03
1.035635173320770264e-02
-4.795383289456367493e-02
4.829152673482894897e-02
6.645846366882324219e-02
-3.398982807993888855e-03
4.868857562541961670e-02
5.000215768814086914e-02
1.822250895202159882e-03
-3.297834098339080811e-02
-3.354317694902420044e-02
-5.687521770596504211e-03
2.909678965806961060e-03
-2.155448682606220245e-02
-4.272491857409477234e-02
2.051381319761276245e-01
1.538359373807907104e-02
9.203101694583892822e-02
1.508671045303344727e-01
1.192923635244369507e-01
-1.965355128049850464e-02
5.104262009263038635e-02
-7.354585453867912292e-03
2.372676506638526917e-02
6.415124237537384033e-02
-8.365686982870101929e-03
5.717640742659568787e-02
1.559581607580184937e-03
4.905141517519950867e-02
1.271921396255493164e-02
-4.919334314763545990e-03
2.851951308548450470e-02
-2.320550940930843353e-02
4.177980124950408936e-02
-1.147163473069667816e-02
5.413798242807388306e-02
-7.061334792524576187e-03
3.767322003841400146e-02
-2.576785907149314880e-02
-1.935784518718719482e-02
2.250261604785919189e-03
-7.198741659522056580e-03
-9.979490190744400024e-03
2.008963003754615784e-02
3.446616232395172119e-03
5.866385623812675476e-02
1.024341434240341187e-01
2.578321099281311035e-02
5.137266125530004501e-04
2.533800899982452393e-02
-1.886880584061145782e-02
2.487110346555709839e-02
-2.591185085475444794e-02
2.088296785950660706e-02
3.215985000133514404e-02
5.140680819749832153e-03
5.648835003376007080e-02
4.350021481513977051e-03
1.391706289723515511e-03
-3.416939079761505127e-02
2.494772151112556458e-02
-1.929476857185363770e-03
9.519463777542114258e-02
1.648425683379173279e-02
1.424217224121093750e-02
1.803725659847259521e-01
1.653832942247390747e-02
1.887783408164978027e-02
1.818819344043731689e-02
-1.871688291430473328e-02
-6.795585155487060547e-03
3.049717098474502563e-02
1.017714105546474457e-02
-1.826905459165573120e-02
-7.100198417901992798e-03
1.220375997945666313e-03
3.649640828371047974e-03
-1.878678798675537109e-02
3.475755080580711365e-02
-3.547135740518569946e-03
4.931283649057149887e-03
1.018400564789772034e-01
3.863890469074249268e-02
-1.932457275688648224e-02
-3.218957409262657166e-02
8.827745914459228516e-03
1.925700157880783081e-02
2.523064613342285156e-03
5.171103030443191528e-02
-3.438733145594596863e-02
-6.967112421989440918e-03
-6.145105231553316116e-03
-9.234791621565818787e-03
6.219971925020217896e-03
-2.280102297663688660e-02
3.822743147611618042e-02
-1.110418699681758881e-03
5.252531170845031738e-02
4.673628136515617371e-02
2.054680511355400085e-02
-2.590690506622195244e-03
-2.135498216375708580e-04
-1.089139748364686966e-02
3.268547356128692627e-03
-2.189736068248748779e-02
1.053410172462463379e-01
2.663884311914443970e-03
2.214810252189636230e-01
1.466697454452514648e-02
-4.322399199008941650e-02
-8.104082196950912476e-03
-3.630587132647633553e-03
-3.412910550832748413e-02
4.163574427366256714e-02
1.572728157043457031e-03
3.422122821211814880e-02
-4.418241232633590698e-02
6.402567774057388306e-02
-6.959997117519378662e-04
1.980472356081008911e-02
-2.573187462985515594e-02
1.734481006860733032e-02
2.037440091371536255e-01
-2.908452413976192474e-02
-4.110326990485191345e-02
-8.002709597349166870e-03
5.757774412631988525e-02
-4.270562902092933655e-02
-1.265404280275106430e-02
2.308194525539875031e-02
-1.606343500316143036e-02
5.016731098294258118e-02
1.682732254266738892e-03
-1.479281857609748840e-02
-2.660134807229042053e-03
5.347174406051635742e-02
6.019648164510726929e-03
1.640844345092773438e-02
-1.933356747031211853e-02
1.938056200742721558e-02
-4.588843439705669880e-04
5.468321964144706726e-03
9.365893155336380005e-02
5.076924338936805725e-02
-1.803767867386341095e-03
9.211495053023099899e-04
-3.510166704654693604e-02
-3.158646821975708008e-02
-1.646124571561813354e-02
5.836549028754234314e-02
-3.004620596766471863e-02
-4.397504031658172607e-03
5.741436034440994263e-04
1.487714052200317383e-02
4.901149868965148926e-02
1.318172961473464966e-01
-1.232046075165271759e-02
-1.219671033322811127e-02
-9.548954665660858154e-03
5.726762115955352783e-02
-5.439684540033340454e-02
-3.984636068344116211e-02
2.262029796838760376e-02
3.084124997258186340e-03
4.904383420944213867e-02
5.807260796427726746e-02
1.967157237231731415e-03
9.823124855756759644e-05
-1.403226703405380249e-02
1.862592250108718872e-02
4.926230013370513916e-02
-1.887428387999534607e-02
1.260792091488838196e-02
-5.162206292152404785e-02
9.072885732166469097e-04
5.199151486158370972e-02
-1.756420917809009552e-02
-1.907156780362129211e-03
-3.553460910916328430e-02
5.465061217546463013e-02
5.499087274074554443e-03
-3.679995890706777573e-03
1.513653993606567383e-02
5.047162994742393494e-03
7.604248821735382080e-03
2.982813864946365356e-03
5.412073805928230286e-03
-1.627556607127189636e-02
4.444275796413421631e-02
5.093549378216266632e-03
-1.122322119772434235e-02
-5.231847055256366730e-03
1.737191900610923767e-02
1.575790345668792725e-03
-9.153543040156364441e-03
-4.091340303421020508e-02
9.558293223381042480e-02
-1.641209051012992859e-02
1.905949413776397705e-02
-5.401149764657020569e-02
4.319231584668159485e-02
1.618631556630134583e-02
-1.400726381689310074e-02
4.731373488903045654e-02
2.423372119665145874e-02
8.652715478092432022e-04
-3.209345415234565735e-02
-2.996366471052169800e-02
-1.778773032128810883e-02
6.185091286897659302e-02
2.088029682636260986e-02
1.830957084894180298e-02
3.932542167603969574e-03
1.495498120784759521e-01
8.118217810988426208e-03
7.321937475353479385e-03
8.922647684812545776e-03
-1.705083623528480530e-02
5.732093006372451782e-02
-4.450719803571701050e-02
-1.653558202087879181e-02
8.694873191416263580e-03
-2.207085490226745605e-04
-6.042482331395149231e-03
-1.098195277154445648e-02
5.469806492328643799e-04
-3.425677120685577393e-02
2.620875462889671326e-02
-4.273744300007820129e-03
1.004561781883239746e-04
-4.687888920307159424e-02
-4.725582152605056763e-02
-2.568759955465793610e-04
6.295494735240936279e-03
-5.076371133327484131e-03
-2.233110368251800537e-03
8.737123571336269379e-04
4.515826702117919922e-03
2.407151507213711739e-03
-2.994297072291374207e-03
3.732598572969436646e-02
-2.033220604062080383e-02
-1.354973390698432922e-02
2.547468245029449463e-02
4.952000826597213745e-02
-3.280017524957656860e-03
2.662426978349685669e-02
5.434844642877578735e-04
-2.394917793571949005e-02
2.030156180262565613e-02
7.218287885189056396e-02
-5.370753351598978043e-03
-7.813861593604087830e-04
-2.904673852026462555e-02
-3.360373899340629578e-02
5.240361392498016357e-02
4.656336456537246704e-02
3.316902741789817810e-02
-1.304287835955619812e-02
-1.883979886770248413e-02
6.372064352035522461e-03
5.119506642222404480e-02
1.067816242575645447e-01
-2.450199797749519348e-03
-2.272978983819484711e-02
1.933259889483451843e-03
4.618973471224308014e-03
1.071829646825790405e-01
-2.336934208869934082e-03
7.198452949523925781e-04
5.912676453590393066e-03
-3.116354346275329590e-02
-4.308095201849937439e-03
1.747319847345352173e-02
-2.499557286500930786e-02
8.551904000341892242e-03
1.027305843308568001e-03
1.570323482155799866e-03
-3.478654474020004272e-02
-4.702099785208702087e-02
1.531157270073890686e-02
-1.484837103635072708e-02
-5.306580290198326111e-02
1.846134662628173828e-02
-2.560396678745746613e-03
5.259032920002937317e-02
1.793276518583297729e-03
4.931735619902610779e-02
2.378813549876213074e-02
7.727693766355514526e-03
-7.798530161380767822e-03
4.304253682494163513e-02
-1.575184240937232971e-02
3.169213607907295227e-02
-9.874086827039718628e-04
-2.505803853273391724e-02
6.207260489463806152e-02
3.858685493469238281e-03
1.710216631181538105e-03
1.989839598536491394e-02
1.788832247257232666e-02
-3.346809372305870056e-02
1.066082995384931564e-02
1.546882465481758118e-02
5.238312482833862305e-02
9.583121538162231445e-02
1.172709092497825623e-02
-1.374271698296070099e-02
-3.697524964809417725e-02
-3.817586228251457214e-03
-1.045538298785686493e-02
8.543853648006916046e-03
-1.624144800007343292e-02
5.182413011789321899e-02
-2.860636450350284576e-02
-4.542723298072814941e-02
1.312433928251266479e-02
-2.137092128396034241e-02
-4.914972931146621704e-03
4.807709250599145889e-03
-1.247397251427173615e-02
-4.994662478566169739e-03
7.076693326234817505e-02
8.150722831487655640e-02
1.938365027308464050e-02
-3.257739916443824768e-02
1.846858114004135132e-02
4.378173127770423889e-02
4.491359740495681763e-02
-3.959623724222183228e-02
2.612039446830749512e-03
-1.329489797353744507e-02
-2.345364168286323547e-02
-9.199596941471099854e-03
-8.418578654527664185e-04
2.525370940566062927e-02
6.338472664356231689e-02
4.798834398388862610e-02
-2.809070236980915070e-02
2.159937098622322083e-02
3.831842541694641113e-02
-1.003078185021877289e-03
-7.234334945678710938e-03
5.742518696933984756e-03
1.178180798888206482e-03
3.335676155984401703e-03
-7.982134819030761719e-03
4.552201181650161743e-02
2.121972851455211639e-03
-1.249833405017852783e-02
6.419001519680023193e-02
-4.285076633095741272e-03
3.289468586444854736e-03
1.334857381880283356e-02
5.858642980456352234e-04
-1.808887720108032227e-02
9.021148830652236938e-02
-4.408330470323562622e-02
-1.039029564708471298e-02
-6.287721917033195496e-04
4.892850667238235474e-02
9.823787957429885864e-03
2.836693637073040009e-02
1.419082377105951309e-02
3.127813339233398438e-03
7.959082722663879395e-02
3.540531918406486511e-02
3.260020166635513306e-03
6.872869096696376801e-03
2.499777451157569885e-02
1.301661133766174316e-03
-6.952194496989250183e-03
3.169097751379013062e-02
-5.475552752614021301e-03
-1.808188483119010925e-02
-2.057459764182567596e-02
-1.417363621294498444e-02
3.654421307146549225e-03
4.477254301309585571e-02
1.704460009932518005e-02
5.426905304193496704e-02
8.969867601990699768e-03
-9.497797116637229919e-03
2.743825688958168030e-02
3.690331056714057922e-02
-5.177231132984161377e-02
-1.150933932512998581e-02
-8.912950754165649414e-03
3.475661203265190125e-02
2.244885265827178955e-02
-2.046616934239864349e-02
3.719917312264442444e-02
2.358942851424217224e-02
-1.870239339768886566e-02
4.574715159833431244e-03
2.996134757995605469e-02
2.673096954822540283e-02
1.502270903438329697e-02
-2.291684970259666443e-03
9.452692419290542603e-02
-2.244874648749828339e-02
4.992463439702987671e-02
6.530975550413131714e-02
3.813611716032028198e-02
-1.904699206352233887e-02
2.559462748467922211e-02
6.426034867763519287e-02
3.550620377063751221e-02
4.630638659000396729e-02
2.350010722875595093e-02
5.030452460050582886e-02
2.564679086208343506e-02
2.507174015045166016e-02
-1.961182802915573120e-03
-1.885620504617691040e-02
4.820374399423599243e-02
-1.350684091448783875e-03
-2.661020867526531219e-02
-5.175426602363586426e-03
1.343570463359355927e-02
4.548713564872741699e-03
2.436270704492926598e-03
2.070154994726181030e-02
3.617831319570541382e-02
2.059165015816688538e-02
1.505527272820472717e-02
-4.218444228172302246e-04
-1.595630776137113571e-03
-5.313343368470668793e-03
4.502157494425773621e-02
1.949023455381393433e-02
1.574718393385410309e-03
3.302779048681259155e-02
2.015214413404464722e-04
-2.431884407997131348e-03
1.658376306295394897e-03
-1.210282929241657257e-02
1.261923462152481079e-03
5.648966878652572632e-02
1.126328110694885254e-02
5.232585966587066650e-02
6.144996732473373413e-03
-6.253646686673164368e-03
2.112917602062225342e-02
3.636452928185462952e-02
-2.028590068221092224e-03
-1.777375675737857819e-02
3.042256087064743042e-02
1.024376600980758667e-01
1.637653261423110962e-02
-1.536026969552040100e-02
-2.232438698410987854e-02
-4.451449960470199585e-03
-2.645957469940185547e-02
-2.293400280177593231e-02
-3.872372210025787354e-02
-3.122635185718536377e-03
-1.238449383527040482e-02
1.473454013466835022e-02
-4.102663695812225342e-02
-2.502946741878986359e-02
-5.374705418944358826e-03
-3.356777876615524292e-02
4.825394228100776672e-02
-2.494818530976772308e-03
-1.903579011559486389e-02
-2.581679821014404297e-02
-2.819777652621269226e-02
4.472189769148826599e-02
8.306056261062622070e-03
4.431631043553352356e-02
1.413092911243438721e-01
-2.295478619635105133e-02
2.803935669362545013e-03
-4.733551759272813797e-03
1.219646632671356201e-02
1.937087625265121460e-02
-4.088634625077247620e-02
-5.535320378839969635e-03
3.923736512660980225e-04
2.666614651679992676e-01
4.946102388203144073e-03
-3.753354400396347046e-02
-2.281001582741737366e-02
1.866522431373596191e-02
-4.756409209221601486e-03
-1.543146744370460510e-02
2.896968275308609009e-02
5.007993429899215698e-03
-8.284190669655799866e-03
-5.128970369696617126e-02
-2.137327799573540688e-03
3.964149951934814453e-02
7.543346844613552094e-03
-2.828819490969181061e-02
4.768277704715728760e-02
-4.379779100418090820e-02
1.355144195258617401e-05
-2.138684131205081940e-02
1.400349661707878113e-03
-5.258087068796157837e-02
3.052464686334133148e-03
5.315171927213668823e-02
5.944757908582687378e-02
-1.259446144104003906e-02
7.769485935568809509e-03
-2.227480523288249969e-02
2.499033883213996887e-02
3.583417087793350220e-02
-2.658257447183132172e-02
7.125225663185119629e-02
-3.771781921386718750e-02
-7.279573008418083191e-03
1.955017447471618652e-01
3.651924431324005127e-02
-1.818697899580001831e-02
-1.269321329891681671e-02
-1.350640505552291870e-02
6.976557895541191101e-03
1.324401199817657471e-01
-2.197802066802978516e-02
-5.227848887443542480e-04
6.253821775317192078e-04
1.313837431371212006e-02
-2.690919674932956696e-03
-5.675941705703735352e-03
-4.780385270714759827e-02
-1.249851286411285400e-02
-4.598739743232727051e-02
1.207098364830017090e-03
-2.689809538424015045e-02
-4.951511695981025696e-02
1.518126949667930603e-02
1.077306270599365234e-02
3.876713663339614868e-02
-2.909069322049617767e-02
4.045780748128890991e-03
1.759785413742065430e-02
-3.286513686180114746e-02
2.354356832802295685e-02
5.654964596033096313e-03
2.379276603460311890e-02
6.185080390423536301e-03
6.080142036080360413e-02
-2.797657623887062073e-03
6.486859172582626343e-03
-7.571373134851455688e-04
-3.968750126659870148e-03
2.560500986874103546e-03
3.848987445235252380e-02
-8.299366571009159088e-03
1.977221481502056122e-02
3.898272290825843811e-02
5.925670266151428223e-04
-2.936942689120769501e-02
-2.243903279304504395e-02
6.816584616899490356e-03
-3.060892224311828613e-03
-2.943116798996925354e-02
6.693683564662933350e-03
1.628441852517426014e-03
1.145860552787780762e-02
1.645673066377639771e-03
-1.628618128597736359e-02
-1.086063403636217117e-02
-3.988826647400856018e-04
5.268374830484390259e-02
-1.243574731051921844e-02
-1.947022043168544769e-02
8.624325692653656006e-02
6.912365555763244629e-02
1.342976465821266174e-02
-1.541346032172441483e-02
5.383440852165222168e-02
1.673877239227294922e-02
5.465636774897575378e-02
1.367395371198654175e-02
-4.215324297547340393e-02
3.936382755637168884e-02
-1.904932409524917603e-02
-4.170104861259460449e-03
-1.592613756656646729e-03
1.944677531719207764e-02
3.583714365959167480e-03
-2.754760906100273132e-03
-2.580334246158599854e-02
8.974447846412658691e-03
-1.608993858098983765e-03
-7.569361478090286255e-04
1.331337690353393555e-01
1.957698538899421692e-02
-3.133714199066162109e-05
-9.594384580850601196e-03
-1.615847833454608917e-02
2.187843900173902512e-03
2.178247086703777313e-04
2.111568581312894821e-03
1.658780500292778015e-03
3.657906875014305115e-02
9.274511784315109253e-02
1.463766023516654968e-02
2.301946282386779785e-03
1.637196168303489685e-03
-2.244102215627208352e-04
1.395327001810073853e-01
3.711427003145217896e-02
2.901481930166482925e-04
1.936962455511093140e-02
3.320872783660888672e-03
2.256894856691360474e-02
-3.189574927091598511e-02
4.408087953925132751e-02
1.300003007054328918e-02
-1.080964040011167526e-02
3.762968257069587708e-02
5.636204034090042114e-02
3.617940703406929970e-03
-1.330153830349445343e-02
5.926153063774108887e-02
2.635517157614231110e-04
-3.115470893681049347e-02
3.940122574567794800e-02
-1.024372596293687820e-02
-1.832637563347816467e-02
4.953954368829727173e-02
-4.275120049715042114e-02
-4.999973252415657043e-02
2.881756052374839783e-03
5.105741322040557861e-03
3.813320770859718323e-03
1.851803064346313477e-02
1.750983670353889465e-02
-9.880156256258487701e-03
-3.135711699724197388e-02
5.394080281257629395e-02
5.214089155197143555e-02
1.385537907481193542e-04
-2.486848831176757812e-02
3.367285244166851044e-03
8.362396620213985443e-03
5.172522738575935364e-02
-2.333796024322509766e-02
2.844033762812614441e-03
2.791606485843658447e-01
3.065509721636772156e-03
-5.846586078405380249e-03
-1.273467205464839935e-02
1.583789009600877762e-03
-1.916648074984550476e-02
2.917495369911193848e-02
5.037455633282661438e-02
-2.576588885858654976e-04
3.690981492400169373e-02
4.742705076932907104e-02
7.550968974828720093e-02
2.370031550526618958e-03
-3.258034214377403259e-02
-6.397340446710586548e-03
-1.362436916679143906e-02
9.507128596305847168e-02
-1.131410151720046997e-02
9.725903160870075226e-03
4.303674772381782532e-02
2.371484041213989258e-02
2.575412159785628319e-03
-2.672430593520402908e-03
-1.215570047497749329e-02
-8.926987648010253906e-04
4.526531696319580078e-02
7.216446101665496826e-05
-2.309481613337993622e-03
1.807075589895248413e-01
4.820202291011810303e-02
-4.829508252441883087e-03
-5.651177838444709778e-03
5.158805474638938904e-02
7.603876292705535889e-03
-4.583183303475379944e-02
2.074751257896423340e-02
-1.336511224508285522e-03
5.657806992530822754e-03
4.825307801365852356e-02
4.295930266380310059e-04
-9.730909019708633423e-03
4.748799651861190796e-02
-2.004140987992286682e-03
3.384987264871597290e-02
9.616451337933540344e-03
4.123114794492721558e-02
-1.011842675507068634e-02
1.274031586945056915e-03
6.941077113151550293e-02
1.338134706020355225e-02
-7.661746349185705185e-04
-1.392429415136575699e-02
7.390983402729034424e-02
3.795608133077621460e-02
5.844570696353912354e-03
2.462457679212093353e-02
-1.705506257712841034e-02
3.265530616044998169e-02
-5.235493648797273636e-03
-2.379674650728702545e-02
-1.088996510952711105e-02
7.786748930811882019e-03
1.477055251598358154e-03
-6.438550539314746857e-03
5.010491237044334412e-02
4.734048247337341309e-02
-4.408200457692146301e-02
-2.020657807588577271e-02
5.676534026861190796e-02
-2.132237143814563751e-02
4.296783357858657837e-03
-1.636113412678241730e-02
-3.991052508354187012e-04
-5.063139647245407104e-02
4.851520061492919922e-02
9.947827458381652832e-02
-4.242279753088951111e-02
-6.778424140065908432e-04
-1.641728170216083527e-02
-9.396675974130630493e-03
7.437390275299549103e-03
4.481536895036697388e-02
-5.062443017959594727e-02
5.049919337034225464e-02
6.018126755952835083e-02
3.863753378391265869e-02
5.117496848106384277e-02
-1.520493999123573303e-03
6.410403177142143250e-03
1.054812595248222351e-02
6.267648935317993164e-02
8.925001136958599091e-03
-1.230754889547824860e-02
2.016603248193860054e-03
6.720036268234252930e-03
-4.432373680174350739e-03
4.559691622853279114e-02
4.163939505815505981e-03
3.900919808074831963e-03
4.903060942888259888e-02
6.212074309587478638e-02
-6.000509485602378845e-03
-5.145035684108734131e-04
1.047987490892410278e-03
-4.939565807580947876e-02
2.245467901229858398e-02
2.052335813641548157e-02
5.562708154320716858e-02
-1.962505839765071869e-02
-3.439115732908248901e-02
5.354226753115653992e-02
-2.874803543090820312e-02
5.870442464947700500e-02
5.309797823429107666e-02
2.996602561324834824e-03
1.303356140851974487e-01
3.041962534189224243e-02
6.193596869707107544e-02
-3.315703570842742920e-02
9.104264900088310242e-04
-2.762855216860771179e-02
-1.052642427384853363e-02
-1.564472913742065430e-02
-6.860140711069107056e-03
5.705610662698745728e-02
-1.663673110306262970e-02
-2.132667228579521179e-03
5.831367522478103638e-02
-3.956712782382965088e-02
-3.939648717641830444e-02
3.014371916651725769e-02
-4.424918442964553833e-03
-7.690973579883575439e-04
3.829579800367355347e-04
3.568984195590019226e-02
4.316231608390808105e-02
-9.100958704948425293e-04
-3.120946139097213745e-02
-2.370966598391532898e-03
3.613146953284740448e-03
-5.400758236646652222e-02
-3.527600085362792015e-03
2.241092175245285034e-02
4.475272819399833679e-02
6.414031609892845154e-03
5.877217650413513184e-02
-5.427581723779439926e-03
-3.129100054502487183e-02
3.665995225310325623e-02
5.713783949613571167e-02
5.226971954107284546e-02
-4.264642670750617981e-02
-1.311035640537738800e-02
-1.829949952661991119e-02
1.442917622625827789e-02
-3.810506314039230347e-04
2.051936462521553040e-02
-1.984549686312675476e-02
2.159425988793373108e-02
