3.555196225643157959e-01
6.831083893775939941e-01
8.040041923522949219e-01
9.240897893905639648e-01
3.397523760795593262e-01
3.395843803882598877e-01
6.853787899017333984e-01
6.663258671760559082e-01
8.097583651542663574e-01
8.506916761398315430e-01
3.361689150333404541e-01
3.394787609577178955e-01
3.819846212863922119e-01
8.503807783126831055e-01
8.508726358413696289e-01
8.473639488220214844e-01
7.911113500595092773e-01
8.198344707489013672e-01
9.430176019668579102e-01
8.525757193565368652e-01
7.722816467285156250e-01
9.078038334846496582e-01
8.446857929229736328e-01
8.507169485092163086e-01
3.379936218261718750e-01
8.786593675613403320e-01
3.470484018325805664e-01
7.979388236999511719e-01
3.380557596683502197e-01
5.978434085845947266e-01
8.509903550148010254e-01
7.072482705116271973e-01
8.485294580459594727e-01
8.903396725654602051e-01
5.609592199325561523e-01
7.734891772270202637e-01
3.399964272975921631e-01
8.643526434898376465e-01
3.396880924701690674e-01
3.386192321777343750e-01
8.596973419189453125e-01
3.662090003490447998e-01
8.519419431686401367e-01
3.376185595989227295e-01
3.369665145874023438e-01
7.992471456527709961e-01
8.200939893722534180e-01
9.246869683265686035e-01
8.685311675071716309e-01
8.213362693786621094e-01
8.531743884086608887e-01
9.663314819335937500e-01
8.480437397956848145e-01
3.391683399677276611e-01
3.841052353382110596e-01
3.383110463619232178e-01
7.343561053276062012e-01
8.758837580680847168e-01
3.417509496212005615e-01
8.464720249176025391e-01
8.667424917221069336e-01
8.805224895477294922e-01
8.372493982315063477e-01
8.026833534240722656e-01
8.347289562225341797e-01
8.436002731323242188e-01
5.698986053466796875e-01
3.795371055603027344e-01
8.181809186935424805e-01
8.492514491081237793e-01
4.186051785945892334e-01
7.714558839797973633e-01
8.868651390075683594e-01
3.373045325279235840e-01
8.500070571899414062e-01
8.485529422760009766e-01
8.554579615592956543e-01
8.484535217285156250e-01
8.148447871208190918e-01
3.403658270835876465e-01
3.384792506694793701e-01
8.354485034942626953e-01
4.348053038120269775e-01
8.497910499572753906e-01
6.837923526763916016e-01
8.504801988601684570e-01
3.376277983188629150e-01
8.460162281990051270e-01
3.446213006973266602e-01
8.482460975646972656e-01
3.392700850963592529e-01
7.250789403915405273e-01
4.504110813140869141e-01
3.398517072200775146e-01
8.117420673370361328e-01
3.397660553455352783e-01
3.389629423618316650e-01
8.546145558357238770e-01
3.396916985511779785e-01
8.468769788742065430e-01
3.392968177795410156e-01
5.328783392906188965e-01
3.349196016788482666e-01
5.371474623680114746e-01
8.242228031158447266e-01
8.517886996269226074e-01
8.274517059326171875e-01
3.421565890312194824e-01
8.397486209869384766e-01
8.513705134391784668e-01
3.251546621322631836e-01
6.703130006790161133e-01
8.462057113647460938e-01
8.545947670936584473e-01
3.412936627864837646e-01
4.974468052387237549e-01
3.351255357265472412e-01
3.235039114952087402e-01
8.494431376457214355e-01
5.613607168197631836e-01
8.373208045959472656e-01
8.148411512374877930e-01
8.806458115577697754e-01
7.960700988769531250e-01
8.491530418395996094e-01
8.192853927612304688e-01
3.590558469295501709e-01
8.506070375442504883e-01
8.495804071426391602e-01
9.229314327239990234e-01
7.279409766197204590e-01
8.614934682846069336e-01
7.641637921333312988e-01
3.708642125129699707e-01
7.423750162124633789e-01
8.489972352981567383e-01
8.324552774429321289e-01
8.319760560989379883e-01
8.639359474182128906e-01
8.502510786056518555e-01
8.846172094345092773e-01
8.534348011016845703e-01
8.260468244552612305e-01
3.405210077762603760e-01
4.612863957881927490e-01
9.271297454833984375e-01
3.293074965476989746e-01
8.502165079116821289e-01
8.492323160171508789e-01
3.370734155178070068e-01
8.361715078353881836e-01
3.386105298995971680e-01
8.475499153137207031e-01
3.598044216632843018e-01
8.976390361785888672e-01
7.283803224563598633e-01
3.387143611907958984e-01
5.248903036117553711e-01
3.389328420162200928e-01
8.446066975593566895e-01
3.386688828468322754e-01
9.182398915290832520e-01
8.366437554359436035e-01
6.895431876182556152e-01
8.610391616821289062e-01
7.371885776519775391e-01
8.195652961730957031e-01
6.625644564628601074e-01
3.169752061367034912e-01
8.386526703834533691e-01
4.193545281887054443e-01
3.402913510799407959e-01
3.368236124515533447e-01
3.651460707187652588e-01
3.412171602249145508e-01
5.840837359428405762e-01
3.281993269920349121e-01
3.390180766582489014e-01
8.478376269340515137e-01
8.490194082260131836e-01
7.455518245697021484e-01
3.413611948490142822e-01
8.504933714866638184e-01
3.384227454662322998e-01
8.405996561050415039e-01
3.385088145732879639e-01
8.543780446052551270e-01
6.599345207214355469e-01
4.939221441745758057e-01
8.254089355468750000e-01
8.467625975608825684e-01
8.496375083923339844e-01
4.010381400585174561e-01
8.505554199218750000e-01
5.038479566574096680e-01
7.800109386444091797e-01
3.392781913280487061e-01
3.391977846622467041e-01
8.454982042312622070e-01
8.270977735519409180e-01
6.743559837341308594e-01
5.651886463165283203e-01
8.270679712295532227e-01
3.203976452350616455e-01
8.501446843147277832e-01
3.367719352245330811e-01
8.973042368888854980e-01
8.490346074104309082e-01
8.333361148834228516e-01
3.385604918003082275e-01
3.389317095279693604e-01
3.357721567153930664e-01
5.081411600112915039e-01
7.243517637252807617e-01
8.488194942474365234e-01
4.082046747207641602e-01
8.505016565322875977e-01
3.388881087303161621e-01
7.920891046524047852e-01
4.000407755374908447e-01
8.194246292114257812e-01
3.285756409168243408e-01
8.203560113906860352e-01
8.255934715270996094e-01
3.290035426616668701e-01
3.385534584522247314e-01
8.506609201431274414e-01
3.394053578376770020e-01
8.487862944602966309e-01
8.288927674293518066e-01
5.620667338371276855e-01
5.318618416786193848e-01
3.237698674201965332e-01
3.567303717136383057e-01
7.076437473297119141e-01
8.507351875305175781e-01
3.420650064945220947e-01
3.383753001689910889e-01
4.444624483585357666e-01
3.369212448596954346e-01
3.388045728206634521e-01
8.677005171775817871e-01
3.389138281345367432e-01
5.809943675994873047e-01
3.387413918972015381e-01
9.829572439193725586e-01
3.395118713378906250e-01
9.246517419815063477e-01
8.511039018630981445e-01
8.531633019447326660e-01
8.425974845886230469e-01
8.504683971405029297e-01
3.393822312355041504e-01
3.386027216911315918e-01
3.562271595001220703e-01
6.351186037063598633e-01
5.076141357421875000e-01
6.834990978240966797e-01
3.394264280796051025e-01
3.576317727565765381e-01
3.397841453552246094e-01
3.399803638458251953e-01
9.786250591278076172e-01
5.798301100730895996e-01
3.405412733554840088e-01
8.055178523063659668e-01
8.393673896789550781e-01
8.327314853668212891e-01
8.352717757225036621e-01
8.455525636672973633e-01
8.518776893615722656e-01
9.223313927650451660e-01
8.488796353340148926e-01
8.384481668472290039e-01
3.387126028537750244e-01
9.310017228126525879e-01
8.295791149139404297e-01
8.509911894798278809e-01
8.507807254791259766e-01
9.673777818679809570e-01
8.476176857948303223e-01
3.404559493064880371e-01
8.393892049789428711e-01
4.612167477607727051e-01
3.416303098201751709e-01
8.398055434226989746e-01
4.089992344379425049e-01
5.792352557182312012e-01
4.486360847949981689e-01
8.502798080444335938e-01
3.711374998092651367e-01
8.489347100257873535e-01
4.857828319072723389e-01
8.125046491622924805e-01
8.510574698448181152e-01
6.210808753967285156e-01
3.346931338310241699e-01
8.490332365036010742e-01
8.413407802581787109e-01
8.302577733993530273e-01
3.348942101001739502e-01
8.507294654846191406e-01
3.410598933696746826e-01
8.257778286933898926e-01
3.370575010776519775e-01
3.394385576248168945e-01
8.504573106765747070e-01
9.187512397766113281e-01
8.512120246887207031e-01
8.473937511444091797e-01
8.967891931533813477e-01
5.478562712669372559e-01
7.832641601562500000e-01
8.516910076141357422e-01
4.279591739177703857e-01
8.504719734191894531e-01
8.836104869842529297e-01
6.772223711013793945e-01
3.440764546394348145e-01
8.066373467445373535e-01
3.386793434619903564e-01
8.662208318710327148e-01
3.398140370845794678e-01
3.392807543277740479e-01
4.186929762363433838e-01
3.368805348873138428e-01
3.332820534706115723e-01
8.506839871406555176e-01
8.083048462867736816e-01
6.427955627441406250e-01
8.788826465606689453e-01
8.510659337043762207e-01
8.664156794548034668e-01
3.335919082164764404e-01
8.525617122650146484e-01
3.392303884029388428e-01
8.484190106391906738e-01
3.393314182758331299e-01
8.501217365264892578e-01
3.332885801792144775e-01
3.405999839305877686e-01
3.380427658557891846e-01
8.512291908264160156e-01
3.377636969089508057e-01
8.036434650421142578e-01
7.746340632438659668e-01
7.056524157524108887e-01
9.595301151275634766e-01
8.505085110664367676e-01
6.094826459884643555e-01
8.428257703781127930e-01
8.581639528274536133e-01
3.420903980731964111e-01
4.706597030162811279e-01
8.731697797775268555e-01
8.599767684936523438e-01
3.394037485122680664e-01
8.510465621948242188e-01
6.299687623977661133e-01
8.500932455062866211e-01
3.398437201976776123e-01
3.559717535972595215e-01
3.376614153385162354e-01
3.391909897327423096e-01
8.355216979980468750e-01
8.222947716712951660e-01
3.412360250949859619e-01
3.396643400192260742e-01
5.664301514625549316e-01
8.372634649276733398e-01
8.105168342590332031e-01
8.452161550521850586e-01
3.889658749103546143e-01
8.469362258911132812e-01
7.908701896667480469e-01
8.562226295471191406e-01
6.731259226799011230e-01
8.506743311882019043e-01
4.373623430728912354e-01
3.382797837257385254e-01
5.335320234298706055e-01
8.458603620529174805e-01
8.552449345588684082e-01
8.692885637283325195e-01
3.370418250560760498e-01
8.489708900451660156e-01
3.369486629962921143e-01
8.748741745948791504e-01
8.515433073043823242e-01
3.389393389225006104e-01
8.466416597366333008e-01
3.387781083583831787e-01
4.947912991046905518e-01
3.414423763751983643e-01
7.932448387145996094e-01
5.310130715370178223e-01
8.478043675422668457e-01
6.891429424285888672e-01
3.362203836441040039e-01
3.409111201763153076e-01
8.483942747116088867e-01
4.745926558971405029e-01
4.678286015987396240e-01
8.392519950866699219e-01
7.256463766098022461e-01
7.940740585327148438e-01
5.016396045684814453e-01
3.672791719436645508e-01
8.739472627639770508e-01
4.618578851222991943e-01
8.494980931282043457e-01
8.498095273971557617e-01
8.245037198066711426e-01
6.900352239608764648e-01
7.991080880165100098e-01
3.390006721019744873e-01
8.488842844963073730e-01
8.491958379745483398e-01
7.523179054260253906e-01
3.401698172092437744e-01
3.395039439201354980e-01
5.148935317993164062e-01
8.411694765090942383e-01
8.709203004837036133e-01
3.357771039009094238e-01
3.698930144309997559e-01
8.507680296897888184e-01
3.383916616439819336e-01
8.504963517189025879e-01
3.388608396053314209e-01
7.724635004997253418e-01
3.382718861103057861e-01
8.527873754501342773e-01
5.586854815483093262e-01
4.188964068889617920e-01
8.362878561019897461e-01
3.395539820194244385e-01
6.951782703399658203e-01
3.389416337013244629e-01
8.508423566818237305e-01
8.371340036392211914e-01
6.995686292648315430e-01
5.143355727195739746e-01
8.460685014724731445e-01
8.534135818481445312e-01
3.403276801109313965e-01
3.395093679428100586e-01
7.074521780014038086e-01
3.375187814235687256e-01
3.480626344680786133e-01
6.169399023056030273e-01
8.509811162948608398e-01
3.403680026531219482e-01
3.399019539356231689e-01
8.419106602668762207e-01
8.735856413841247559e-01
8.697351813316345215e-01
9.232379198074340820e-01
8.131239414215087891e-01
3.391989171504974365e-01
8.304699063301086426e-01
8.493271470069885254e-01
8.518906831741333008e-01
6.221030950546264648e-01
8.465495109558105469e-01
8.845825791358947754e-01
8.774300813674926758e-01
3.380949795246124268e-01
3.390825390815734863e-01
8.280893564224243164e-01
3.312731087207794189e-01
8.497130870819091797e-01
6.052893400192260742e-01
8.502030968666076660e-01
3.408426940441131592e-01
3.390998542308807373e-01
7.162014245986938477e-01
3.638283908367156982e-01
8.342857956886291504e-01
8.520055413246154785e-01
3.368963599205017090e-01
3.872959315776824951e-01
4.363932311534881592e-01
8.861737251281738281e-01
3.181842565536499023e-01
3.554182350635528564e-01
3.380998671054840088e-01
7.920403480529785156e-01
8.506426811218261719e-01
8.506982326507568359e-01
6.037473082542419434e-01
3.390041887760162354e-01
8.508044481277465820e-01
3.385695517063140869e-01
3.386540114879608154e-01
3.472901880741119385e-01
7.960758805274963379e-01
4.040373563766479492e-01
8.783393502235412598e-01
3.392116725444793701e-01
3.388229608535766602e-01
3.393430411815643311e-01
5.878359079360961914e-01
8.479778766632080078e-01
8.590524196624755859e-01
3.437083363533020020e-01
4.297704398632049561e-01
8.480072021484375000e-01
8.144062757492065430e-01
3.389065265655517578e-01
5.727889537811279297e-01
8.505914211273193359e-01
3.558849990367889404e-01
7.949595451354980469e-01
3.381484746932983398e-01
3.400157392024993896e-01
5.601172447204589844e-01
5.636141896247863770e-01
8.258386850357055664e-01
7.587363719940185547e-01
3.293855488300323486e-01
9.625926017761230469e-01
8.521993160247802734e-01
3.382725119590759277e-01
6.242901086807250977e-01
8.496338129043579102e-01
5.966704487800598145e-01
8.412225246429443359e-01
4.650852978229522705e-01
3.855202496051788330e-01
7.617008090019226074e-01
8.388944268226623535e-01
6.190949678421020508e-01
3.400950133800506592e-01
5.802469253540039062e-01
9.703509807586669922e-01
8.503246903419494629e-01
8.544685840606689453e-01
8.507977724075317383e-01
5.636815428733825684e-01
5.941970348358154297e-01
8.458839654922485352e-01
8.367086648941040039e-01
3.391517400741577148e-01
8.394187092781066895e-01
6.794174909591674805e-01
3.279949128627777100e-01
3.394047915935516357e-01
3.392536342144012451e-01
4.998246133327484131e-01
3.395041823387145996e-01
8.665439486503601074e-01
3.304200172424316406e-01
7.595245838165283203e-01
3.392298221588134766e-01
8.491955399513244629e-01
8.497158288955688477e-01
3.358735740184783936e-01
3.335048258304595947e-01
3.544253408908843994e-01
8.376087546348571777e-01
3.422229886054992676e-01
3.417397439479827881e-01
8.089581727981567383e-01
3.571341931819915771e-01
8.657745718955993652e-01
8.508503437042236328e-01
8.507150411605834961e-01
3.404161334037780762e-01
3.362469077110290527e-01
6.353352665901184082e-01
3.379262685775756836e-01
6.535034179687500000e-01
8.453049659729003906e-01
8.004133105278015137e-01
8.506058454513549805e-01
8.517255783081054688e-01
3.275377154350280762e-01
8.433268070220947266e-01
3.425310254096984863e-01
5.230114459991455078e-01
5.291827917098999023e-01
3.457518517971038818e-01
7.528279423713684082e-01
5.721231698989868164e-01
3.421720862388610840e-01
3.638977110385894775e-01
8.344619274139404297e-01
8.525749444961547852e-01
8.498139977455139160e-01
3.395993411540985107e-01
8.507156372070312500e-01
8.044078350067138672e-01
8.477996587753295898e-01
3.388281762599945068e-01
7.346465587615966797e-01
8.500296473503112793e-01
8.343042135238647461e-01
8.506611585617065430e-01
8.480235338211059570e-01
3.401497006416320801e-01
8.530176281929016113e-01
1.004404544830322266e+00
8.504274487495422363e-01
8.027287721633911133e-01
4.103854000568389893e-01
3.336127698421478271e-01
8.508067131042480469e-01
8.497310280799865723e-01
8.350698947906494141e-01
8.509235978126525879e-01
8.693291544914245605e-01
5.258305072784423828e-01
8.514384031295776367e-01
8.022171258926391602e-01
3.392612636089324951e-01
8.137633800506591797e-01
8.413853049278259277e-01
3.377971947193145752e-01
8.510976433753967285e-01
3.396929502487182617e-01
4.397360384464263916e-01
5.919492244720458984e-01
8.513661623001098633e-01
8.568980693817138672e-01
3.412223160266876221e-01
8.168296813964843750e-01
3.362426459789276123e-01
8.610880374908447266e-01
8.509145975112915039e-01
8.509265184402465820e-01
6.714493036270141602e-01
6.894303560256958008e-01
8.132710456848144531e-01
6.726484298706054688e-01
4.043664038181304932e-01
7.582186460494995117e-01
3.324255049228668213e-01
3.398554027080535889e-01
8.455021381378173828e-01
8.277359008789062500e-01
8.515610098838806152e-01
8.500173687934875488e-01
8.505002856254577637e-01
8.107399940490722656e-01
8.486307859420776367e-01
8.305929899215698242e-01
3.404754400253295898e-01
3.290768563747406006e-01
8.881300091743469238e-01
8.492900133132934570e-01
7.066359519958496094e-01
8.512523174285888672e-01
8.456674218177795410e-01
8.021373748779296875e-01
7.458090782165527344e-01
8.532827496528625488e-01
6.608613729476928711e-01
7.945907115936279297e-01
8.476061820983886719e-01
6.483455896377563477e-01
8.329455852508544922e-01
8.508623838424682617e-01
7.485562562942504883e-01
8.475881218910217285e-01
8.504055738449096680e-01
8.478963375091552734e-01
8.507128357887268066e-01
8.507094383239746094e-01
3.211631178855895996e-01
3.997439742088317871e-01
3.392783403396606445e-01
8.488326668739318848e-01
3.377109766006469727e-01
8.511482477188110352e-01
3.400984108448028564e-01
6.506823301315307617e-01
3.625870943069458008e-01
8.693461418151855469e-01
8.927686214447021484e-01
8.608389496803283691e-01
8.658849000930786133e-01
3.328454196453094482e-01
8.507031202316284180e-01
8.504624366760253906e-01
6.012330651283264160e-01
3.394777774810791016e-01
3.630976974964141846e-01
3.361172974109649658e-01
3.360480666160583496e-01
3.412066698074340820e-01
3.357045948505401611e-01
3.385019302368164062e-01
3.391720652580261230e-01
4.389101564884185791e-01
3.388632535934448242e-01
5.169780850410461426e-01
4.731620848178863525e-01
8.242101073265075684e-01
3.389501571655273438e-01
8.185559511184692383e-01
3.388353288173675537e-01
3.396749198436737061e-01
3.414967060089111328e-01
8.521459102630615234e-01
3.422544300556182861e-01
8.560712337493896484e-01
3.313646018505096436e-01
3.387961089611053467e-01
3.483055531978607178e-01
8.439441919326782227e-01
8.518613576889038086e-01
8.505855202674865723e-01
3.391642868518829346e-01
8.645968437194824219e-01
8.506717085838317871e-01
8.491522073745727539e-01
3.393531441688537598e-01
3.400934040546417236e-01
6.940293908119201660e-01
7.352265119552612305e-01
7.320320606231689453e-01
8.480882644653320312e-01
8.512827754020690918e-01
5.029798150062561035e-01
3.410452902317047119e-01
7.352340221405029297e-01
7.863183021545410156e-01
8.506698608398437500e-01
8.505468368530273438e-01
3.404533267021179199e-01
8.441001176834106445e-01
8.507099151611328125e-01
8.182000517845153809e-01
8.231713771820068359e-01
6.749839782714843750e-01
3.388107120990753174e-01
8.508238792419433594e-01
7.078260779380798340e-01
7.067068815231323242e-01
3.400944769382476807e-01
3.392232954502105713e-01
8.500295877456665039e-01
3.519204556941986084e-01
8.138770461082458496e-01
8.576781749725341797e-01
3.506401479244232178e-01
8.432081937789916992e-01
8.304988145828247070e-01
7.936449050903320312e-01
3.343827426433563232e-01
8.523523211479187012e-01
8.488216400146484375e-01
7.638001441955566406e-01
5.033513307571411133e-01
4.310137629508972168e-01
9.036959409713745117e-01
7.018374800682067871e-01
8.499934673309326172e-01
3.379128873348236084e-01
8.499831557273864746e-01
8.506928682327270508e-01
3.365520536899566650e-01
8.484956026077270508e-01
7.633566856384277344e-01
8.791230916976928711e-01
6.012534499168395996e-01
7.811368107795715332e-01
8.497921228408813477e-01
3.916790485382080078e-01
8.241604566574096680e-01
7.713750600814819336e-01
3.390237390995025635e-01
3.383796513080596924e-01
3.392049074172973633e-01
7.552565336227416992e-01
3.480918109416961670e-01
3.321858346462249756e-01
6.141946911811828613e-01
9.684795141220092773e-01
3.429888486862182617e-01
9.224472641944885254e-01
8.356500864028930664e-01
3.388328850269317627e-01
3.399890363216400146e-01
8.465560078620910645e-01
8.590899705886840820e-01
3.354855775833129883e-01
7.202264070510864258e-01
8.472456932067871094e-01
3.352225422859191895e-01
8.296054005622863770e-01
8.229392766952514648e-01
8.651300668716430664e-01
8.268295526504516602e-01
8.004684448242187500e-01
8.516355156898498535e-01
5.411095619201660156e-01
3.395739793777465820e-01
8.306736946105957031e-01
9.013375043869018555e-01
6.005556583404541016e-01
8.506016731262207031e-01
3.332027494907379150e-01
9.588483572006225586e-01
4.720504581928253174e-01
6.977686882019042969e-01
8.493172526359558105e-01
3.387405872344970703e-01
8.502046465873718262e-01
8.546764254570007324e-01
3.394839763641357422e-01
6.909006834030151367e-01
5.086041688919067383e-01
3.388164341449737549e-01
8.515127897262573242e-01
6.743903160095214844e-01
7.649380564689636230e-01
3.382638394832611084e-01
5.165907740592956543e-01
5.528846979141235352e-01
3.404446840286254883e-01
8.632470965385437012e-01
8.359839320182800293e-01
8.476670384407043457e-01
6.033502817153930664e-01
8.252297639846801758e-01
3.383396863937377930e-01
8.189304471015930176e-01
8.359592556953430176e-01
8.053626418113708496e-01
8.697866201400756836e-01
3.344368636608123779e-01
6.327944993972778320e-01
8.175181150436401367e-01
3.391835689544677734e-01
3.365797996520996094e-01
8.677451014518737793e-01
7.497153878211975098e-01
5.795620679855346680e-01
8.040302991867065430e-01
8.541486859321594238e-01
6.488664150238037109e-01
3.383966386318206787e-01
8.496360778808593750e-01
8.480172157287597656e-01
7.902907729148864746e-01
3.414424955844879150e-01
8.484514355659484863e-01
3.410109877586364746e-01
7.955118417739868164e-01
3.391681015491485596e-01
8.506300449371337891e-01
8.494954705238342285e-01
3.422237336635589600e-01
8.291215896606445312e-01
8.504634499549865723e-01
4.805449545383453369e-01
9.016448855400085449e-01
8.689947128295898438e-01
8.534328937530517578e-01
7.954474091529846191e-01
5.472409129142761230e-01
3.400690257549285889e-01
9.535291194915771484e-01
3.411500751972198486e-01
8.169971108436584473e-01
7.937548160552978516e-01
3.393870890140533447e-01
8.501015901565551758e-01
3.306306898593902588e-01
3.414558470249176025e-01
8.059001564979553223e-01
8.183015584945678711e-01
8.504462838172912598e-01
3.903952836990356445e-01
8.511959314346313477e-01
3.374643623828887939e-01
3.412455320358276367e-01
4.484696686267852783e-01
8.490457534790039062e-01
3.393188416957855225e-01
8.494424819946289062e-01
3.403707742691040039e-01
8.225683569908142090e-01
3.391914069652557373e-01
3.322044312953948975e-01
8.477463126182556152e-01
8.504250645637512207e-01
8.728501796722412109e-01
8.569762706756591797e-01
3.389226496219635010e-01
3.400770127773284912e-01
8.134719133377075195e-01
8.511440753936767578e-01
3.415775001049041748e-01
8.519393205642700195e-01
8.458287715911865234e-01
5.379709005355834961e-01
3.341543972492218018e-01
4.022903442382812500e-01
8.464515805244445801e-01
7.874802350997924805e-01
8.495145440101623535e-01
8.505418300628662109e-01
6.294515132904052734e-01
3.418564200401306152e-01
3.287107050418853760e-01
8.467517495155334473e-01
3.399776816368103027e-01
3.387501835823059082e-01
8.449163436889648438e-01
4.921875894069671631e-01
4.054076969623565674e-01
3.414293825626373291e-01
8.401802778244018555e-01
8.543987274169921875e-01
8.609808087348937988e-01
8.476027250289916992e-01
7.379278540611267090e-01
8.458247780799865723e-01
5.234050750732421875e-01
3.377047181129455566e-01
9.701424837112426758e-01
3.387700915336608887e-01
8.203798532485961914e-01
3.405852019786834717e-01
8.479604125022888184e-01
6.881917715072631836e-01
8.507573604583740234e-01
4.130018055438995361e-01
7.089050412178039551e-01
3.395486176013946533e-01
8.512363433837890625e-01
8.473266959190368652e-01
8.583377599716186523e-01
8.180925846099853516e-01
3.379367887973785400e-01
8.385745286941528320e-01
8.365377783775329590e-01
8.489807844161987305e-01
8.357416987419128418e-01
8.492517471313476562e-01
8.595449924468994141e-01
8.496879339218139648e-01
8.292888402938842773e-01
8.503431081771850586e-01
7.329341173171997070e-01
8.425769805908203125e-01
5.218423008918762207e-01
8.523725271224975586e-01
3.375133275985717773e-01
8.507180213928222656e-01
9.388034939765930176e-01
7.951491475105285645e-01
8.635023236274719238e-01
8.506348133087158203e-01
7.967850565910339355e-01
6.815778017044067383e-01
8.506013154983520508e-01
3.395862877368927002e-01
3.401239812374114990e-01
7.987695932388305664e-01
3.425714373588562012e-01
4.428419768810272217e-01
8.507739305496215820e-01
7.913783192634582520e-01
3.425110578536987305e-01
5.316082835197448730e-01
8.294724225997924805e-01
8.253308534622192383e-01
8.489998579025268555e-01
8.377121686935424805e-01
3.372290730476379395e-01
3.248900473117828369e-01
4.929470717906951904e-01
3.390341699123382568e-01
7.676308155059814453e-01
8.433449268341064453e-01
3.741064369678497314e-01
8.407818078994750977e-01
8.512054681777954102e-01
8.348972797393798828e-01
8.525131940841674805e-01
3.393106460571289062e-01
8.514131307601928711e-01
3.383755683898925781e-01
3.353762328624725342e-01
8.242565393447875977e-01
8.481485247611999512e-01
