9.957464039325714111e-02
1.481703221797943115e-01
5.556955933570861816e-02
9.898630529642105103e-02
1.418388187885284424e-01
1.272447854280471802e-01
7.465472817420959473e-02
1.339825242757797241e-01
1.831925660371780396e-01
1.656808704137802124e-01
1.928356587886810303e-01
1.915783137083053589e-01
1.923773586750030518e-01
1.325947940349578857e-01
1.000185310840606689e-01
2.049644887447357178e-01
1.460085213184356689e-01
9.317489713430404663e-02
5.678706616163253784e-02
1.502678692340850830e-01
1.520726531744003296e-01
1.305138170719146729e-01
1.173023283481597900e-01
9.463303536176681519e-02
9.685289859771728516e-02
1.589139848947525024e-01
3.307363390922546387e-02
1.539288163185119629e-01
1.402431428432464600e-01
2.764383703470230103e-02
7.912974804639816284e-02
1.682805120944976807e-01
5.173569917678833008e-02
1.250083148479461670e-01
4.081515967845916748e-02
1.290901452302932739e-01
1.014695465564727783e-01
8.487752825021743774e-02
1.525220572948455811e-01
1.346456408500671387e-01
1.336331516504287720e-01
1.165959388017654419e-01
2.152171880006790161e-01
1.307518631219863892e-01
1.582114100456237793e-01
2.021506875753402710e-01
1.054935082793235779e-01
1.371655017137527466e-01
1.608588099479675293e-01
7.884721457958221436e-02
2.971477806568145752e-01
8.302994072437286377e-02
1.375693231821060181e-01
8.105601370334625244e-02
1.746776103973388672e-01
8.857399225234985352e-02
1.279979646205902100e-01
1.599752753973007202e-01
6.177749484777450562e-02
6.681323051452636719e-02
1.310837566852569580e-01
8.790930360555648804e-02
6.338504701852798462e-02
1.534786224365234375e-01
6.334035843610763550e-02
1.636445671319961548e-01
2.672776877880096436e-01
1.081018745899200439e-01
1.284758150577545166e-01
7.634729892015457153e-02
5.676218867301940918e-02
1.381680369377136230e-01
8.171831071376800537e-02
9.414304792881011963e-02
2.279407232999801636e-01
2.511591017246246338e-01
7.447109371423721313e-02
3.619184717535972595e-04
1.130094826221466064e-01
1.715407371520996094e-01
1.559933926910161972e-02
1.149947345256805420e-01
1.226382255554199219e-01
1.921649873256683350e-01
5.944585800170898438e-02
1.334830969572067261e-01
1.218523234128952026e-01
7.057166844606399536e-02
7.200177013874053955e-02
1.585730910301208496e-01
1.269831359386444092e-01
7.540588080883026123e-02
1.121243387460708618e-01
5.288235843181610107e-02
1.201939284801483154e-01
1.815536916255950928e-01
1.425819993019104004e-01
1.482986807823181152e-01
1.407483220100402832e-01
1.524122655391693115e-01
2.066624760627746582e-01
9.922268986701965332e-02
1.527720689773559570e-01
1.237310767173767090e-01
1.075028926134109497e-01
1.750573366880416870e-01
3.667171299457550049e-02
1.003153398633003235e-01
9.550012648105621338e-02
8.595639467239379883e-02
1.114979982376098633e-01
1.208476629108190536e-02
1.613020002841949463e-01
4.063135385513305664e-02
2.737576514482498169e-02
1.134271919727325439e-01
5.428199470043182373e-02
1.240592896938323975e-01
1.477793753147125244e-01
7.735113799571990967e-02
1.249307543039321899e-01
1.337302029132843018e-01
1.153115034103393555e-01
2.377751767635345459e-01
1.208498626947402954e-01
1.250994056463241577e-01
1.372777521610260010e-01
1.075664982199668884e-01
6.217394769191741943e-02
2.479716837406158447e-01
1.811695098876953125e-01
7.209749519824981689e-02
1.550392061471939087e-01
1.204840838909149170e-01
6.408182531595230103e-02
1.379789113998413086e-01
7.254943996667861938e-02
1.438726782798767090e-01
1.384892165660858154e-01
8.336000889539718628e-02
2.565706670284271240e-01
1.003011129796504974e-03
1.424609422683715820e-01
1.228352785110473633e-01
1.559090763330459595e-01
2.464917004108428955e-01
1.686068922281265259e-01
5.900838226079940796e-02
1.340314000844955444e-01
1.663158237934112549e-01
1.783545762300491333e-01
1.440659761428833008e-01
9.006841480731964111e-02
1.973127871751785278e-01
8.803966641426086426e-02
1.447681486606597900e-01
1.260938644409179688e-01
8.374916017055511475e-02
8.427715301513671875e-02
1.206139624118804932e-01
4.550962708890438080e-03
1.493801176548004150e-01
2.166081368923187256e-01
1.474946588277816772e-01
6.749077700078487396e-03
3.020480871200561523e-01
7.878221571445465088e-02
8.570448309183120728e-02
1.649919152259826660e-01
1.338059008121490479e-01
1.605561077594757080e-01
9.667804092168807983e-02
1.716805100440979004e-01
2.037143707275390625e-02
6.896563619375228882e-02
6.068630516529083252e-02
9.850203245878219604e-02
4.120877757668495178e-02
1.241218596696853638e-01
7.079546153545379639e-02
1.396826207637786865e-01
1.365752816200256348e-01
8.396250009536743164e-02
1.218286156654357910e-01
1.206116229295730591e-01
6.884183734655380249e-02
7.391014695167541504e-02
3.869839906692504883e-01
1.582716554403305054e-01
1.387426853179931641e-01
1.565969586372375488e-01
1.486835777759552002e-01
1.207305192947387695e-01
1.054865270853042603e-01
2.544070482254028320e-01
1.259018182754516602e-01
2.517990767955780029e-02
1.877875626087188721e-01
1.508983522653579712e-01
5.499586462974548340e-02
4.864726215600967407e-02
1.233236342668533325e-01
1.496768891811370850e-01
1.353799104690551758e-01
3.638242185115814209e-02
2.223008275032043457e-01
3.691452741622924805e-02
1.457923054695129395e-01
1.042327433824539185e-01
1.776884496212005615e-02
1.958302557468414307e-01
1.622565239667892456e-01
1.368389725685119629e-01
1.206963807344436646e-01
2.163936942815780640e-01
1.676407456398010254e-01
1.283794343471527100e-01
1.548872739076614380e-01
2.406551502645015717e-03
9.084241837263107300e-02
1.002074684947729111e-02
6.864719092845916748e-02
1.347369104623794556e-01
1.347561180591583252e-01
1.613816320896148682e-01
7.956133782863616943e-02
1.723718196153640747e-01
5.362623929977416992e-02
9.815990924835205078e-02
1.149457991123199463e-01
7.266830652952194214e-02
1.165124922990798950e-01
1.045585125684738159e-01
8.996658027172088623e-02
9.383989870548248291e-02
3.131376206874847412e-01
1.436231285333633423e-01
1.428465843200683594e-01
7.761327922344207764e-02
1.191608309745788574e-01
2.456549704074859619e-01
1.868855655193328857e-01
2.078387737274169922e-01
1.893578171730041504e-01
6.806868314743041992e-02
1.268431544303894043e-01
1.193497180938720703e-01
4.295374453067779541e-02
1.084093302488327026e-01
5.680023133754730225e-02
6.245567463338375092e-03
1.779930591583251953e-01
1.557872891426086426e-01
4.381963610649108887e-02
1.087298542261123657e-01
1.892667710781097412e-01
1.423377841711044312e-01
7.613662630319595337e-02
1.971860826015472412e-01
9.649963676929473877e-02
1.250205840915441513e-02
1.339822709560394287e-01
1.378909051418304443e-01
1.572602093219757080e-01
5.142492055892944336e-02
1.253624558448791504e-01
1.405771523714065552e-01
1.239337325096130371e-01
1.238666772842407227e-01
1.592413783073425293e-01
1.085481569170951843e-01
1.012936830520629883e-01
1.237040311098098755e-01
1.557688713073730469e-01
9.241273999214172363e-02
1.361097395420074463e-01
1.888514310121536255e-01
5.579295754432678223e-02
1.109849959611892700e-01
1.133664399385452271e-01
9.621352702379226685e-02
7.350821048021316528e-02
4.757773876190185547e-02
1.437850743532180786e-01
2.501250505447387695e-01
8.364833891391754150e-02
1.337071508169174194e-01
1.023720577359199524e-01
1.162316054105758667e-01
1.583792716264724731e-01
1.278090924024581909e-01
1.325217336416244507e-01
8.344863355159759521e-02
1.243287622928619385e-01
1.414419412612915039e-01
5.167247354984283447e-02
1.968564987182617188e-01
1.197928097099065781e-02
2.573603391647338867e-02
4.966440796852111816e-02
1.392325013875961304e-01
1.236683875322341919e-01
2.562012672424316406e-01
1.445566862821578979e-01
9.795046597719192505e-02
1.705393940210342407e-02
1.752350032329559326e-01
1.830438226461410522e-01
2.831409871578216553e-02
1.369429826736450195e-01
1.798347383737564087e-01
5.717746913433074951e-02
1.074164062738418579e-01
2.234041690826416016e-02
6.740671396255493164e-02
1.377649512141942978e-02
1.280497610569000244e-01
1.278148144483566284e-01
1.801289618015289307e-02
1.877528727054595947e-01
1.049279049038887024e-01
1.039666309952735901e-01
1.168729066848754883e-01
1.815219372510910034e-01
2.468578517436981201e-02
1.187746077775955200e-01
1.202404499053955078e-01
1.240022629499435425e-01
1.159410774707794189e-01
5.833246558904647827e-02
1.890639066696166992e-01
1.243145316839218140e-01
1.313842236995697021e-01
2.118257880210876465e-01
1.039103865623474121e-01
7.282494567334651947e-03
1.363986432552337646e-01
6.442948430776596069e-02
1.308650821447372437e-01
6.366065144538879395e-02
4.500040784478187561e-02
2.115219533443450928e-01
3.834721446037292480e-01
1.091628670692443848e-01
9.534321725368499756e-02
1.291777342557907104e-01
1.199737638235092163e-01
1.049531102180480957e-01
7.856318354606628418e-02
6.200240552425384521e-02
1.481833960860967636e-02
1.551897823810577393e-01
9.101391583681106567e-02
2.173686921596527100e-01
2.094015181064605713e-01
1.293520331382751465e-01
1.145636886358261108e-01
8.673949539661407471e-02
1.086443066596984863e-01
1.877940297126770020e-01
1.659846007823944092e-01
2.773550897836685181e-02
4.412102699279785156e-02
6.085820496082305908e-02
1.387566328048706055e-01
1.391672492027282715e-01
1.312246769666671753e-01
1.380783598870038986e-02
8.799647539854049683e-02
1.692539304494857788e-01
1.227207481861114502e-01
6.085620820522308350e-02
1.187411397695541382e-01
1.357093900442123413e-01
1.160644441843032837e-01
5.430977046489715576e-02
7.627955824136734009e-02
9.268573671579360962e-02
2.760773524641990662e-02
1.399553269147872925e-01
2.759587466716766357e-01
6.606538593769073486e-02
1.264913827180862427e-01
6.982943415641784668e-02
2.787387371063232422e-02
2.706599235534667969e-02
4.109793901443481445e-02
1.678007692098617554e-01
1.869416534900665283e-01
1.355929970741271973e-01
1.224527806043624878e-01
1.172109246253967285e-01
1.132082641124725342e-01
2.057961970567703247e-01
3.310608863830566406e-02
8.858451992273330688e-02
1.442900151014328003e-01
1.262777447700500488e-01
6.096348166465759277e-02
1.686909198760986328e-01
1.378864198923110962e-01
1.293860375881195068e-01
1.129101216793060303e-01
8.161400258541107178e-02
1.516509801149368286e-01
1.322318464517593384e-01
1.165011674165725708e-01
1.247464716434478760e-01
1.555446535348892212e-01
1.639914810657501221e-01
7.953168451786041260e-02
7.452096045017242432e-02
8.210264146327972412e-02
3.430074453353881836e-02
1.420413702726364136e-01
1.978911161422729492e-01
9.390963613986968994e-02
1.329192668199539185e-01
1.182739734649658203e-01
1.614031046628952026e-01
1.487405449151992798e-01
1.284492909908294678e-01
1.195108592510223389e-01
1.452268213033676147e-01
3.144916594028472900e-01
1.428672075271606445e-01
1.360675990581512451e-01
1.858092099428176880e-01
7.079984247684478760e-02
5.224888026714324951e-02
8.114105463027954102e-02
1.173423230648040771e-01
1.282621324062347412e-01
1.453572511672973633e-01
8.326826244592666626e-02
9.837127476930618286e-02
1.253383308649063110e-01
1.945301294326782227e-01
1.966433078050613403e-01
2.524277269840240479e-01
6.924879550933837891e-02
1.386378556489944458e-01
1.473111361265182495e-01
1.284171044826507568e-01
9.845082461833953857e-02
1.856288313865661621e-01
1.273032128810882568e-01
1.009193807840347290e-01
1.536618769168853760e-01
2.433239221572875977e-01
1.512464284896850586e-01
6.057862937450408936e-02
1.299662590026855469e-01
1.021797209978103638e-01
1.518070399761199951e-01
1.973131299018859863e-01
1.339245736598968506e-01
1.313080340623855591e-01
8.944430947303771973e-02
2.719224393367767334e-01
1.287913024425506592e-01
4.984112083911895752e-02
8.002246916294097900e-02
1.079180743545293808e-02
7.934932410717010498e-02
5.306677520275115967e-02
1.395213305950164795e-01
1.406836658716201782e-01
1.794644594192504883e-01
1.507969349622726440e-01
8.309398591518402100e-02
3.921544551849365234e-02
9.869728982448577881e-02
1.341361552476882935e-01
1.228628158569335938e-01
1.206886172294616699e-01
5.828893184661865234e-02
2.117966115474700928e-02
2.841363847255706787e-01
1.308651566505432129e-01
1.931097507476806641e-01
9.305934607982635498e-02
6.331576406955718994e-02
7.998122833669185638e-03
1.746705919504165649e-01
1.185405999422073364e-01
1.004611998796463013e-01
1.300316601991653442e-01
1.153027266263961792e-01
1.354017257690429688e-01
5.707821249961853027e-02
1.440144479274749756e-01
1.373368501663208008e-01
7.285399734973907471e-02
1.823167204856872559e-01
7.812401652336120605e-02
3.148659132421016693e-03
2.107724547386169434e-01
3.419966101646423340e-01
1.324851363897323608e-01
2.481272518634796143e-01
9.931146167218685150e-03
1.959827244281768799e-01
1.521032154560089111e-01
2.897180318832397461e-01
1.396774053573608398e-01
5.365873873233795166e-02
1.640221774578094482e-01
1.731962710618972778e-01
1.032367255538702011e-02
1.272613257169723511e-01
1.274566501379013062e-01
1.307601928710937500e-01
4.444795846939086914e-02
2.450639009475708008e-01
1.214422881603240967e-01
1.262951791286468506e-01
1.290335655212402344e-01
1.083491817116737366e-01
1.916982978582382202e-01
1.493668258190155029e-01
1.044044792652130127e-01
1.177627891302108765e-01
1.311793923377990723e-01
1.766037940979003906e-01
7.069230824708938599e-02
1.087204441428184509e-01
2.118102312088012695e-01
3.473892062902450562e-02
6.309171766042709351e-02
1.248748302459716797e-01
9.280930459499359131e-02
1.322461217641830444e-01
-2.197743393480777740e-03
1.252886354923248291e-01
2.106016427278518677e-01
1.780433505773544312e-01
2.489838898181915283e-01
1.091591417789459229e-01
7.318911701440811157e-02
1.053502261638641357e-01
1.521221846342086792e-01
7.587970793247222900e-02
1.104870885610580444e-01
1.419453918933868408e-01
7.815014570951461792e-02
7.990377396345138550e-02
4.456265829503536224e-03
1.384273916482925415e-01
7.622059434652328491e-02
1.592270433902740479e-01
1.332520544528961182e-01
1.654708236455917358e-01
1.395863592624664307e-01
1.854047477245330811e-01
4.740372300148010254e-02
1.706971228122711182e-02
5.824998021125793457e-02
2.847860157489776611e-01
1.934658139944076538e-01
1.576978862285614014e-01
4.918867349624633789e-02
1.287263333797454834e-01
1.090431213378906250e-01
9.342180937528610229e-02
2.057944387197494507e-01
6.874301284551620483e-02
1.072014272212982178e-01
2.111863791942596436e-01
1.190094649791717529e-01
1.797287464141845703e-01
1.249416768550872803e-01
8.813886903226375580e-03
1.339671611785888672e-01
4.933275282382965088e-02
1.580203473567962646e-01
7.596887648105621338e-02
9.119745343923568726e-02
1.606620103120803833e-01
7.531312108039855957e-02
1.509763151407241821e-01
2.712131142616271973e-01
1.256256699562072754e-01
1.851897984743118286e-01
1.578885763883590698e-01
1.238828450441360474e-01
9.906944632530212402e-02
1.333798374980688095e-02
1.269712448120117188e-01
1.389188766479492188e-01
1.154862195253372192e-01
9.403122961521148682e-02
1.935385167598724365e-02
2.548345625400543213e-01
1.273804008960723877e-01
1.268638819456100464e-01
2.298246920108795166e-01
1.406038999557495117e-01
1.348825395107269287e-01
1.100736036896705627e-01
9.367585182189941406e-02
9.347996115684509277e-02
9.369712322950363159e-02
1.482947468757629395e-01
1.136030852794647217e-01
2.880746424198150635e-01
1.346473395824432373e-01
2.308177202939987183e-01
1.857694387435913086e-01
1.181358844041824341e-01
1.251986324787139893e-01
1.760531961917877197e-01
5.123375356197357178e-02
1.734902113676071167e-01
7.552265375852584839e-02
1.523384004831314087e-01
6.813046336174011230e-02
2.908569872379302979e-01
4.405465722084045410e-02
1.319060772657394409e-01
2.339091897010803223e-02
1.082228422164916992e-01
7.530979812145233154e-02
4.703301191329956055e-02
1.357732117176055908e-01
1.782186180353164673e-01
1.077435687184333801e-01
3.396416008472442627e-01
1.076121702790260315e-01
1.650488376617431641e-02
1.197955310344696045e-01
1.184181869029998779e-01
8.775216341018676758e-02
1.077260598540306091e-01
3.302942961454391479e-02
7.373107224702835083e-02
2.186284810304641724e-01
1.105051487684249878e-01
3.593344986438751221e-02
9.844814240932464600e-02
7.108378410339355469e-02
1.244852542877197266e-01
2.245242893695831299e-02
9.547735005617141724e-02
6.057917326688766479e-02
1.021502688527107239e-01
1.677765250205993652e-01
9.089536964893341064e-02
1.714148819446563721e-01
1.320629119873046875e-01
2.318842113018035889e-01
1.127874255180358887e-01
1.044593155384063721e-01
1.174792498350143433e-01
1.063632518053054810e-01
9.648872911930084229e-02
1.966515481472015381e-01
1.044922843575477600e-01
1.435730159282684326e-01
1.075236350297927856e-01
1.188813447952270508e-01
9.056875854730606079e-02
9.289450943470001221e-02
5.748303234577178955e-02
3.774818778038024902e-02
7.529781758785247803e-02
1.626524329185485840e-01
5.067208409309387207e-02
7.001622021198272705e-02
1.515750288963317871e-01
1.281916350126266479e-01
1.687501370906829834e-01
8.078602701425552368e-02
2.005616575479507446e-01
1.360822916030883789e-01
4.316890239715576172e-02
8.867297321557998657e-02
1.179781854152679443e-01
1.333074569702148438e-01
4.408836364746093750e-02
1.318974047899246216e-01
1.083877682685852051e-01
8.360008895397186279e-02
1.688612103462219238e-01
2.003265321254730225e-01
2.118261158466339111e-02
1.203604787588119507e-01
9.433788806200027466e-02
5.182752013206481934e-02
1.557697653770446777e-01
6.124723702669143677e-02
1.934109628200531006e-01
1.599632948637008667e-01
1.280238926410675049e-01
1.132277101278305054e-01
1.001113876700401306e-01
1.176286339759826660e-01
7.983152568340301514e-02
1.410574167966842651e-01
4.624224826693534851e-02
5.944737046957015991e-02
7.807477563619613647e-02
4.900193214416503906e-02
8.215700834989547729e-02
8.171045780181884766e-02
4.617127776145935059e-02
9.618148952722549438e-02
1.279953122138977051e-01
1.611160337924957275e-01
1.371922791004180908e-01
1.284770965576171875e-01
2.106847167015075684e-01
1.331955343484878540e-01
5.505236983299255371e-02
1.292371302843093872e-01
7.913930714130401611e-02
2.908277213573455811e-01
1.197112947702407837e-01
7.538347505033016205e-03
7.442342489957809448e-02
1.383925676345825195e-01
1.191219985485076904e-01
9.716354310512542725e-02
1.246158033609390259e-01
5.793204903602600098e-02
1.566118896007537842e-01
1.853678002953529358e-02
4.977224767208099365e-02
3.160139024257659912e-01
5.877564847469329834e-02
2.281568199396133423e-01
8.711270987987518311e-02
9.552095830440521240e-02
3.078307211399078369e-02
1.439622640609741211e-01
1.041074842214584351e-01
1.474986523389816284e-01
1.217303276062011719e-01
1.447741091251373291e-01
8.443866670131683350e-02
7.816363126039505005e-02
2.116295546293258667e-01
7.085060328245162964e-02
1.438957303762435913e-01
6.998829543590545654e-02
6.928424537181854248e-02
1.777879297733306885e-01
1.261676400899887085e-01
1.274232864379882812e-01
8.878831565380096436e-02
1.358509361743927002e-01
3.547699749469757080e-02
1.681489050388336182e-01
1.075051203370094299e-01
1.075268909335136414e-01
8.393660932779312134e-02
5.800163745880126953e-02
2.026568949222564697e-01
1.458226591348648071e-01
1.431808769702911377e-01
1.958501785993576050e-01
7.857374101877212524e-02
1.330847889184951782e-01
1.664672493934631348e-01
5.722934007644653320e-02
7.210123538970947266e-02
5.786748230457305908e-02
1.485167145729064941e-01
1.964317113161087036e-01
1.588673591613769531e-01
1.679851114749908447e-01
7.201997190713882446e-02
1.241773664951324463e-01
1.157309710979461670e-01
4.280870780348777771e-04
4.875490069389343262e-02
1.537338793277740479e-01
1.705547869205474854e-01
1.644190251827239990e-01
7.317354902625083923e-04
1.603139340877532959e-01
6.965173780918121338e-02
6.191681325435638428e-02
1.332501918077468872e-01
7.431522011756896973e-02
5.215092003345489502e-02
1.923654228448867798e-01
1.014145016670227051e-01
1.083304882049560547e-01
1.455987989902496338e-01
8.643722534179687500e-02
1.036587581038475037e-01
1.586015820503234863e-01
1.574697941541671753e-01
2.196681350469589233e-01
1.137447059154510498e-01
1.692335754632949829e-01
7.901430875062942505e-02
1.261115074157714844e-01
8.011683821678161621e-02
1.167060136795043945e-01
9.361906349658966064e-02
6.375837326049804688e-02
1.051548942923545837e-01
2.189882099628448486e-01
1.757824867963790894e-01
8.012037724256515503e-02
1.359014213085174561e-01
1.462169438600540161e-01
5.998179316520690918e-02
5.151182413101196289e-02
5.270796269178390503e-02
9.245586395263671875e-02
1.554566025733947754e-01
1.434164494276046753e-01
8.439611643552780151e-02
6.153511255979537964e-02
1.207222491502761841e-01
8.646433800458908081e-02
1.422862708568572998e-01
2.334347516298294067e-01
1.389571577310562134e-01
1.679073721170425415e-01
7.715675979852676392e-02
2.982807457447052002e-01
1.093978211283683777e-01
8.632525056600570679e-02
1.461461633443832397e-01
3.892960399389266968e-02
3.781795203685760498e-01
2.716239988803863525e-01
1.182067394256591797e-01
1.297370791435241699e-01
9.609979391098022461e-02
2.030015736818313599e-01
1.130759716033935547e-01
1.981063932180404663e-01
1.850562393665313721e-01
6.152595579624176025e-02
1.498972028493881226e-01
2.158887982368469238e-01
1.500829160213470459e-01
1.243272721767425537e-01
1.145559549331665039e-01
1.507147103548049927e-01
1.651283651590347290e-01
7.660084217786788940e-02
1.885814070701599121e-01
1.311255544424057007e-01
6.009835004806518555e-02
1.378379166126251221e-01
1.054333448410034180e-01
1.821926236152648926e-01
7.989996671676635742e-02
1.266977041959762573e-01
1.113707274198532104e-01
7.448294758796691895e-02
1.163357794284820557e-01
7.209550589323043823e-02
1.302226036787033081e-01
1.098943054676055908e-01
9.338904172182083130e-02
2.231148481369018555e-01
1.574771702289581299e-01
7.756912708282470703e-02
1.245382428169250488e-01
8.099313080310821533e-02
8.820166438817977905e-02
5.908084660768508911e-02
1.006934419274330139e-01
1.647328138351440430e-01
1.290139704942703247e-01
1.481967121362686157e-01
1.398368626832962036e-01
2.621269226074218750e-02
9.625930339097976685e-02
1.904794573783874512e-01
1.529759466648101807e-01
1.010500341653823853e-01
1.289115846157073975e-01
3.998725675046443939e-03
2.233437597751617432e-01
1.414990331977605820e-02
1.053826212882995605e-01
9.852448105812072754e-02
1.386750787496566772e-01
1.006284654140472412e-01
1.066224500536918640e-01
6.228689849376678467e-02
1.537424623966217041e-01
1.027917489409446716e-01
4.822038114070892334e-02
9.606380760669708252e-02
1.068660989403724670e-01
4.191339015960693359e-02
1.936221718788146973e-01
1.479890048503875732e-01
1.485308706760406494e-01
6.603604555130004883e-02
1.273074150085449219e-01
1.884039640426635742e-01
1.650481522083282471e-01
7.346895337104797363e-02
1.580646634101867676e-01
2.289854884147644043e-01
1.601933687925338745e-01
1.311775296926498413e-01
1.037448272109031677e-01
9.155672788619995117e-02
1.579515337944030762e-01
9.466852992773056030e-02
1.041289940476417542e-01
1.285057663917541504e-01
1.396922022104263306e-01
1.341887116432189941e-01
9.299709461629390717e-03
2.699996531009674072e-02
1.114996671676635742e-01
1.600932925939559937e-01
8.535655587911605835e-02
3.794685006141662598e-02
8.657234907150268555e-02
1.228189319372177124e-01
1.441569775342941284e-01
1.256941854953765869e-01
1.266339570283889771e-01
1.075854226946830750e-01
9.590511023998260498e-02
3.729721903800964355e-02
1.409906446933746338e-01
5.042479932308197021e-02
1.197025328874588013e-01
1.163983251899480820e-02
6.511244922876358032e-02
1.227821111679077148e-01
8.769372105598449707e-02
1.483578979969024658e-01
1.822234839200973511e-01
7.744262367486953735e-02
5.723561346530914307e-02
9.477182477712631226e-02
1.352204084396362305e-01
1.576072871685028076e-01
4.876485466957092285e-02
7.677587866783142090e-02
2.351759932935237885e-03
1.339557617902755737e-01
4.793940484523773193e-02
1.145100146532058716e-01
1.793093085289001465e-01
1.235761195421218872e-01
1.843774020671844482e-01
1.541853845119476318e-01
1.276597082614898682e-01
1.235813945531845093e-01
1.323530375957489014e-01
9.770913422107696533e-02
6.699918955564498901e-02
2.294507473707199097e-01
8.314459025859832764e-02
3.899510204792022705e-02
1.246090531349182129e-01
4.362042248249053955e-02
1.523603945970535278e-01
1.691067516803741455e-01
1.285319179296493530e-01
6.399365514516830444e-02
1.069853752851486206e-01
3.169467151165008545e-01
1.123637408018112183e-01
4.463667795062065125e-02
1.287059485912322998e-01
1.498712152242660522e-01
9.035588055849075317e-02
1.218308359384536743e-01
9.335671365261077881e-02
1.012982726097106934e-01
9.824734926223754883e-02
9.879550337791442871e-02
1.599560081958770752e-01
1.229856610298156738e-01
1.274025142192840576e-01
9.270966798067092896e-02
2.018365114927291870e-01
1.171990633010864258e-01
8.468288183212280273e-02
1.667409539222717285e-01
1.236196607351303101e-01
1.788289844989776611e-01
5.752635002136230469e-02
