-3.665721043944358826e-03
-6.496414542198181152e-03
-1.181516516953706741e-02
-8.060626685619354248e-03
-6.113542243838310242e-03
-4.876282531768083572e-03
-4.665455315262079239e-03
-1.680924184620380402e-02
-1.370130479335784912e-02
-9.240347892045974731e-03
-1.496038399636745453e-02
-1.808052323758602142e-02
-3.088609129190444946e-02
-3.910031169652938843e-03
-3.835815470665693283e-03
-2.280421368777751923e-02
-8.705515414476394653e-03
-7.486679591238498688e-03
-2.026358805596828461e-02
-2.173355594277381897e-02
-7.203708868473768234e-03
-3.655385458841919899e-03
-4.683864116668701172e-02
-3.139307256788015366e-03
-3.315960057079792023e-03
-7.940556854009628296e-03
-1.018278766423463821e-02
-7.156591396778821945e-03
-8.169637992978096008e-03
-4.283487424254417419e-02
-4.320019483566284180e-02
-9.908207692205905914e-03
-2.982294186949729919e-03
-5.047156009823083878e-03
-7.504796609282493591e-03
-6.983429193496704102e-03
-3.701097331941127777e-03
-6.842879578471183777e-03
-2.575296722352504730e-02
-9.244974702596664429e-03
-1.171034574508666992e-02
-2.889716299250721931e-03
-3.816798701882362366e-02
-1.220762263983488083e-02
-7.993256673216819763e-03
-2.653561159968376160e-02
-2.922627376392483711e-03
-4.697095602750778198e-03
-1.410273555666208267e-02
-1.597393117845058441e-02
-5.658324435353279114e-02
-5.960611626505851746e-03
-4.701157100498676300e-03
-9.379037655889987946e-03
-2.498282492160797119e-02
-2.596824802458286285e-02
-1.889970339834690094e-02
-9.385539218783378601e-03
-2.321407198905944824e-03
-2.649773377925157547e-03
-8.468074724078178406e-03
-3.512386232614517212e-03
-4.262097179889678955e-03
-1.879299618303775787e-02
-2.475301036611199379e-03
-1.004373934119939804e-02
-4.515409097075462341e-02
-3.644125070422887802e-03
-4.858992993831634521e-03
-5.173736251890659332e-03
-1.041299756616353989e-02
-1.250697299838066101e-02
-4.078662954270839691e-03
-2.689379965886473656e-03
-3.591772541403770447e-02
-3.715762495994567871e-02
-2.260769484564661980e-03
-2.703176252543926239e-02
-1.816695183515548706e-02
-1.110689528286457062e-02
-2.595547027885913849e-02
-8.962701074779033661e-03
-5.780987907201051712e-03
-1.603018492460250854e-02
-4.627690184861421585e-03
-4.030450247228145599e-03
-4.318661522120237350e-03
-2.674764022231101990e-03
-3.384623676538467407e-02
-2.889450266957283020e-02
-1.205321960151195526e-02
-1.028584502637386322e-02
-3.780266968533396721e-03
-7.007549516856670380e-03
-3.098110295832157135e-02
-1.363932900130748749e-02
-5.348032340407371521e-03
-1.060468889772891998e-02
-7.797718048095703125e-03
-7.746435701847076416e-03
-1.858779788017272949e-02
-3.341279225423932076e-03
-1.126950792968273163e-02
-5.493883509188890457e-03
-4.451083019375801086e-03
-3.228793665766716003e-02
-1.682091318070888519e-02
-4.983420483767986298e-03
-3.251608228310942650e-03
-1.070695463567972183e-02
-4.609616473317146301e-03
-2.940465882420539856e-02
-1.789681613445281982e-02
-3.267440572381019592e-02
-2.871930599212646484e-02
-3.153371857479214668e-03
-3.939229063689708710e-03
-4.262878000736236572e-02
-1.198129914700984955e-02
-7.517925463616847992e-03
-3.677918575704097748e-03
-8.521834388375282288e-03
-1.292682811617851257e-02
-3.064396977424621582e-02
-5.207664798945188522e-03
-3.343780757859349251e-03
-5.154713988304138184e-02
-5.414365790784358978e-03
-1.477096602320671082e-02
-3.699534386396408081e-02
-1.231224369257688522e-02
-1.223860867321491241e-02
-7.485268637537956238e-03
-4.363948013633489609e-03
-1.909424783661961555e-03
-1.679581217467784882e-02
-2.530867466703057289e-03
-5.855926312506198883e-03
-2.510407008230686188e-02
-2.498592622578144073e-02
-6.040043383836746216e-02
-2.520587295293807983e-02
-5.831349175423383713e-03
-1.128393039107322693e-02
-2.203478105366230011e-02
-4.046068713068962097e-02
-1.168798841536045074e-02
-3.437044331803917885e-03
-4.350459575653076172e-02
-1.048697251826524734e-02
-1.166279055178165436e-02
-5.864777602255344391e-03
-2.697776071727275848e-03
-1.608176343142986298e-02
-2.558746840804815292e-03
-7.263486273586750031e-03
-4.654434043914079666e-03
-3.360896371304988861e-03
-3.968243487179279327e-03
-5.734261590987443924e-03
-2.515331469476222992e-02
-1.874188333749771118e-02
-2.520685829222202301e-02
-1.725039631128311157e-02
-1.785818673670291901e-02
-7.536474615335464478e-02
-5.251147318631410599e-03
-6.070184521377086639e-03
-9.389542043209075928e-03
-5.915632005780935287e-03
-8.425153791904449463e-03
-1.368512678891420364e-02
-1.192656345665454865e-02
-3.240824863314628601e-02
-3.905077930539846420e-03
-1.904868520796298981e-03
-5.473416298627853394e-03
-2.665538340806961060e-02
-3.785963170230388641e-03
-1.640559174120426178e-02
-1.965753547847270966e-02
-4.439518786966800690e-03
-3.820285201072692871e-03
-3.238453529775142670e-03
-4.734210669994354248e-03
-2.503311960026621819e-03
-6.369505077600479126e-03
-7.735735177993774414e-02
-9.915267117321491241e-03
-1.947735249996185303e-02
-7.577401120215654373e-03
-6.736395880579948425e-03
-5.689770448952913284e-03
-8.697217330336570740e-03
-3.733344003558158875e-02
-1.085239276289939880e-02
-7.841211743652820587e-03
-1.391814090311527252e-02
-1.068353280425071716e-02
-2.777201356366276741e-03
-3.104752674698829651e-02
-5.017740651965141296e-03
-7.689942140132188797e-03
-4.844975192099809647e-03
-7.132734172046184540e-03
-2.361245639622211456e-02
-5.962472874671220779e-03
-2.756951190531253815e-02
-2.665870822966098785e-03
-4.419326782226562500e-02
-1.610091701149940491e-02
-1.098002772778272629e-02
-4.469581879675388336e-03
-3.379856236279010773e-03
-3.219413384795188904e-02
-1.181329600512981415e-02
-8.411572314798831940e-03
-8.862468414008617401e-03
-2.240727283060550690e-02
-1.175676006823778152e-02
-2.847852557897567749e-02
-6.110318936407566071e-03
-3.332980349659919739e-02
-7.417605724185705185e-03
-1.383897475898265839e-02
-3.618628717958927155e-03
-2.973642386496067047e-02
-3.077686298638582230e-03
-9.983301162719726562e-03
-2.146290615200996399e-02
-2.238776767626404762e-03
-5.609267391264438629e-03
-3.036217764019966125e-03
-1.560591626912355423e-02
-6.063397973775863647e-03
-6.287772208452224731e-02
-8.713822811841964722e-03
-5.579471588134765625e-03
-8.779588155448436737e-03
-3.964176028966903687e-02
-3.377117589116096497e-02
-1.411092001944780350e-02
-2.290818281471729279e-02
-2.049930952489376068e-02
-3.163361223414540291e-03
-5.082526709884405136e-03
-4.080561921000480652e-03
-1.993934810161590576e-02
-3.321578353643417358e-02
-6.827285513281822205e-03
-1.454540994018316269e-02
-2.736843749880790710e-02
-1.082259416580200195e-02
-8.231012150645256042e-03
-3.715546801686286926e-03
-1.916568726301193237e-02
-1.254158467054367065e-02
-1.155769266188144684e-02
-2.239345572888851166e-02
-7.172930054366588593e-03
-2.082344889640808105e-02
-6.945265457034111023e-03
-4.702200647443532944e-03
-5.559659004211425781e-02
-1.728958450257778168e-02
-8.540022186934947968e-03
-5.082158371806144714e-03
-4.791006911545991898e-03
-7.552862633019685745e-03
-3.750776872038841248e-02
-6.001275032758712769e-03
-9.864944964647293091e-03
-1.504636555910110474e-02
-9.811609983444213867e-03
-2.646002219989895821e-03
-1.123611070215702057e-02
-1.400234736502170563e-02
-2.547387732192873955e-03
-2.549684233963489532e-02
-4.586996510624885559e-03
-7.965569384396076202e-03
-7.711743004620075226e-03
-1.676698029041290283e-02
-6.360580213367938995e-03
-3.402710705995559692e-02
-3.226214088499546051e-03
-4.156157374382019043e-03
-2.978704869747161865e-03
-4.433390684425830841e-03
-1.903083734214305878e-02
-6.803235970437526703e-03
-7.376635912805795670e-03
-1.002195943146944046e-02
-1.637057401239871979e-02
-5.141964182257652283e-03
-5.158042535185813904e-03
-1.808609813451766968e-02
-1.497897133231163025e-02
-1.084090396761894226e-02
-2.661176957190036774e-02
-5.320088472217321396e-03
-7.724236696958541870e-03
-4.444810748100280762e-02
-5.867573898285627365e-03
-2.898608800023794174e-03
-4.732106253504753113e-02
-1.386325061321258545e-02
-1.405988819897174835e-02
-1.032934430986642838e-02
-4.878240637481212616e-03
-2.155056223273277283e-02
-5.201849155128002167e-03
-3.369567915797233582e-03
-4.558692499995231628e-02
-4.849623516201972961e-02
-4.283880069851875305e-02
-3.528023604303598404e-03
-1.348795741796493530e-02
-1.477818004786968231e-02
-1.686940714716911316e-02
-2.880036830902099609e-03
-2.898782957345247269e-03
-5.128315649926662445e-03
-1.243596989661455154e-02
-9.004330262541770935e-03
-3.275654278695583344e-03
-3.716400591656565666e-03
-3.587289480492472649e-03
-2.136465534567832947e-02
-2.995523158460855484e-03
-1.403676159679889679e-02
-9.194536134600639343e-03
-1.290300861001014709e-02
-2.007667720317840576e-02
-4.655636381357908249e-03
-1.296218205243349075e-02
-4.499212838709354401e-03
-2.952711656689643860e-03
-5.614452529698610306e-03
-7.613836787641048431e-03
-1.730283722281455994e-02
-2.004180848598480225e-02
-7.745227217674255371e-02
-3.106623888015747070e-03
-1.241454016417264938e-02
-5.585799459367990494e-03
-8.223359473049640656e-03
-4.183144308626651764e-03
-2.726665511727333069e-02
-2.178858499974012375e-03
-1.595330052077770233e-02
-8.536483161151409149e-03
-4.542749840766191483e-03
-2.175740525126457214e-02
-3.490803390741348267e-02
-3.918317612260580063e-03
-6.779483053833246231e-03
-2.291863085702061653e-03
-5.950410850346088409e-03
-2.367382496595382690e-02
-2.098336815834045410e-02
-4.874215275049209595e-02
-4.406373947858810425e-03
-7.461527362465858459e-03
-7.754707708954811096e-03
-1.322870980948209763e-02
-4.247797187417745590e-03
-3.579548373818397522e-02
-6.649684160947799683e-03
-1.070647872984409332e-02
-5.239285062998533249e-03
-8.376928977668285370e-03
-2.781054237857460976e-03
-4.965481348335742950e-03
-3.176973201334476471e-03
-4.533807747066020966e-03
-2.570866374298930168e-03
-3.905895166099071503e-03
-3.284139931201934814e-02
-1.033627428114414215e-02
-5.568279698491096497e-02
-2.112064138054847717e-02
-8.792744949460029602e-03
-3.364062635228037834e-03
-1.119363866746425629e-02
-7.559904363006353378e-03
-6.259230896830558777e-03
-1.066261902451515198e-02
-1.386932563036680222e-02
-4.382234066724777222e-03
-6.356912199407815933e-03
-4.310297779738903046e-03
-4.365223646163940430e-02
-3.155390545725822449e-02
-8.822008967399597168e-03
-5.793042480945587158e-03
-4.438421875238418579e-02
-3.976535983383655548e-03
-1.370938029140233994e-02
-1.049747504293918610e-02
-5.769924260675907135e-03
-4.028689116239547729e-03
-5.063863471150398254e-03
-2.267659641802310944e-03
-8.815139532089233398e-03
-5.688235629349946976e-03
-6.421647500246763229e-03
-7.939718663692474365e-03
-1.318383961915969849e-02
-2.440738305449485779e-02
-8.004833012819290161e-03
-6.113564129918813705e-03
-3.145154332742094994e-03
-6.948005408048629761e-03
-8.280524984002113342e-03
-1.720904558897018433e-02
-3.374358871951699257e-03
-4.481143318116664886e-03
-3.354623448103666306e-03
-8.376656100153923035e-03
-1.433305162936449051e-02
-1.367706432938575745e-02
-3.367062890902161598e-03
-6.791748106479644775e-03
-5.672885105013847351e-02
-5.359140224754810333e-03
-1.384882535785436630e-02
-1.410268899053335190e-02
-4.143938422203063965e-03
-1.640933379530906677e-02
-7.432500831782817841e-03
-1.830201037228107452e-02
-1.752980053424835205e-02
-1.279166154563426971e-02
-2.201926428824663162e-03
-3.036026610061526299e-03
-3.229753812775015831e-03
-1.710756495594978333e-02
-5.666022002696990967e-02
-4.057018086314201355e-02
-1.941930269822478294e-03
-9.817872196435928345e-03
-6.999045144766569138e-03
-4.010401666164398193e-03
-1.588121987879276276e-02
-5.032017454504966736e-02
-3.494139993563294411e-03
-5.529200658202171326e-03
-1.246375590562820435e-02
-3.102680481970310211e-02
-1.027213223278522491e-02
-9.426695294678211212e-03
-3.584601217880845070e-03
-9.070212021470069885e-03
-9.263717569410800934e-03
-1.605734415352344513e-02
-4.319088533520698547e-03
-9.843515232205390930e-03
-2.552868053317070007e-02
-4.174342006444931030e-02
-1.455931551754474640e-02
-7.699943147599697113e-03
-2.625238616019487381e-03
-1.452871970832347870e-02
-1.115451008081436157e-02
-1.246230769902467728e-02
-8.548925630748271942e-03
-5.140459630638360977e-03
-1.741899736225605011e-02
-7.963150739669799805e-03
-1.895972341299057007e-02
-1.929647661745548248e-02
-5.760198459029197693e-03
-1.163885835558176041e-02
-3.502033185213804245e-03
-3.703976515680551529e-03
-1.517630089074373245e-02
-1.377864927053451538e-02
-5.026317387819290161e-02
-3.790184855461120605e-03
-2.067376300692558289e-02
-1.388416439294815063e-02
-1.088288426399230957e-02
-1.331993378698825836e-02
-1.094063278287649155e-02
-5.684921983629465103e-03
-4.013894591480493546e-03
-4.546981770545244217e-03
-3.597056493163108826e-03
-5.943357944488525391e-03
-2.038019709289073944e-03
-5.632014479488134384e-03
-9.327735751867294312e-03
-2.988269366323947906e-02
-1.295983139425516129e-02
-2.451200736686587334e-03
-2.371141500771045685e-02
-3.189246356487274170e-02
-7.677876949310302734e-02
-5.160277709364891052e-03
-3.391106426715850830e-02
-1.228825468569993973e-02
-1.933336816728115082e-02
-6.850076839327812195e-03
-6.818711012601852417e-02
-4.916006699204444885e-03
-1.017439085990190506e-02
-1.939993724226951599e-02
-1.336827501654624939e-02
-4.152587428689002991e-02
-3.245990490540862083e-03
-4.187866114079952240e-03
-6.551766768097877502e-03
-8.813520893454551697e-03
-5.977387353777885437e-02
-9.698011912405490875e-03
-3.177782287821173668e-03
-1.552709378302097321e-02
-3.237670520320534706e-03
-1.487405411899089813e-02
-7.945869117975234985e-03
-6.408486515283584595e-03
-2.767658326774835587e-03
-3.723956411704421043e-03
-1.151881925761699677e-02
-2.515747211873531342e-03
-5.142233148217201233e-02
-2.935417182743549347e-02
-2.953712269663810730e-02
-2.625830238685011864e-03
-3.441801993176341057e-03
-8.294618688523769379e-03
-4.681678488850593567e-03
-2.847115509212017059e-02
-4.107562359422445297e-03
-2.685122750699520111e-02
-1.319840177893638611e-02
-5.434140190482139587e-02
-2.106304280459880829e-02
-9.047355502843856812e-03
-2.970227599143981934e-02
-8.878363296389579773e-03
-1.439217012375593185e-02
-7.233325392007827759e-03
-1.590266451239585876e-02
-2.596226753666996956e-03
-1.273211464285850525e-02
-1.559167355298995972e-02
-1.804845593869686127e-02
-2.893905853852629662e-03
-1.918771862983703613e-02
-4.127094522118568420e-03
-1.242056675255298615e-02
-6.392231211066246033e-03
-2.031472325325012207e-02
-1.853551529347896576e-02
-9.282467886805534363e-03
-3.625109791755676270e-02
-5.469107627868652344e-02
-4.144764691591262817e-02
-7.998058572411537170e-03
-4.452162422239780426e-03
-3.772617783397436142e-03
-2.721494063735008240e-02
-4.835859872400760651e-03
-2.125659026205539703e-02
-7.090031635016202927e-03
-6.908580195158720016e-03
-2.701284550130367279e-02
-1.006399095058441162e-02
-1.357484236359596252e-02
-3.229005727916955948e-03
-1.369980722665786743e-02
-4.086448345333337784e-03
-6.394329480826854706e-03
-1.374458894133567810e-02
-5.400623660534620285e-03
-5.309350788593292236e-03
-1.103315316140651703e-02
-2.210302650928497314e-02
-1.354703120887279510e-02
-4.575162380933761597e-02
-6.749006919562816620e-03
-2.189147099852561951e-02
-2.629533410072326660e-02
-3.944878466427326202e-03
-2.939365338534116745e-03
-1.343360356986522675e-02
-1.144778355956077576e-02
-5.529374815523624420e-03
-1.221700850874185562e-02
-1.041091885417699814e-02
-3.788025304675102234e-02
-3.738832846283912659e-02
-3.993070684373378754e-03
-3.608352504670619965e-03
-2.582617849111557007e-02
-5.537600256502628326e-03
-4.220682196319103241e-03
-4.105415195226669312e-03
-1.266387850046157837e-02
-2.465925412252545357e-03
-5.641507916152477264e-03
-8.397491648793220520e-03
-3.280418459326028824e-03
-6.191028282046318054e-02
-4.308004863560199738e-03
-2.801315858960151672e-02
-1.901042088866233826e-02
-1.699550636112689972e-02
-5.054666660726070404e-03
-1.549538224935531616e-02
-2.125807106494903564e-02
-1.509102713316679001e-02
-8.225334808230400085e-03
-6.848745048046112061e-03
-5.305891856551170349e-03
-6.498040258884429932e-02
-1.352175697684288025e-02
-4.112400580197572708e-03
-2.109586820006370544e-02
-4.064272157847881317e-03
-7.213020697236061096e-03
-1.279444061219692230e-02
-3.227323666214942932e-02
-1.867131702601909637e-02
-3.185324370861053467e-03
-6.993919610977172852e-02
-3.974465653300285339e-03
-1.909095421433448792e-02
-3.419008571654558182e-03
-7.572771050035953522e-03
-3.925007209181785583e-02
-2.823433838784694672e-03
-4.350026324391365051e-02
-3.606974147260189056e-03
-2.726719155907630920e-02
-3.846091218292713165e-03
-6.671133916825056076e-03
-3.967718686908483505e-03
-5.208586342632770538e-03
-6.894711870700120926e-03
-9.404821321368217468e-03
-2.613592194393277168e-03
-3.646136261522769928e-03
-6.993521936237812042e-03
-1.016330905258655548e-02
-4.306110087782144547e-03
-1.237512379884719849e-02
-2.468465827405452728e-02
-3.310254216194152832e-02
-5.785209592431783676e-03
-2.055830508470535278e-02
-3.362020477652549744e-03
-3.503106301650404930e-03
-6.156580056995153427e-03
-1.828025095164775848e-02
-3.056431934237480164e-02
-1.333644054830074310e-02
-4.533905070275068283e-03
-3.700758796185255051e-03
-4.078041762113571167e-03
-7.830793969333171844e-03
-3.240606049075722694e-03
-1.388233434408903122e-02
-1.680682972073554993e-02
-1.214772183448076248e-02
-9.933744557201862335e-03
-1.296835392713546753e-02
-7.398610003292560577e-03
-9.771702811121940613e-03
-9.893791750073432922e-03
-1.057147048413753510e-02
-2.866031229496002197e-02
-7.793948985636234283e-03
-7.691095583140850067e-03
-2.442190656438469887e-03
-6.243188865482807159e-03
-4.698970820754766464e-03
-5.015166476368904114e-03
-5.967780947685241699e-03
-1.152798160910606384e-02
-1.190040912479162216e-02
-1.020101457834243774e-02
-2.096403017640113831e-02
-1.106754317879676819e-02
-6.216420326381921768e-03
-9.562378749251365662e-03
-5.808432586491107941e-03
-1.468493510037660599e-02
-2.611756790429353714e-03
-3.078067116439342499e-02
-8.902976289391517639e-03
-1.287001743912696838e-02
-7.304845377802848816e-03
-3.076536115258932114e-03
-8.583826012909412384e-03
-2.228616038337349892e-03
-7.434286177158355713e-03
-3.495379537343978882e-02
-3.308714134618639946e-03
-5.729237571358680725e-03
-8.634835481643676758e-03
-3.521708305925130844e-03
-2.386990701779723167e-03
-4.533350467681884766e-03
-3.598831361159682274e-03
-4.779222235083580017e-02
-8.687521331012248993e-03
-8.487069047987461090e-03
-3.439420601353049278e-03
-4.251850768923759460e-02
-2.078853175044059753e-02
-4.363853484392166138e-03
-3.578334813937544823e-03
-2.450051251798868179e-03
-5.633134394884109497e-02
-5.445771850645542145e-03
-1.537356991320848465e-02
-8.620598353445529938e-03
-6.260075140744447708e-03
-1.482507865875959396e-02
-4.210433922708034515e-03
-6.410279311239719391e-03
-2.441945951431989670e-03
-8.433051407337188721e-03
-4.165894910693168640e-02
-1.213150098919868469e-02
-5.713389068841934204e-02
-2.038336126133799553e-03
-4.259045794606208801e-02
-2.512145088985562325e-03
-4.632547497749328613e-03
-9.875244460999965668e-03
-6.776662543416023254e-03
-1.107468362897634506e-02
-7.534352596849203110e-03
-4.996946547180414200e-03
-7.597315125167369843e-03
-7.145334035158157349e-03
-2.751536667346954346e-03
-3.190977871417999268e-02
-4.235607385635375977e-02
-5.603829398751258850e-03
-1.954429596662521362e-02
-3.724503330886363983e-03
-1.173542067408561707e-02
-3.336004680022597313e-03
-5.556251388043165207e-03
-4.995327442884445190e-03
-8.061014115810394287e-03
-9.748691692948341370e-03
-3.820945695042610168e-02
-7.256792858242988586e-03
-1.186071243137121201e-02
-4.602194763720035553e-03
-4.993740469217300415e-03
-3.453010320663452148e-02
-6.144581828266382217e-03
-5.381641909480094910e-03
-1.593744009733200073e-02
-9.861386381089687347e-03
-4.615243058651685715e-03
-1.816061884164810181e-02
-4.497267305850982666e-03
-3.007842041552066803e-02
-1.121304184198379517e-02
-7.023535203188657761e-03
-1.693691685795783997e-02
-7.977694272994995117e-03
-1.248734444379806519e-02
-1.014808379113674164e-02
-2.653682045638561249e-02
-5.349847488105297089e-03
-4.476048052310943604e-02
-5.126994103193283081e-02
-1.025727763772010803e-02
-1.074918732047080994e-02
-9.184425696730613708e-03
-2.781568095088005066e-02
-1.149290706962347031e-02
-4.714620299637317657e-03
-5.473810248076915741e-03
-7.269275374710559845e-03
-4.877226427197456360e-03
-4.397690296173095703e-03
-1.505237258970737457e-02
-2.726316638290882111e-02
-1.015903335064649582e-02
-9.123513475060462952e-03
-2.327174134552478790e-02
-5.879803560674190521e-03
-7.986444048583507538e-03
-1.198725588619709015e-02
-5.026454478502273560e-02
-4.255140200257301331e-03
-9.856080636382102966e-03
-4.610206000506877899e-03
-3.837136551737785339e-03
-3.300479147583246231e-03
-3.110806457698345184e-03
-7.074506953358650208e-03
-2.182587748393416405e-03
-7.445032708346843719e-03
-4.300658032298088074e-02
-4.464135318994522095e-02
-3.116828855127096176e-03
-6.984994746744632721e-03
-1.130041573196649551e-02
-1.064922288060188293e-02
-3.482528775930404663e-02
-2.813399769365787506e-03
-3.702170448377728462e-03
-8.425668813288211823e-03
-5.592122208327054977e-03
-9.501206688582897186e-03
-2.296110428869724274e-02
-5.212760530412197113e-03
-4.698436241596937180e-03
-6.428121589124202728e-03
-3.621148318052291870e-02
-9.515462443232536316e-03
-1.948827132582664490e-02
-6.229892373085021973e-03
-6.031880527734756470e-02
-3.904707729816436768e-03
-4.706484265625476837e-03
-5.906749516725540161e-03
-2.334598451852798462e-02
-7.586685568094253540e-02
-7.397256791591644287e-02
-9.582434780895709991e-03
-3.542283317074179649e-03
-1.495226658880710602e-02
-2.112945355474948883e-02
-3.718043211847543716e-03
-4.867865890264511108e-02
-1.457376312464475632e-02
-2.466176403686404228e-03
-9.269790723919868469e-03
-3.526554629206657410e-02
-6.839576177299022675e-03
-7.043270859867334366e-03
-1.460142154246568680e-02
-3.459294885396957397e-02
-9.623264893889427185e-03
-6.493926048278808594e-03
-2.382291480898857117e-02
-5.141133442521095276e-03
-1.311910804361104965e-02
-5.507535301148891449e-03
-8.253076113760471344e-03
-1.665642671287059784e-02
-2.350168069824576378e-03
-5.794838070869445801e-03
-3.597002476453781128e-03
-2.131355460733175278e-03
-4.490165505558252335e-03
-3.768997639417648315e-02
-7.333531044423580170e-03
-5.466636270284652710e-03
-7.155585568398237228e-03
-6.458511203527450562e-02
-1.397051010280847549e-02
-1.097992435097694397e-02
-5.269711837172508240e-03
-7.331869564950466156e-03
-3.429623087868094444e-03
-2.731982385739684105e-03
-3.251752629876136780e-02
-1.160572003573179245e-02
-1.031758636236190796e-02
-6.200574338436126709e-03
-4.912439733743667603e-03
-2.181740105152130127e-02
-7.252907380461692810e-03
-1.598534360527992249e-02
-1.761785522103309631e-02
-3.384713083505630493e-03
-7.162799593061208725e-03
-1.914413087069988251e-02
-2.366040274500846863e-02
-1.069516595453023911e-02
-9.674865752458572388e-03
-3.836491610854864120e-03
-5.507315043359994888e-03
-5.250302143394947052e-03
-6.175598129630088806e-03
-1.558931078761816025e-02
-1.032532658427953720e-02
-2.647692337632179260e-03
-3.533131210133433342e-03
-3.747014794498682022e-03
-6.573149003088474274e-03
-8.591689169406890869e-03
-2.067407220602035522e-02
-8.747345767915248871e-03
-6.205455400049686432e-03
-4.188418854027986526e-03
-3.341357223689556122e-03
-1.410289574414491653e-02
-1.114029251039028168e-02
-5.610973015427589417e-02
-1.088211312890052795e-02
-3.029837645590305328e-02
-9.959086775779724121e-03
-4.896697588264942169e-03
-5.816259887069463730e-03
-8.974849246442317963e-03
-1.035562995821237564e-02
-9.864986874163150787e-03
-1.643789373338222504e-02
-2.053330093622207642e-02
-6.021135952323675156e-03
-2.087333984673023224e-02
-1.630142517387866974e-02
-8.076033554971218109e-03
-1.203977968543767929e-02
-3.121134638786315918e-02
-3.181907907128334045e-02
-1.003859005868434906e-02
-8.078137412667274475e-03
-8.289430290460586548e-03
-6.109386682510375977e-03
-2.425416558980941772e-02
-5.073924548923969269e-03
-1.291371509432792664e-02
-5.071196239441633224e-03
-3.689253702759742737e-02
-9.002733975648880005e-03
-4.795460030436515808e-03
-8.364180102944374084e-03
-1.733478344976902008e-02
-3.629536833614110947e-03
-2.882389351725578308e-03
-6.950920447707176208e-03
-6.457183510065078735e-03
-1.325464155524969101e-02
-7.746706716716289520e-03
-2.701852237805724144e-03
-3.949137404561042786e-03
-4.489652812480926514e-03
-9.845603257417678833e-03
-3.955567255616188049e-03
-1.477577537298202515e-02
-2.017482370138168335e-02
-4.634805489331483841e-03
-6.707212887704372406e-03
-3.645227290689945221e-03
-1.527886092662811279e-02
-8.726576343178749084e-03
-3.600834682583808899e-02
-8.414711803197860718e-03
-3.311133943498134613e-03
-5.530240945518016815e-03
-3.872174536809325218e-03
-1.722811535000801086e-02
-2.492942381650209427e-03
-2.581341005861759186e-02
-2.756611909717321396e-03
-4.421552270650863647e-02
-3.463976457715034485e-02
-3.050755895674228668e-02
-7.581694517284631729e-03
-9.808380156755447388e-03
-3.638055641204118729e-03
-4.876100458204746246e-03
-2.943289699032902718e-03
-7.205951213836669922e-02
-2.893980592489242554e-03
-1.910997182130813599e-02
-3.434556070715188980e-03
-8.783869445323944092e-03
-2.815892454236745834e-03
-2.176512405276298523e-02
-4.759586416184902191e-03
-2.711772918701171875e-03
-3.198380582034587860e-03
-3.183392807841300964e-03
-2.056720852851867676e-02
-7.189097348600625992e-03
-3.270278219133615494e-03
-2.770545892417430878e-03
-1.726392097771167755e-02
-5.930757150053977966e-03
-2.596826758235692978e-03
-1.165069080889225006e-02
-6.087763234972953796e-03
-1.247865147888660431e-02
-3.809051355347037315e-03
