9.992366284132003784e-02
1.475635170936584473e-01
5.590752512216567993e-02
9.901732951402664185e-02
1.413323283195495605e-01
1.269864439964294434e-01
7.477609068155288696e-02
1.341399252414703369e-01
1.824464499950408936e-01
1.647461056709289551e-01
1.919788718223571777e-01
1.911673247814178467e-01
1.923194825649261475e-01
1.324071884155273438e-01
1.003389284014701843e-01
2.050505280494689941e-01
1.454247236251831055e-01
9.322375059127807617e-02
5.746570229530334473e-02
1.502392292022705078e-01
1.513791084289550781e-01
1.303944289684295654e-01
1.148491278290748596e-01
9.512379020452499390e-02
9.728617221117019653e-02
1.580742001533508301e-01
3.302121907472610474e-02
1.531711220741271973e-01
1.397314369678497314e-01
2.938297390937805176e-02
7.793838530778884888e-02
1.673119366168975830e-01
5.159460753202438354e-02
1.247771456837654114e-01
4.041083902120590210e-02
1.288904845714569092e-01
1.017930433154106140e-01
8.492822200059890747e-02
1.521127820014953613e-01
1.342686712741851807e-01
1.334650516510009766e-01
1.168851926922798157e-01
2.149629592895507812e-01
1.306688487529754639e-01
1.573959887027740479e-01
2.022299468517303467e-01
1.059416905045509338e-01
1.368107795715332031e-01
1.604867875576019287e-01
7.941714674234390259e-02
2.997742891311645508e-01
8.304320275783538818e-02
1.372124254703521729e-01
8.154149353504180908e-02
1.746393144130706787e-01
8.838086575269699097e-02
1.280904710292816162e-01
1.591609418392181396e-01
6.223820149898529053e-02
6.726696342229843140e-02
1.309288740158081055e-01
8.833613246679306030e-02
6.332392245531082153e-02
1.534787416458129883e-01
6.377939879894256592e-02
1.628562510013580322e-01
2.691334486007690430e-01
1.083304584026336670e-01
1.282231211662292480e-01
7.642480731010437012e-02
5.704366415739059448e-02
1.379998624324798584e-01
8.187618106603622437e-02
9.471829235553741455e-02
2.286018133163452148e-01
2.529043555259704590e-01
7.522412389516830444e-02
2.274505794048309326e-03
1.132682934403419495e-01
1.705830693244934082e-01
1.694682985544204712e-02
1.151160523295402527e-01
1.223815754055976868e-01
1.913993954658508301e-01
5.913744121789932251e-02
1.332773268222808838e-01
1.217508390545845032e-01
7.108832150697708130e-02
7.190660387277603149e-02
1.581940352916717529e-01
1.269425749778747559e-01
7.603882253170013428e-02
1.122323200106620789e-01
5.265954881906509399e-02
1.194540783762931824e-01
1.808429360389709473e-01
1.421268582344055176e-01
1.477964520454406738e-01
1.402212679386138916e-01
1.516572237014770508e-01
2.061481177806854248e-01
9.955020993947982788e-02
1.522486507892608643e-01
1.235849484801292419e-01
1.075435504317283630e-01
1.743323206901550293e-01
3.715883940458297729e-02
1.003887057304382324e-01
9.588345140218734741e-02
8.657417446374893188e-02
1.116080358624458313e-01
1.393143087625503540e-02
1.612255573272705078e-01
4.147507995367050171e-02
2.950856089591979980e-02
1.137094274163246155e-01
5.385417491197586060e-02
1.222308352589607239e-01
1.475658416748046875e-01
7.740502804517745972e-02
1.249259933829307556e-01
1.335281431674957275e-01
1.154855713248252869e-01
2.389244437217712402e-01
1.207658573985099792e-01
1.251719594001770020e-01
1.350988745689392090e-01
1.075259074568748474e-01
6.283407658338546753e-02
2.494144737720489502e-01
1.801890134811401367e-01
7.251376658678054810e-02
1.542451977729797363e-01
1.204050853848457336e-01
6.482123583555221558e-02
1.380498111248016357e-01
7.315459102392196655e-02
1.433621346950531006e-01
1.382387876510620117e-01
8.344591408967971802e-02
2.557668983936309814e-01
9.267851710319519043e-04
1.418842077255249023e-01
1.227929815649986267e-01
1.558775901794433594e-01
2.477143406867980957e-01
1.677848994731903076e-01
5.902879685163497925e-02
1.320522427558898926e-01
1.654302477836608887e-01
1.773312091827392578e-01
1.434811055660247803e-01
9.071493893861770630e-02
1.965112388134002686e-01
8.875340968370437622e-02
1.441660523414611816e-01
1.258693039417266846e-01
8.419359475374221802e-02
8.456674963235855103e-02
1.203855499625205994e-01
6.099767982959747314e-03
1.493555307388305664e-01
2.169797718524932861e-01
1.475015580654144287e-01
6.940342485904693604e-03
3.007320165634155273e-01
7.887722551822662354e-02
8.575398474931716919e-02
1.640684008598327637e-01
1.334027647972106934e-01
1.596979796886444092e-01
9.703742712736129761e-02
1.709536910057067871e-01
2.206023782491683960e-02
6.912957876920700073e-02
6.132403016090393066e-02
9.855776280164718628e-02
4.258980602025985718e-02
1.240790411829948425e-01
7.111524790525436401e-02
1.396864950656890869e-01
1.362819671630859375e-01
8.424711972475051880e-02
1.219127550721168518e-01
1.204655542969703674e-01
6.939426064491271973e-02
7.387835532426834106e-02
3.931813836097717285e-01
1.576141715049743652e-01
1.387916505336761475e-01
1.558106839656829834e-01
1.479807198047637939e-01
1.206591948866844177e-01
1.056990325450897217e-01
2.563436925411224365e-01
1.257790029048919678e-01
2.436534315347671509e-02
1.869123280048370361e-01
1.503565013408660889e-01
5.510342866182327271e-02
4.975020140409469604e-02
1.231148913502693176e-01
1.489828824996948242e-01
1.349975764751434326e-01
3.574063628911972046e-02
2.225785851478576660e-01
3.598334640264511108e-02
1.452277302742004395e-01
1.048265174031257629e-01
2.006565779447555542e-02
1.950133740901947021e-01
1.615117192268371582e-01
1.365330517292022705e-01
1.207835152745246887e-01
2.168336808681488037e-01
1.669997870922088623e-01
1.282691955566406250e-01
1.541533470153808594e-01
3.262199461460113525e-03
9.120144695043563843e-02
1.186173409223556519e-02
6.853168457746505737e-02
1.339091062545776367e-01
1.344519853591918945e-01
1.610752344131469727e-01
7.980807125568389893e-02
1.720824539661407471e-01
5.354870110750198364e-02
9.858494997024536133e-02
1.148934885859489441e-01
7.340874522924423218e-02
1.165176108479499817e-01
1.049571260809898376e-01
9.053099900484085083e-02
9.394627809524536133e-02
3.157802224159240723e-01
1.432127356529235840e-01
1.423706412315368652e-01
7.780494540929794312e-02
1.180311217904090881e-01
2.471963465213775635e-01
1.859345436096191406e-01
2.079007327556610107e-01
1.892549693584442139e-01
6.838674843311309814e-02
1.265970766544342041e-01
1.193190738558769226e-01
4.347958415746688843e-02
1.076528504490852356e-01
5.660029500722885132e-02
5.649022758007049561e-03
1.776537895202636719e-01
1.551650762557983398e-01
4.364024847745895386e-02
1.088827177882194519e-01
1.890332698822021484e-01
1.422615051269531250e-01
7.686603814363479614e-02
1.972060501575469971e-01
9.664676338434219360e-02
1.331237703561782837e-02
1.335468888282775879e-01
1.375330984592437744e-01
1.531533002853393555e-01
5.184916406869888306e-02
1.250878870487213135e-01
1.401726603507995605e-01
1.237429603934288025e-01
1.237892135977745056e-01
1.579363644123077393e-01
1.084707751870155334e-01
1.014197096228599548e-01
1.238659396767616272e-01
1.550671756267547607e-01
9.301187098026275635e-02
1.358622014522552490e-01
1.879254579544067383e-01
5.600304156541824341e-02
1.106624230742454529e-01
1.133205220103263855e-01
9.642941504716873169e-02
7.357258349657058716e-02
4.802238196134567261e-02
1.431573033332824707e-01
2.518972158432006836e-01
8.414576947689056396e-02
1.334841251373291016e-01
1.027794480323791504e-01
1.161744967103004456e-01
1.583591997623443604e-01
1.274576485157012939e-01
1.322687268257141113e-01
8.400988578796386719e-02
1.246005073189735413e-01
1.410009860992431641e-01
5.105601996183395386e-02
1.965297758579254150e-01
1.197402924299240112e-02
2.565308660268783569e-02
5.015700310468673706e-02
1.387458145618438721e-01
1.233870759606361389e-01
2.573441565036773682e-01
1.440373063087463379e-01
9.842660278081893921e-02
1.924508810043334961e-02
1.745364665985107422e-01
1.821731328964233398e-01
2.820264548063278198e-02
1.365498602390289307e-01
1.798175275325775146e-01
5.674574524164199829e-02
1.076759323477745056e-01
2.429000288248062134e-02
6.684494763612747192e-02
1.636935025453567505e-02
1.279758214950561523e-01
1.278652846813201904e-01
1.818703860044479370e-02
1.872285902500152588e-01
1.053189933300018311e-01
1.044303849339485168e-01
1.167304143309593201e-01
1.804927885532379150e-01
2.421068400144577026e-02
1.189564839005470276e-01
1.202699914574623108e-01
1.239868775010108948e-01
1.159276738762855530e-01
5.847259610891342163e-02
1.881184279918670654e-01
1.243175342679023743e-01
1.313467025756835938e-01
2.115154266357421875e-01
1.041040495038032532e-01
6.522990763187408447e-03
1.360841989517211914e-01
6.473392248153686523e-02
1.305278837680816650e-01
6.366988271474838257e-02
4.578073695302009583e-02
2.112526297569274902e-01
3.892113566398620605e-01
1.095088720321655273e-01
9.597402065992355347e-02
1.288872659206390381e-01
1.199819520115852356e-01
1.050592213869094849e-01
7.868298143148422241e-02
6.253407150506973267e-02
1.504246145486831665e-02
1.544386744499206543e-01
9.120417386293411255e-02
2.173084914684295654e-01
2.095004916191101074e-01
1.292310357093811035e-01
1.143965497612953186e-01
8.751434087753295898e-02
1.087274625897407532e-01
1.878443956375122070e-01
1.658441722393035889e-01
2.838577330112457275e-02
4.309523850679397583e-02
6.082076579332351685e-02
1.382577717304229736e-01
1.390447020530700684e-01
1.310034096240997314e-01
1.731373369693756104e-02
8.805323392152786255e-02
1.684042215347290039e-01
1.225911304354667664e-01
6.096737831830978394e-02
1.189785823225975037e-01
1.353631615638732910e-01
1.162944063544273376e-01
5.376949161291122437e-02
7.691325992345809937e-02
9.295934438705444336e-02
2.991839498281478882e-02
1.395709514617919922e-01
2.770473957061767578e-01
6.656426191329956055e-02
1.264345645904541016e-01
7.012627273797988892e-02
2.788571268320083618e-02
2.621305733919143677e-02
4.040846973657608032e-02
1.669863760471343994e-01
1.860962212085723877e-01
1.353215575218200684e-01
1.221797987818717957e-01
1.172122135758399963e-01
1.119036599993705750e-01
2.057505249977111816e-01
3.278543800115585327e-02
8.867322653532028198e-02
1.422030031681060791e-01
1.261660754680633545e-01
6.165686994791030884e-02
1.677493751049041748e-01
1.374467909336090088e-01
1.292221248149871826e-01
1.129811778664588928e-01
8.240420371294021606e-02
1.509751975536346436e-01
1.318636238574981689e-01
1.165026500821113586e-01
1.246718987822532654e-01
1.551659703254699707e-01
1.637130081653594971e-01
7.963355630636215210e-02
7.450012117624282837e-02
8.257477730512619019e-02
3.352827578783035278e-02
1.416280865669250488e-01
1.972132921218872070e-01
9.427773207426071167e-02
1.326566934585571289e-01
1.184160932898521423e-01
1.605236530303955078e-01
1.486614644527435303e-01
1.286647915840148926e-01
1.196256503462791443e-01
1.446459591388702393e-01
3.185931444168090820e-01
1.424050629138946533e-01
1.360339224338531494e-01
1.848784089088439941e-01
7.094947993755340576e-02
5.293289572000503540e-02
8.130245655775070190e-02
1.174834594130516052e-01
1.283933222293853760e-01
1.451047658920288086e-01
8.409033715724945068e-02
9.879490733146667480e-02
1.253780424594879150e-01
1.939001381397247314e-01
1.943580806255340576e-01
2.538037896156311035e-01
7.009512931108474731e-02
1.382358372211456299e-01
1.466257274150848389e-01
1.282688081264495850e-01
9.874824434518814087e-02
1.838834583759307861e-01
1.272795796394348145e-01
1.009490117430686951e-01
1.532414555549621582e-01
2.447250187397003174e-01
1.508105993270874023e-01
6.081622093915939331e-02
1.298535764217376709e-01
1.024628952145576477e-01
1.511487364768981934e-01
1.965295374393463135e-01
1.336754262447357178e-01
1.312392055988311768e-01
8.940302580595016479e-02
2.747158408164978027e-01
1.290231645107269287e-01
4.969949275255203247e-02
8.065915107727050781e-02
1.065609604120254517e-02
7.973957806825637817e-02
5.341313034296035767e-02
1.390334963798522949e-01
1.402362883090972900e-01
1.792042851448059082e-01
1.501166224479675293e-01
8.344974368810653687e-02
3.976207226514816284e-02
9.873589128255844116e-02
1.341449618339538574e-01
1.229380145668983459e-01
1.206939592957496643e-01
5.867283791303634644e-02
2.133042365312576294e-02
2.865475416183471680e-01
1.307168602943420410e-01
1.929995417594909668e-01
9.370244294404983521e-02
6.367170065641403198e-02
7.410250604152679443e-03
1.736748814582824707e-01
1.183415725827217102e-01
1.007532402873039246e-01
1.297474801540374756e-01
1.154031977057456970e-01
1.349553167819976807e-01
5.752526968717575073e-02
1.434759199619293213e-01
1.369228065013885498e-01
7.305269688367843628e-02
1.814495921134948730e-01
7.882156968116760254e-02
4.399172961711883545e-03
2.110690474510192871e-01
3.435567617416381836e-01
1.321549415588378906e-01
2.497939169406890869e-01
9.362451732158660889e-03
1.957966685295104980e-01
1.514151692390441895e-01
2.893565893173217773e-01
1.392769515514373779e-01
5.389084666967391968e-02
1.639032661914825439e-01
1.726364791393280029e-01
1.316099613904953003e-02
1.272362768650054932e-01
1.272986531257629395e-01
1.303731501102447510e-01
4.437928646802902222e-02
2.438328862190246582e-01
1.212966516613960266e-01
1.262860000133514404e-01
1.292667090892791748e-01
1.086489707231521606e-01
1.908950507640838623e-01
1.487099230289459229e-01
1.045035347342491150e-01
1.180363371968269348e-01
1.310357451438903809e-01
1.756519675254821777e-01
7.127384096384048462e-02
1.052840128540992737e-01
2.120494246482849121e-01
3.653376176953315735e-02
6.346910446882247925e-02
1.248629018664360046e-01
9.307972341775894165e-02
1.319670677185058594e-01
-2.861544489860534668e-04
1.251451671123504639e-01
2.109439074993133545e-01
1.771732866764068604e-01
2.486972510814666748e-01
1.091334894299507141e-01
7.342190295457839966e-02
1.048558428883552551e-01
1.514995098114013672e-01
7.626280933618545532e-02
1.105597838759422302e-01
1.419556140899658203e-01
7.878855615854263306e-02
8.032279461622238159e-02
3.629855811595916748e-03
1.385012865066528320e-01
7.673522084951400757e-02
1.591329276561737061e-01
1.330273151397705078e-01
1.649553179740905762e-01
1.390925049781799316e-01
1.853097975254058838e-01
4.786955565214157104e-02
1.640804857015609741e-02
5.867254734039306641e-02
2.863948345184326172e-01
1.926634907722473145e-01
1.568932235240936279e-01
4.840218275785446167e-02
1.286437213420867920e-01
1.086514517664909363e-01
9.356642514467239380e-02
2.056617438793182373e-01
6.870803982019424438e-02
1.071289554238319397e-01
2.114623188972473145e-01
1.191587075591087341e-01
1.790541410446166992e-01
1.250060498714447021e-01
8.386902511119842529e-03
1.337408721446990967e-01
4.890795797109603882e-02
1.577604711055755615e-01
7.601737231016159058e-02
9.131156653165817261e-02
1.600887179374694824e-01
7.541114836931228638e-02
1.508171856403350830e-01
2.735445797443389893e-01
1.253046691417694092e-01
1.850831508636474609e-01
1.576714515686035156e-01
1.238139942288398743e-01
9.953374415636062622e-02
1.317889243364334106e-02
1.270921826362609863e-01
1.384039819240570068e-01
1.156155243515968323e-01
9.454584866762161255e-02
2.139981836080551147e-02
2.567013502120971680e-01
1.272495090961456299e-01
1.268535852432250977e-01
2.304310500621795654e-01
1.401543617248535156e-01
1.346369385719299316e-01
1.101341545581817627e-01
9.404440969228744507e-02
9.416692703962326050e-02
9.377729892730712891e-02
1.477210521697998047e-01
1.137965247035026550e-01
2.888795733451843262e-01
1.343791484832763672e-01
2.316588759422302246e-01
1.855578422546386719e-01
1.183258518576622009e-01
1.249968335032463074e-01
1.755693852901458740e-01
5.167067795991897583e-02
1.731105148792266846e-01
7.565126568078994751e-02
1.516433954238891602e-01
6.803465634584426880e-02
2.909536957740783691e-01
4.441861063241958618e-02
1.317077875137329102e-01
2.414884418249130249e-02
1.083100810647010803e-01
7.539912313222885132e-02
4.737003892660140991e-02
1.348535120487213135e-01
1.780504882335662842e-01
1.080345362424850464e-01
3.429587781429290771e-01
1.078226491808891296e-01
1.711062341928482056e-02
1.199088767170906067e-01
1.182081326842308044e-01
8.687428385019302368e-02
1.082126274704933167e-01
3.419185429811477661e-02
7.402613013982772827e-02
2.191192209720611572e-01
1.106726750731468201e-01
3.515256196260452271e-02
9.876078367233276367e-02
7.106929272413253784e-02
1.243740692734718323e-01
2.201343327760696411e-02
9.608690440654754639e-02
6.058996170759201050e-02
1.022694781422615051e-01
1.668893694877624512e-01
9.111735969781875610e-02
1.706055402755737305e-01
1.318172812461853027e-01
2.327124774456024170e-01
1.128387078642845154e-01
1.045668423175811768e-01
1.176198497414588928e-01
1.065898165106773376e-01
9.660120308399200439e-02
1.961806118488311768e-01
1.039386317133903503e-01
1.435241997241973877e-01
1.076940521597862244e-01
1.189346089959144592e-01
9.086310863494873047e-02
9.295520186424255371e-02
5.751382559537887573e-02
3.811254352331161499e-02
7.558841258287429810e-02
1.620235145092010498e-01
5.084639042615890503e-02
7.042490690946578979e-02
1.508216857910156250e-01
1.281711757183074951e-01
1.677724719047546387e-01
8.113779872655868530e-02
2.007375359535217285e-01
1.357757747173309326e-01
4.287102073431015015e-02
8.937244862318038940e-02
1.177686378359794617e-01
1.330147981643676758e-01
4.318607598543167114e-02
1.315170228481292725e-01
1.088126972317695618e-01
8.430967479944229126e-02
1.679480969905853271e-01
2.002715170383453369e-01
2.101267129182815552e-02
1.203045025467872620e-01
9.450718015432357788e-02
5.133061856031417847e-02
1.555337607860565186e-01
6.158374994993209839e-02
1.931099593639373779e-01
1.591289043426513672e-01
1.282125413417816162e-01
1.132770404219627380e-01
1.005114093422889709e-01
1.176889166235923767e-01
8.063728362321853638e-02
1.405232846736907959e-01
4.734792560338973999e-02
5.952451378107070923e-02
7.812030613422393799e-02
4.899700731039047241e-02
8.253327012062072754e-02
8.244716376066207886e-02
4.525653272867202759e-02
9.648118168115615845e-02
1.253392398357391357e-01
1.602411568164825439e-01
1.367374360561370850e-01
1.284143328666687012e-01
2.102194130420684814e-01
1.331977844238281250e-01
5.456999689340591431e-02
1.291435658931732178e-01
7.999851554632186890e-02
2.929484248161315918e-01
1.195104941725730896e-01
7.299073040485382080e-03
7.460240274667739868e-02
1.378833651542663574e-01
1.193217709660530090e-01
9.735269099473953247e-02
1.243126168847084045e-01
5.823850631713867188e-02
1.558330059051513672e-01
2.135879546403884888e-02
5.008891969919204712e-02
3.203582763671875000e-01
5.927812308073043823e-02
2.279819250106811523e-01
8.778736740350723267e-02
9.567225724458694458e-02
3.063688427209854126e-02
1.433985829353332520e-01
1.042971983551979065e-01
1.468704342842102051e-01
1.216196194291114807e-01
1.442077755928039551e-01
8.449142426252365112e-02
7.874363660812377930e-02
2.117376327514648438e-01
7.005967944860458374e-02
1.434041261672973633e-01
7.044894248247146606e-02
6.949114054441452026e-02
1.767561137676239014e-01
1.261480748653411865e-01
1.271810829639434814e-01
8.893693238496780396e-02
1.354012787342071533e-01
3.539039939641952515e-02
1.668550372123718262e-01
1.074320599436759949e-01
1.077311187982559204e-01
8.403458446264266968e-02
5.759764462709426880e-02
2.026027441024780273e-01
1.451940536499023438e-01
1.427006125450134277e-01
1.951439976692199707e-01
7.887738198041915894e-02
1.327627301216125488e-01
1.663219630718231201e-01
5.683780461549758911e-02
7.207394391298294067e-02
5.819942802190780640e-02
1.478090286254882812e-01
1.959324181079864502e-01
1.580367684364318848e-01
1.674242615699768066e-01
7.264449447393417358e-02
1.237813159823417664e-01
1.157513633370399475e-01
5.761675536632537842e-03
4.705030471086502075e-02
1.531043052673339844e-01
1.696731746196746826e-01
1.635085940361022949e-01
2.822183072566986084e-03
1.596635580062866211e-01
6.967806071043014526e-02
6.163766235113143921e-02
1.328240633010864258e-01
7.440246641635894775e-02
5.151120573282241821e-02
1.914575397968292236e-01
1.010401621460914612e-01
1.083975359797477722e-01
1.450408697128295898e-01
8.637476712465286255e-02
1.036434173583984375e-01
1.577775776386260986e-01
1.569294035434722900e-01
2.182671725749969482e-01
1.138254627585411072e-01
1.682496070861816406e-01
7.898745685815811157e-02
1.260428726673126221e-01
8.053945749998092651e-02
1.169693842530250549e-01
9.376298636198043823e-02
6.433726847171783447e-02
1.052776053547859192e-01
2.187408506870269775e-01
1.744163930416107178e-01
8.059357851743698120e-02
1.354398429393768311e-01
1.459796428680419922e-01
6.030442565679550171e-02
5.199693888425827026e-02
5.271159857511520386e-02
9.276777505874633789e-02
1.546995937824249268e-01
1.429325044155120850e-01
8.488196879625320435e-02
6.213510781526565552e-02
1.205259934067726135e-01
8.664791285991668701e-02
1.417576074600219727e-01
2.343098521232604980e-01
1.387220025062561035e-01
1.678545773029327393e-01
7.716559618711471558e-02
2.998859286308288574e-01
1.095027551054954529e-01
8.645039051771163940e-02
1.455647349357604980e-01
4.021438211202621460e-02
3.838962912559509277e-01
2.687234878540039062e-01
1.180995330214500427e-01
1.296384036540985107e-01
9.667714685201644897e-02
2.028728425502777100e-01
1.132023856043815613e-01
1.962340176105499268e-01
1.844143271446228027e-01
6.192179769277572632e-02
1.493842601776123047e-01
2.161589264869689941e-01
1.494325399398803711e-01
1.240243539214134216e-01
1.147924587130546570e-01
1.498650014400482178e-01
1.642439663410186768e-01
7.660024613142013550e-02
1.884967982769012451e-01
1.308130919933319092e-01
6.048095971345901489e-02
1.373377740383148193e-01
1.056082323193550110e-01
1.817481219768524170e-01
8.064964413642883301e-02
1.264886558055877686e-01
1.115327849984169006e-01
7.530222088098526001e-02
1.163539066910743713e-01
7.184273004531860352e-02
1.300183236598968506e-01
1.099851801991462708e-01
9.343229979276657104e-02
2.202471196651458740e-01
1.571470797061920166e-01
7.826012372970581055e-02
1.243620142340660095e-01
8.104445785284042358e-02
8.859502524137496948e-02
5.932229757308959961e-02
1.001050397753715515e-01
1.639957427978515625e-01
1.290185451507568359e-01
1.476004123687744141e-01
1.394391655921936035e-01
2.698851376771926880e-02
9.628864377737045288e-02
1.897445023059844971e-01
1.529315412044525146e-01
1.013505980372428894e-01
1.285450756549835205e-01
4.168875515460968018e-03
2.235836684703826904e-01
1.361999660730361938e-02
1.056900992989540100e-01
9.875690937042236328e-02
1.382471919059753418e-01
1.006783172488212585e-01
1.067129448056221008e-01
6.265466660261154175e-02
1.532530486583709717e-01
1.033983007073402405e-01
4.747132211923599243e-02
9.642674773931503296e-02
1.067986339330673218e-01
4.175237566232681274e-02
1.935232579708099365e-01
1.473740637302398682e-01
1.479215919971466064e-01
6.607525795698165894e-02
1.272665560245513916e-01
1.874343752861022949e-01
1.643789708614349365e-01
7.184258848428726196e-02
1.574016809463500977e-01
2.297880053520202637e-01
1.594890356063842773e-01
1.308880746364593506e-01
1.038578674197196960e-01
9.169807285070419312e-02
1.572452783584594727e-01
9.511743485927581787e-02
1.045655980706214905e-01
1.285074949264526367e-01
1.391420960426330566e-01
1.341430842876434326e-01
9.366430342197418213e-03
2.631815522909164429e-02
1.116676405072212219e-01
1.593045890331268311e-01
8.502500504255294800e-02
3.794709593057632446e-02
8.683627098798751831e-02
1.227903738617897034e-01
1.435388624668121338e-01
1.254611611366271973e-01
1.263810694217681885e-01
1.080868691205978394e-01
9.607043862342834473e-02
3.835190087556838989e-02
1.405007839202880859e-01
4.971877485513687134e-02
1.195026710629463196e-01
1.196157187223434448e-02
6.525776535272598267e-02
1.228881254792213440e-01
8.774805068969726562e-02
1.476848721504211426e-01
1.812562048435211182e-01
7.764578610658645630e-02
5.743622034788131714e-02
9.502187371253967285e-02
1.349166631698608398e-01
1.568704843521118164e-01
4.796632379293441772e-02
7.742693275213241577e-02
2.134539186954498291e-03
1.336255669593811035e-01
4.755397886037826538e-02
1.146301403641700745e-01
1.788678765296936035e-01
1.235608384013175964e-01
1.834962368011474609e-01
1.534518599510192871e-01
1.276262998580932617e-01
1.233271881937980652e-01
1.321785748004913330e-01
9.811946004629135132e-02
6.751742959022521973e-02
2.300631105899810791e-01
8.384089916944503784e-02
3.956920281052589417e-02
1.235710605978965759e-01
4.497192800045013428e-02
1.516551375389099121e-01
1.681302189826965332e-01
1.284631192684173584e-01
6.382716447114944458e-02
1.074174419045448303e-01
3.175553679466247559e-01
1.127214506268501282e-01
4.551437497138977051e-02
1.286297738552093506e-01
1.492256224155426025e-01
9.096925705671310425e-02
1.217607632279396057e-01
9.354764223098754883e-02
1.017725244164466858e-01
9.868269413709640503e-02
9.916963428258895874e-02
1.599456667900085449e-01
1.229092851281166077e-01
1.273688971996307373e-01
9.325892478227615356e-02
2.011599838733673096e-01
1.170083060860633850e-01
8.543216437101364136e-02
1.659609079360961914e-01
1.233380362391471863e-01
1.778431236743927002e-01
5.734369903802871704e-02
