1.418367385864257812e+00 -2.292929172515869141e+00
2.520408153533935547e+00 -1.717172861099243164e-01
1.418367385864257812e+00 -8.787879943847656250e-01
4.357142925262451172e+00 -1.656565666198730469e+00
2.704081535339355469e+00 3.858585834503173828e+00
3.071428537368774414e+00 -1.232323288917541504e+00
1.877551078796386719e+00 3.646464824676513672e+00
3.530612230300903320e+00 3.575757741928100586e+00
4.632653236389160156e+00 2.515151739120483398e+00
5.918367505073547363e-01 6.060604453086853027e-01
