-1.134483609348535538e-03
-1.994568854570388794e-03
-5.857541691511869431e-03
-3.047796431928873062e-03
-1.879652845673263073e-03
-1.506197731941938400e-03
-1.871774671599268913e-03
-6.017235107719898224e-03
-4.340044688433408737e-03
-2.926355460658669472e-03
-4.670481197535991669e-03
-5.760582629591226578e-03
-1.079749409109354019e-02
-1.200286671519279480e-03
-1.221691956743597984e-03
-7.333408575505018234e-03
-2.853015437722206116e-03
-2.893322147428989410e-03
-1.046503614634275436e-02
-7.895888760685920715e-03
-2.235870808362960815e-03
-1.084878807887434959e-03
-2.005105838179588318e-02
-9.126060176640748978e-04
-9.800291154533624649e-04
-2.499626250937581062e-03
-6.253877654671669006e-03
-2.255466300994157791e-03
-2.705937717109918594e-03
-2.195432223379611969e-02
-1.987001672387123108e-02
-3.119790693745017052e-03
-1.421267865225672722e-03
-1.629644772037863731e-03
-4.128010477870702744e-03
-2.402299083769321442e-03
-1.128322677686810493e-03
-2.750949468463659286e-03
-9.466595947742462158e-03
-3.127863630652427673e-03
-4.031506367027759552e-03
-7.558398647233843803e-04
-1.339025516062974930e-02
-4.263946786522865295e-03
-2.499814145267009735e-03
-8.811114355921745300e-03
-9.413589723408222198e-04
-1.467899186536669731e-03
-4.627327434718608856e-03
-6.982892751693725586e-03
-1.903876475989818573e-02
-2.506886143237352371e-03
-1.466300105676054955e-03
-3.776675090193748474e-03
-8.739598095417022705e-03
-1.170367002487182617e-02
-7.171518635004758835e-03
-2.985070226714015007e-03
-8.648398797959089279e-04
-9.999772300943732262e-04
-3.009449690580368042e-03
-1.264121849089860916e-03
-1.893915119580924511e-03
-6.582328118383884430e-03
-9.277241770178079605e-04
-3.252504393458366394e-03
-1.517506688833236694e-02
-1.043012598529458046e-03
-1.496070646680891514e-03
-2.100391779094934464e-03
-5.057446658611297607e-03
-4.280766937881708145e-03
-1.708271913230419159e-03
-1.032530213706195354e-03
-1.209415309131145477e-02
-1.214566919952630997e-02
-9.203213267028331757e-04
-2.087126858532428741e-02
-6.995847448706626892e-03
-3.513088915497064590e-03
-1.728520728647708893e-02
-3.367079189047217369e-03
-1.966334879398345947e-03
-5.041116382926702499e-03
-2.240261994302272797e-03
-1.204637228511273861e-03
-1.346527598798274994e-03
-1.018352224491536617e-03
-1.619572564959526062e-02
-1.075524557381868362e-02
-4.258158151060342789e-03
-4.213551059365272522e-03
-1.253082533366978168e-03
-3.529785200953483582e-03
-1.286678016185760498e-02
-4.337228368967771530e-03
-1.619660528376698494e-03
-3.504612483084201813e-03
-2.562379464507102966e-03
-2.496284898370504379e-03
-5.789453163743019104e-03
-1.242453698068857193e-03
-3.702223300933837891e-03
-1.782070845365524292e-03
-1.595100387930870056e-03
-1.180472597479820251e-02
-1.011849939823150635e-02
-1.816818024963140488e-03
-1.237697433680295944e-03
-4.239898640662431717e-03
-1.478787045925855637e-03
-1.926300302147865295e-02
-6.074882112443447113e-03
-1.774385571479797363e-02
-1.627947948873043060e-02
-9.154299041256308556e-04
-2.010599011555314064e-03
-1.800363138318061829e-02
-4.125705920159816742e-03
-3.225372172892093658e-03
-1.129954005591571331e-03
-3.000209107995033264e-03
-4.830449353903532028e-03
-9.834656491875648499e-03
-1.675332197919487953e-03
-1.073486520908772945e-03
-2.081513218581676483e-02
-1.940284040756523609e-03
-7.091459818184375763e-03
-1.218323502689599991e-02
-3.869577543810009956e-03
-5.498059559613466263e-03
-2.374380128458142281e-03
-1.313038635998964310e-03
-7.470723940059542656e-04
-6.041444372385740280e-03
-9.814120130613446236e-04
-1.774167874827980995e-03
-9.639226831495761871e-03
-1.146804168820381165e-02
-2.125205844640731812e-02
-2.241770923137664795e-02
-1.841282704845070839e-03
-4.010824952274560928e-03
-7.900804281234741211e-03
-1.354156993329524994e-02
-3.735628677532076836e-03
-1.494076335802674294e-03
-1.805752702057361603e-02
-3.332800231873989105e-03
-3.665167372673749924e-03
-1.848207786679267883e-03
-7.275978568941354752e-04
-5.012909881770610809e-03
-6.765795405954122543e-04
-2.368033397942781448e-03
-1.423599896952509880e-03
-1.268549822270870209e-03
-1.490855240263044834e-03
-1.968424301594495773e-03
-1.893476396799087524e-02
-6.558408960700035095e-03
-8.071781136095523834e-03
-6.050255615264177322e-03
-1.517153345048427582e-02
-2.638829872012138367e-02
-2.096629003062844276e-03
-2.528879093006253242e-03
-2.955944743007421494e-03
-1.896747387945652008e-03
-2.641642931848764420e-03
-5.561265163123607635e-03
-3.845393657684326172e-03
-1.948465965688228607e-02
-1.566745340824127197e-03
-7.167946314439177513e-04
-2.000985667109489441e-03
-1.449850387871265411e-02
-1.144163077697157860e-03
-7.682735100388526917e-03
-7.090239785611629486e-03
-1.337994355708360672e-03
-1.530352281406521797e-03
-8.693868294358253479e-04
-1.555729657411575317e-03
-9.542441694065928459e-04
-2.761094365268945694e-03
-2.632354944944381714e-02
-3.263892605900764465e-03
-7.179764565080404282e-03
-2.367936074733734131e-03
-2.142556477338075638e-03
-1.902832183986902237e-03
-3.350973129272460938e-03
-1.215670909732580185e-02
-3.797371871769428253e-03
-5.347160156816244125e-03
-4.362662322819232941e-03
-3.513946663588285446e-03
-1.153519609943032265e-03
-1.602648757398128510e-02
-1.641100621782243252e-03
-2.496419707313179970e-03
-1.513441326096653938e-03
-4.120852798223495483e-03
-7.403083145618438721e-03
-3.489967901259660721e-03
-1.046092063188552856e-02
-8.225049823522567749e-04
-2.428086102008819580e-02
-5.033479072153568268e-03
-3.536279313266277313e-03
-1.365046249702572823e-03
-9.306716965511441231e-04
-1.083201821893453598e-02
-3.851168556138873100e-03
-3.018187358975410461e-03
-2.833334030583500862e-03
-1.870575547218322754e-02
-4.822662100195884705e-03
-1.919332146644592285e-02
-2.762099727988243103e-03
-1.332473009824752808e-02
-2.527063013985753059e-03
-4.631242714822292328e-03
-1.509873894974589348e-03
-1.077428553253412247e-02
-1.416402636095881462e-03
-3.854910377413034439e-03
-8.655271492898464203e-03
-9.018786950036883354e-04
-1.915098633617162704e-03
-1.021403935737907887e-03
-6.394012365490198135e-03
-2.448118990287184715e-03
-2.128867059946060181e-02
-2.963290782645344734e-03
-1.681408612057566643e-03
-3.783194115385413170e-03
-1.657089591026306152e-02
-1.091490034013986588e-02
-4.428914748132228851e-03
-7.340504322201013565e-03
-6.678334902971982956e-03
-1.211728784255683422e-03
-1.587350154295563698e-03
-1.274353009648621082e-03
-1.133412867784500122e-02
-1.434004027396440506e-02
-3.363128984346985817e-03
-1.356259174644947052e-02
-9.599504992365837097e-03
-3.528055734932422638e-03
-4.392093047499656677e-03
-1.278782030567526817e-03
-6.178641691803932190e-03
-4.372578114271163940e-03
-4.774948116391897202e-03
-7.293585222214460373e-03
-2.864154987037181854e-03
-1.535552367568016052e-02
-2.302686683833599091e-03
-1.462605199776589870e-03
-2.255682833492755890e-02
-9.220361709594726562e-03
-2.945106942206621170e-03
-1.525649335235357285e-03
-1.531225861981511116e-03
-2.716679824516177177e-03
-1.458867918699979782e-02
-2.143540419638156891e-03
-3.783251624554395676e-03
-5.577795673161745071e-03
-3.173192031681537628e-03
-1.035082968883216381e-03
-3.825696185231208801e-03
-4.379110410809516907e-03
-9.953430853784084320e-04
-1.062363851815462112e-02
-1.590888365171849728e-03
-3.158225212246179581e-03
-3.396268002688884735e-03
-9.191885590553283691e-03
-2.027190290391445160e-03
-1.093763764947652817e-02
-1.187685411423444748e-03
-1.212452072650194168e-03
-7.721965666860342026e-04
-1.487315981648862362e-03
-6.589190568774938583e-03
-2.307718154042959213e-03
-2.534798346459865570e-03
-3.999624866992235184e-03
-5.985273979604244232e-03
-1.589045044966042042e-03
-2.735675545409321785e-03
-5.721624940633773804e-03
-1.227870211005210876e-02
-7.436014711856842041e-03
-1.424597389996051788e-02
-1.670670928433537483e-03
-2.667777705937623978e-03
-1.513075642287731171e-02
-1.779537880793213844e-03
-1.071753446012735367e-03
-2.421050518751144409e-02
-4.431317094713449478e-03
-4.441155586391687393e-03
-6.800123024731874466e-03
-1.527162268757820129e-03
-7.235737983137369156e-03
-2.613824559375643730e-03
-1.136713312007486820e-03
-2.439305186271667480e-02
-2.256828173995018005e-02
-2.417033538222312927e-02
-9.907520143315196037e-04
-4.834444262087345123e-03
-1.108608115464448929e-02
-5.368405021727085114e-03
-7.351343519985675812e-04
-9.599177865311503410e-04
-1.769592636264860630e-03
-3.901813644915819168e-03
-6.240600720047950745e-03
-9.662514785304665565e-04
-1.087355427443981171e-03
-9.931123349815607071e-04
-8.424218744039535522e-03
-1.225691987201571465e-03
-4.387986846268177032e-03
-3.363857744261622429e-03
-4.533604718744754791e-03
-6.258455105125904083e-03
-1.608814345672726631e-03
-1.220072060823440552e-02
-1.400513807311654091e-03
-1.133538433350622654e-03
-1.788220601156353951e-03
-3.561847843229770660e-03
-9.656626731157302856e-03
-6.247449666261672974e-03
-2.634797990322113037e-02
-9.675506735220551491e-04
-4.803757183253765106e-03
-1.784755382686853409e-03
-3.038571216166019440e-03
-1.514543197117745876e-03
-1.279811840504407883e-02
-8.133094524964690208e-04
-1.232138276100158691e-02
-2.773226005956530571e-03
-1.686653587967157364e-03
-6.795022170990705490e-03
-1.206899061799049377e-02
-1.228592707775533199e-03
-2.388602588325738907e-03
-9.507554350420832634e-04
-2.195960376411676407e-03
-7.949646562337875366e-03
-7.194370962679386139e-03
-2.423914521932601929e-02
-2.580691827461123466e-03
-3.554435214027762413e-03
-2.565021160989999771e-03
-4.548146389424800873e-03
-1.323481788858771324e-03
-2.002863399684429169e-02
-2.604383975267410278e-03
-3.432898316532373428e-03
-1.675096573308110237e-03
-3.960868809372186661e-03
-7.161017274484038353e-04
-1.468858099542558193e-03
-8.885955903679132462e-04
-2.355420961976051331e-03
-1.013464527204632759e-03
-1.462888671085238457e-03
-1.797311753034591675e-02
-3.470540046691894531e-03
-1.903126202523708344e-02
-1.037940848618745804e-02
-3.189355833455920219e-03
-1.292981207370758057e-03
-7.443062495440244675e-03
-4.981664009392261505e-03
-3.495953744277358055e-03
-3.433477366343140602e-03
-4.355492070317268372e-03
-1.292388653382658958e-03
-2.186698373407125473e-03
-1.297663897275924683e-03
-1.848557777702808380e-02
-1.078757364302873611e-02
-5.347736179828643799e-03
-2.210194943472743034e-03
-1.811559312045574188e-02
-1.135352416895329952e-03
-6.522584706544876099e-03
-3.320139599964022636e-03
-1.775846583768725395e-03
-1.140778535045683384e-03
-1.690264558419585228e-03
-9.569205576553940773e-04
-2.843878697603940964e-03
-1.808698172681033611e-03
-2.306830836459994316e-03
-2.868752228096127510e-03
-4.346845671534538269e-03
-8.630466647446155548e-03
-3.399061271920800209e-03
-2.619483275339007378e-03
-1.207702909596264362e-03
-4.119523800909519196e-03
-2.806475153192877769e-03
-5.397177301347255707e-03
-1.286617829464375973e-03
-1.297639566473662853e-03
-9.442326845601201057e-04
-2.635796787217259407e-03
-4.931798670440912247e-03
-4.900095984339714050e-03
-9.360304102301597595e-04
-2.120712772011756897e-03
-1.900617405772209167e-02
-1.630270620808005333e-03
-4.843269940465688705e-03
-4.434529691934585571e-03
-1.664272858761250973e-03
-8.654713630676269531e-03
-3.062018658965826035e-03
-7.159803993999958038e-03
-6.563288159668445587e-03
-4.304041154682636261e-03
-9.376563830301165581e-04
-1.126787276007235050e-03
-1.051611150614917278e-03
-5.392193328589200974e-03
-2.110340818762779236e-02
-1.357220951467752457e-02
-8.032100740820169449e-04
-3.299525007605552673e-03
-2.248412696644663811e-03
-1.136241713538765907e-03
-6.527177058160305023e-03
-1.886384747922420502e-02
-1.118705491535365582e-03
-2.009889110922813416e-03
-4.108406603336334229e-03
-9.887822903692722321e-03
-3.475889563560485840e-03
-4.452702589333057404e-03
-1.110630575567483902e-03
-3.506785025820136070e-03
-3.007677150890231133e-03
-5.004481878131628036e-03
-1.249725930392742157e-03
-3.532103961333632469e-03
-1.146318577229976654e-02
-1.362601108849048615e-02
-5.218977108597755432e-03
-3.923116717487573624e-03
-1.047223689965903759e-03
-1.225993223488330841e-02
-4.803942050784826279e-03
-6.340845488011837006e-03
-2.849294338375329971e-03
-1.604141900315880775e-03
-5.689220968633890152e-03
-2.528722397983074188e-03
-8.400759659707546234e-03
-1.129862107336521149e-02
-2.107902429997920990e-03
-4.137127660214900970e-03
-1.068168669007718563e-03
-1.089393394067883492e-03
-7.609201595187187195e-03
-9.991611354053020477e-03
-1.696885004639625549e-02
-1.194190233945846558e-03
-6.694628857076168060e-03
-5.483757704496383667e-03
-5.084951408207416534e-03
-1.221324596554040909e-02
-3.450338728725910187e-03
-1.968455966562032700e-03
-1.313518267124891281e-03
-1.399722648784518242e-03
-1.021951669827103615e-03
-1.900458009913563728e-03
-7.422132184728980064e-04
-1.762042753398418427e-03
-3.138215281069278717e-03
-1.429536100476980209e-02
-4.088610410690307617e-03
-9.912858949974179268e-04
-1.881680265069007874e-02
-1.082237809896469116e-02
-2.641210518777370453e-02
-1.577340764924883842e-03
-1.092666015028953552e-02
-1.100428309291601181e-02
-6.177533417940139771e-03
-2.123584039509296417e-03
-2.373621612787246704e-02
-1.523897284641861916e-03
-5.044230259954929352e-03
-6.607821211218833923e-03
-4.337838385254144669e-03
-2.406162209808826447e-02
-1.000970602035522461e-03
-1.213706214912235737e-03
-2.182913944125175476e-03
-4.681926220655441284e-03
-2.123280055820941925e-02
-3.406388917937874794e-03
-1.016637543216347694e-03
-5.582742393016815186e-03
-1.052375300787389278e-03
-4.653390496969223022e-03
-2.535041887313127518e-03
-2.467619022354483604e-03
-7.087524281814694405e-04
-1.138395513407886028e-03
-3.640359500423073769e-03
-9.670477593317627907e-04
-2.226510830223560333e-02
-9.769747965037822723e-03
-1.615796610713005066e-02
-9.901546873152256012e-04
-9.393718792125582695e-04
-3.298212774097919464e-03
-1.378123182803392410e-03
-2.282129228115081787e-02
-1.239976147189736366e-03
-8.815097622573375702e-03
-4.185000434517860413e-03
-1.900695264339447021e-02
-8.638562634587287903e-03
-3.993056714534759521e-03
-1.281754299998283386e-02
-2.935513155534863472e-03
-6.453463807702064514e-03
-2.745521953329443932e-03
-5.589487031102180481e-03
-1.030347426421940327e-03
-5.524692591279745102e-03
-1.502937451004981995e-02
-6.569128017872571945e-03
-1.110182260163128376e-03
-6.592141464352607727e-03
-1.293474109843373299e-03
-4.091430455446243286e-03
-2.015437232330441475e-03
-6.662298925220966339e-03
-1.020812988281250000e-02
-7.424503099173307419e-03
-1.780285499989986420e-02
-1.888862065970897675e-02
-1.508593093603849411e-02
-2.500921487808227539e-03
-2.467170823365449905e-03
-1.190478913486003876e-03
-1.148924976587295532e-02
-1.786621403880417347e-03
-6.754416972398757935e-03
-3.220291808247566223e-03
-2.484196564182639122e-03
-8.850265294313430786e-03
-3.723154077306389809e-03
-4.335640929639339447e-03
-1.050653518177568913e-03
-1.222725585103034973e-02
-1.250958302989602089e-03
-3.339875722303986549e-03
-4.633511882275342941e-03
-2.223430667072534561e-03
-1.981364097446203232e-03
-3.649342805147171021e-03
-1.042255666106939316e-02
-4.636303056031465530e-03
-1.518323644995689392e-02
-2.305816859006881714e-03
-7.265053689479827881e-03
-9.667826816439628601e-03
-1.145389629527926445e-03
-7.669050246477127075e-04
-1.103782467544078827e-02
-4.134277813136577606e-03
-1.740850508213043213e-03
-4.523280542343854904e-03
-4.042522981762886047e-03
-2.177700400352478027e-02
-1.220457069575786591e-02
-1.134412130340933800e-03
-1.139855012297630310e-03
-8.121759630739688873e-03
-1.664950745180249214e-03
-1.261571887880563736e-03
-1.431078533641993999e-03
-5.167371593415737152e-03
-9.393714135512709618e-04
-2.096332609653472900e-03
-2.786861266940832138e-03
-9.107207879424095154e-04
-2.128456160426139832e-02
-1.346834469586610794e-03
-8.926935493946075439e-03
-6.162292789667844772e-03
-6.556171458214521408e-03
-1.581462798640131950e-03
-4.987445659935474396e-03
-1.141033414751291275e-02
-4.936353769153356552e-03
-3.582107368856668472e-03
-2.127626445144414902e-03
-2.360086189582943916e-03
-2.328609675168991089e-02
-7.523064501583576202e-03
-1.291494583711028099e-03
-1.391177624464035034e-02
-1.436824095435440540e-03
-3.015566617250442505e-03
-6.880468688905239105e-03
-1.293646916747093201e-02
-6.129610352218151093e-03
-8.532046340405941010e-04
-2.374340035021305084e-02
-1.202266896143555641e-03
-1.379926316440105438e-02
-1.009369618259370327e-03
-2.648152410984039307e-03
-1.784508489072322845e-02
-8.413949981331825256e-04
-2.195260673761367798e-02
-1.379555906169116497e-03
-8.844039402902126312e-03
-1.122214365750551224e-03
-3.890636842697858810e-03
-1.321188639849424362e-03
-2.231247257441282272e-03
-2.418848453089594841e-03
-6.791251711547374725e-03
-9.772487683221697807e-04
-1.586937112733721733e-03
-2.740594558417797089e-03
-3.250378416851162910e-03
-1.601613708771765232e-03
-3.951615653932094574e-03
-9.626244194805622101e-03
-1.091269962489604950e-02
-2.053668722510337830e-03
-8.396953344345092773e-03
-9.684115648269653320e-04
-1.218580175191164017e-03
-2.457124181091785431e-03
-5.782605148851871490e-03
-1.317178644239902496e-02
-4.635372199118137360e-03
-1.489304238930344582e-03
-1.099694869481027126e-03
-1.537632429972290993e-03
-3.050992963835597038e-03
-1.405079965479671955e-03
-8.244758471846580505e-03
-7.707218639552593231e-03
-3.934841603040695190e-03
-5.031750537455081940e-03
-5.925247911363840103e-03
-2.371036913245916367e-03
-3.536867909133434296e-03
-3.114009974524378777e-03
-4.509217105805873871e-03
-9.721177630126476288e-03
-2.672050613909959793e-03
-4.133739508688449860e-03
-9.911120869219303131e-04
-2.177493181079626083e-03
-1.378110493533313274e-03
-2.854314167052507401e-03
-1.931828330270946026e-03
-4.319106228649616241e-03
-4.778580274432897568e-03
-3.251560265198349953e-03
-6.714866496622562408e-03
-8.160853758454322815e-03
-2.157916082069277763e-03
-3.786090062931180000e-03
-3.024605568498373032e-03
-4.895162768661975861e-03
-9.885287145152688026e-04
-1.072105765342712402e-02
-2.810002537444233894e-03
-4.617605358362197876e-03
-2.742760349065065384e-03
-1.120156142860651016e-03
-3.202213440090417862e-03
-9.422835428267717361e-04
-2.419241471216082573e-03
-1.782962493598461151e-02
-1.399127999320626259e-03
-2.347159199416637421e-03
-4.409153945744037628e-03
-1.332003856077790260e-03
-9.893461829051375389e-04
-2.586445771157741547e-03
-1.354883774183690548e-03
-2.011095732450485229e-02
-2.771804342046380043e-03
-2.844766713678836823e-03
-9.991829283535480499e-04
-1.511449087411165237e-02
-7.880262099206447601e-03
-2.237241482362151146e-03
-1.026768237352371216e-03
-7.862891070544719696e-04
-1.903756894171237946e-02
-1.865129568614065647e-03
-1.360345352441072464e-02
-3.779401537030935287e-03
-2.011588541790843010e-03
-5.576488561928272247e-03
-1.558464486151933670e-03
-2.188557293266057968e-03
-9.211957221850752831e-04
-2.660246798768639565e-03
-2.197816222906112671e-02
-6.323958747088909149e-03
-1.903175748884677887e-02
-7.486426038667559624e-04
-1.499299053102731705e-02
-1.024309545755386353e-03
-1.707095536403357983e-03
-6.248103920370340347e-03
-2.126266248524188995e-03
-4.250948317348957062e-03
-2.392688300460577011e-03
-1.573881832882761955e-03
-2.501267939805984497e-03
-2.901083789765834808e-03
-1.074480125680565834e-03
-1.081769354641437531e-02
-1.984222605824470520e-02
-1.698223408311605453e-03
-9.341996163129806519e-03
-1.469841809011995792e-03
-3.688875818625092506e-03
-9.231228614225983620e-04
-1.782509032636880875e-03
-1.871201326139271259e-03
-2.702556550502777100e-03
-5.774395540356636047e-03
-1.464112848043441772e-02
-2.614313503727316856e-03
-4.523568321019411087e-03
-1.926470547914505005e-03
-2.485270146280527115e-03
-1.206108368933200836e-02
-1.940954010933637619e-03
-1.658956520259380341e-03
-4.978489130735397339e-03
-4.240182694047689438e-03
-1.435741782188415527e-03
-6.111180409789085388e-03
-2.239245222881436348e-03
-1.447019726037979126e-02
-5.437630228698253632e-03
-2.250392688438296318e-03
-5.321402102708816528e-03
-2.499057212844491005e-03
-4.086779896169900894e-03
-4.209933802485466003e-03
-1.067400723695755005e-02
-1.797274686396121979e-03
-2.424323558807373047e-02
-2.433362230658531189e-02
-3.346478566527366638e-03
-3.433406585827469826e-03
-2.922617131844162941e-03
-2.094403654336929321e-02
-3.727112431079149246e-03
-1.994733233004808426e-03
-2.620367333292961121e-03
-2.433560322970151901e-03
-1.985903596505522728e-03
-2.351413480937480927e-03
-4.704742692410945892e-03
-1.178247109055519104e-02
-3.781579900532960892e-03
-3.007511608302593231e-03
-1.049534138292074203e-02
-2.124412450939416885e-03
-2.499234862625598907e-03
-3.915648907423019409e-03
-1.856159418821334839e-02
-1.289349049329757690e-03
-3.103493247181177139e-03
-1.992234261706471443e-03
-1.177923404611647129e-03
-1.254064263775944710e-03
-9.046465856954455376e-04
-2.850563265383243561e-03
-8.237229194492101669e-04
-2.888980088755488396e-03
-1.512554101645946503e-02
-1.683771610260009766e-02
-1.193511998280882835e-03
-2.297894563525915146e-03
-3.902703523635864258e-03
-5.071124993264675140e-03
-1.789117231965065002e-02
-1.244818675331771374e-03
-1.396104809828102589e-03
-2.665697829797863960e-03
-1.689427532255649567e-03
-3.791973926126956940e-03
-1.156246848404407501e-02
-1.759411650709807873e-03
-1.765702036209404469e-03
-2.002009889110922813e-03
-1.210351102054119110e-02
-3.328903345391154289e-03
-6.607678253203630447e-03
-2.616824582219123840e-03
-2.104546315968036652e-02
-1.353594008833169937e-03
-1.940553542226552963e-03
-1.846586121246218681e-03
-1.312463916838169098e-02
-2.615611627697944641e-02
-2.633848600089550018e-02
-3.399812383577227592e-03
-1.077840453945100307e-03
-5.909626372158527374e-03
-6.741027347743511200e-03
-1.062215073034167290e-03
-1.843626238405704498e-02
-4.624392837285995483e-03
-9.233177406713366508e-04
-3.111262805759906769e-03
-1.207700185477733612e-02
-2.111842390149831772e-03
-2.422041725367307663e-03
-5.575074814260005951e-03
-1.338219270110130310e-02
-3.079983172938227654e-03
-2.759300172328948975e-03
-7.961569353938102722e-03
-1.585721271112561226e-03
-6.377455312758684158e-03
-1.733461162075400352e-03
-3.191332332789897919e-03
-5.342947319149971008e-03
-9.736875072121620178e-04
-1.892662607133388519e-03
-1.177495112642645836e-03
-8.894222555682063103e-04
-1.380290603265166283e-03
-1.780812814831733704e-02
-2.543129259720444679e-03
-1.937643159180879593e-03
-2.743517048656940460e-03
-2.360066957771778107e-02
-4.611861426383256912e-03
-4.480579402297735214e-03
-1.676355721428990364e-03
-3.060373710468411446e-03
-1.308056176640093327e-03
-1.062732073478400707e-03
-1.431667432188987732e-02
-3.734994446858763695e-03
-3.724018344655632973e-03
-1.907646888867020607e-03
-1.516682677902281284e-03
-1.395345758646726608e-02
-2.742537297308444977e-03
-5.039742682129144669e-03
-6.075941491872072220e-03
-1.240578712895512581e-03
-2.431270666420459747e-03
-1.680017448961734772e-02
-7.411322556436061859e-03
-8.981963619589805603e-03
-3.694103099405765533e-03
-1.427424605935811996e-03
-1.662585884332656860e-03
-1.910350751131772995e-03
-2.331935102120041847e-03
-7.633358705788850784e-03
-3.467606613412499428e-03
-8.430340094491839409e-04
-2.003749366849660873e-03
-1.237140968441963196e-03
-2.360955346375703812e-03
-4.674226976931095123e-03
-6.695060525089502335e-03
-2.851178403943777084e-03
-1.920816488564014435e-03
-1.779785729013383389e-03
-1.070875674486160278e-03
-4.414301365613937378e-03
-3.638521535322070122e-03
-2.520137466490268707e-02
-3.532560775056481361e-03
-9.844012558460235596e-03
-3.259049262851476669e-03
-1.478771213442087173e-03
-2.205207943916320801e-03
-3.583523444831371307e-03
-3.349580802023410797e-03
-3.839758690446615219e-03
-6.410262081772089005e-03
-7.703855633735656738e-03
-1.915250439196825027e-03
-7.726325653493404388e-03
-1.365066505968570709e-02
-5.345099605619907379e-03
-4.523247480392456055e-03
-1.171899586915969849e-02
-1.458361744880676270e-02
-5.781695712357759476e-03
-3.260900266468524933e-03
-3.033024957403540611e-03
-1.934986095875501633e-03
-9.611063636839389801e-03
-1.617926405742764473e-03
-4.840967245399951935e-03
-1.965307397767901421e-03
-1.980840414762496948e-02
-2.999330405145883560e-03
-2.598363673314452171e-03
-2.924948465079069138e-03
-1.370461843907833099e-02
-1.477666199207305908e-03
-7.928938139230012894e-04
-2.747999504208564758e-03
-2.040803898125886917e-03
-4.173299297690391541e-03
-3.198027610778808594e-03
-1.066901022568345070e-03
-1.475030323490500450e-03
-1.405460410751402378e-03
-3.170698415488004684e-03
-2.226198557764291763e-03
-6.415661424398422241e-03
-1.850269176065921783e-02
-1.445485744625329971e-03
-3.513928735628724098e-03
-1.145159476436674595e-03
-4.936736542731523514e-03
-3.195240627974271774e-03
-1.321070734411478043e-02
-2.671547466889023781e-03
-9.775889338925480843e-04
-1.855053356848657131e-03
-1.169393537566065788e-03
-6.965374574065208435e-03
-9.432925144210457802e-04
-8.120805956423282623e-03
-8.952366188168525696e-04
-2.195808850228786469e-02
-1.440506242215633392e-02
-1.606301777064800262e-02
-2.371901180595159531e-03
-3.094587009400129318e-03
-1.157408114522695541e-03
-2.239266876131296158e-03
-9.222337976098060608e-04
-2.584665082395076752e-02
-7.989649893715977669e-04
-1.064817048609256744e-02
-1.071231905370950699e-03
-2.848057076334953308e-03
-7.909554988145828247e-04
-8.443344384431838989e-03
-1.851007342338562012e-03
-6.660092622041702271e-04
-9.007116314023733139e-04
-1.183606218546628952e-03
-7.198400329798460007e-03
-2.569634001702070236e-03
-1.018969691358506680e-03
-1.081155962310731411e-03
-5.377337802201509476e-03
-2.069798065349459648e-03
-7.568476721644401550e-04
-3.736183047294616699e-03
-2.075459808111190796e-03
-3.933684434741735458e-03
-1.796310185454785824e-03
