2.814589533954858780e-04
-5.888543091714382172e-04
-7.579852826893329620e-04
-6.225826218724250793e-04
-4.033991135656833649e-04
-6.953515112400054932e-04
2.008595038205385208e-04
-1.739734085276722908e-03
-1.265742816030979156e-03
-1.090446487069129944e-03
-1.582325436174869537e-03
-2.536098472774028778e-03
-3.744796616956591606e-03
-3.648512065410614014e-04
2.185669727623462677e-04
-1.942913047969341278e-03
-9.842634899541735649e-04
-4.597802180796861649e-04
-3.569205291569232941e-04
-2.512037754058837891e-03
-6.431345827877521515e-04
-4.347455687820911407e-04
-2.262226305902004242e-03
5.261239130049943924e-04
4.346023779362440109e-04
-9.859995916485786438e-04
-4.559452645480632782e-04
-9.485008195042610168e-04
-1.021147472783923149e-03
2.809152938425540924e-03
-5.037034861743450165e-04
-1.031711697578430176e-03
-5.017420626245439053e-04
-5.616158596239984035e-04
-6.879407446831464767e-04
-7.237512618303298950e-04
2.393471077084541321e-04
-3.248439170420169830e-04
-2.395338844507932663e-03
-1.407285453751683235e-03
-1.641048351302742958e-03
-3.680367954075336456e-04
-3.801903687417507172e-03
-1.627610181458294392e-03
-8.403733372688293457e-04
-2.297520637512207031e-03
-4.156492650508880615e-04
-5.777264013886451721e-04
-2.053142990916967392e-03
-1.348807709291577339e-03
-7.558980491012334824e-03
-1.246388419531285763e-03
-5.654860287904739380e-04
-1.330605358816683292e-03
-3.078052308410406113e-03
-2.205381635576486588e-03
-1.950477948412299156e-03
-8.431919850409030914e-04
7.258664118126034737e-04
6.731064058840274811e-04
-8.905632421374320984e-04
4.824262578040361404e-05
-2.168399514630436897e-04
-2.389807254076004028e-03
7.120044901967048645e-04
-1.073496416211128235e-03
-5.470646545290946960e-03
-3.566127270460128784e-05
-3.741469699889421463e-04
4.278821870684623718e-05
-6.670628208667039871e-04
-1.767078880220651627e-03
-8.201068849302828312e-04
-5.901963450014591217e-04
-4.595304839313030243e-03
-5.022547207772731781e-03
2.105704043060541153e-04
4.009933210909366608e-03
-1.889652106910943985e-03
-1.148440875113010406e-03
1.556223491206765175e-03
-1.045008888468146324e-03
-9.182825451716780663e-04
-2.049475442618131638e-03
-6.594205042347311974e-04
-4.578372463583946228e-04
-4.350770614109933376e-04
5.740988999605178833e-04
-2.518966095522046089e-03
-3.193166805431246758e-03
-1.546760438941419125e-03
-1.244443235918879509e-03
-6.043777102604508400e-04
-6.269987206906080246e-04
-2.260777866467833519e-03
-1.238638535141944885e-03
-6.107455119490623474e-04
-1.501306542195379734e-03
-8.686132496222853661e-04
-9.838771075010299683e-04
-2.187359146773815155e-03
-7.214962970465421677e-04
-1.576836919412016869e-03
-5.501015111804008484e-04
-8.809738792479038239e-04
-2.964451443403959274e-03
-3.616989124566316605e-04
-5.884948186576366425e-04
-6.474235560745000839e-04
-1.376420608721673489e-03
-1.658401452004909515e-04
1.916551962494850159e-03
-2.441511256620287895e-03
-8.833867032080888748e-04
2.194717992097139359e-03
-3.198037447873502970e-04
-8.286820957437157631e-04
-2.456951653584837914e-03
-1.173989847302436829e-03
-5.176232662051916122e-04
-6.038760766386985779e-04
-9.013325907289981842e-04
-1.358004752546548843e-03
-4.229742102324962616e-03
-4.699537530541419983e-04
-1.838160678744316101e-04
-6.011230871081352234e-03
-8.595082908868789673e-04
-8.437877986580133438e-04
-4.173157736659049988e-03
-1.293608918786048889e-03
-7.463507354259490967e-04
-9.872624650597572327e-04
-5.413000471889972687e-04
5.963430739939212799e-04
-2.017025370150804520e-03
4.462988581508398056e-04
-5.101542919874191284e-04
-2.606030087918043137e-03
-1.280720462091267109e-03
-7.965223863720893860e-03
4.957490600645542145e-03
-8.400920778512954712e-04
-1.412755926139652729e-03
-2.618997357785701752e-03
-5.243683699518442154e-03
-1.311216503381729126e-03
-2.564559690654277802e-05
-2.807788550853729248e-03
-1.036780886352062225e-03
-1.259436830878257751e-03
-8.305441588163375854e-04
7.575149647891521454e-04
-1.816511154174804688e-03
8.333581499755382538e-04
-9.158784523606300354e-04
-6.895614787936210632e-04
-1.499841455370187759e-04
1.505445688962936401e-04
-9.639016352593898773e-04
3.168575465679168701e-03
-1.787416171282529831e-03
-2.349278889596462250e-03
-2.208708552643656731e-03
2.709263004362583160e-03
-1.093637943267822266e-02
6.951065734028816223e-05
-1.177783822640776634e-03
-9.438600391149520874e-04
-7.760738953948020935e-04
-8.794935420155525208e-04
-1.050522201694548130e-03
-1.135025173425674438e-03
8.476786315441131592e-04
3.552008420228958130e-04
7.000332698225975037e-04
-4.332198295742273331e-04
1.000548829324543476e-03
-6.878962740302085876e-04
-1.134509220719337463e-03
-1.952064689248800278e-03
-5.082646384835243225e-04
-4.907106631435453892e-04
-4.093416500836610794e-04
-6.393377552740275860e-04
6.028006318956613541e-04
-4.206353332847356796e-04
-1.102644950151443481e-02
-1.046556048095226288e-03
-2.178381895646452904e-03
-8.796835318207740784e-04
-9.279791265726089478e-04
-4.847818054258823395e-04
-1.128323492594063282e-03
-5.077980924397706985e-03
-1.444356865249574184e-03
-2.966481260955333710e-04
-1.402715221047401428e-03
-1.463462132960557938e-03
1.777785364538431168e-04
7.765740156173706055e-04
-6.264075636863708496e-04
-9.624110534787178040e-04
-7.155835628509521484e-04
-6.919023580849170685e-04
-2.684836275875568390e-03
-7.369667291641235352e-04
-2.510436344891786575e-03
-2.994564129039645195e-04
3.163912333548069000e-04
-1.950657926499843597e-03
-1.237856922671198845e-03
-5.015116184949874878e-04
-3.386433236300945282e-04
-4.137825220823287964e-03
-1.116407103836536407e-03
-8.820490911602973938e-04
-7.696929387748241425e-04
3.714395919814705849e-03
-8.427898865193128586e-04
2.220886759459972382e-03
-5.173976533114910126e-04
-3.479567123576998711e-03
-8.155885152518749237e-04
-1.232553273439407349e-03
-7.408487144857645035e-04
-3.422064241021871567e-03
-3.300820244476199150e-04
-1.347746932879090309e-03
-1.972844125702977180e-03
3.134051803499460220e-04
-4.001492634415626526e-04
-5.147834308445453644e-04
-1.569468993693590164e-03
-8.900845423340797424e-04
-8.520863018929958344e-03
-9.521273896098136902e-04
-5.350862629711627960e-04
-5.795541219413280487e-04
-4.134749528020620346e-03
-4.630287643522024155e-03
-1.644881907850503922e-03
-3.220050595700740814e-03
-2.883746288716793060e-03
6.092158146202564240e-04
-6.636027246713638306e-04
-4.452449793461710215e-04
-6.726202555000782013e-04
-1.927307457663118839e-03
-6.222908850759267807e-04
2.594651188701391220e-03
-2.457862254232168198e-03
-1.371707068756222725e-03
-6.744991987943649292e-04
-6.976688746362924576e-04
-2.721848664805293083e-03
-1.255896408110857010e-03
-1.250636763870716095e-03
-3.120616544038057327e-03
-1.054067630320787430e-03
1.926468685269355774e-03
-8.521454874426126480e-04
-5.566859617829322815e-04
-4.080648533999919891e-03
-9.457373525947332382e-04
-1.286941929720342159e-03
-5.643456242978572845e-04
-5.150145734660327435e-04
-7.600118406116962433e-04
-3.201119834557175636e-03
-8.507675956934690475e-04
-8.790800347924232483e-04
-1.644272706471383572e-03
-1.033635111525654793e-03
-5.759710911661386490e-04
-1.635718159377574921e-03
-1.475520431995391846e-03
4.550494486466050148e-04
-2.367166103795170784e-03
-8.527637692168354988e-04
-1.179145881906151772e-03
-5.464223213493824005e-04
-8.245308417826890945e-04
-8.906312286853790283e-04
-4.660449456423521042e-03
-3.394531086087226868e-05
-4.857191815972328186e-04
1.917937770485877991e-04
-7.085613906383514404e-04
-2.476299181580543518e-03
-1.038177171722054482e-03
-7.908954285085201263e-04
-1.348110148683190346e-03
-1.761874649673700333e-03
-6.459085270762443542e-04
-8.173128589987754822e-04
-1.553258858621120453e-03
1.740119419991970062e-03
2.188840880990028381e-06
-1.165212364867329597e-03
-7.732743397355079651e-04
-1.213608658872544765e-03
-5.139573477208614349e-03
-5.500563420355319977e-04
-6.256271153688430786e-04
3.800103906542062759e-03
-1.805956475436687469e-03
-1.708119176328182220e-03
-2.114269882440567017e-04
-6.789444014430046082e-04
-2.903855172917246819e-03
-7.623448036611080170e-04
-5.892113549634814262e-04
-2.728460822254419327e-04
-3.676628228276968002e-03
8.744874503463506699e-04
-4.967092536389827728e-04
-1.648694975301623344e-03
1.008154358714818954e-03
-2.334518358111381531e-03
-6.371922791004180908e-05
-4.542297683656215668e-04
-9.077306604012846947e-04
-1.353316940367221832e-03
-1.197331584990024567e-04
-6.911233067512512207e-04
-3.316050861030817032e-04
-3.585400991141796112e-04
-2.043379237875342369e-03
2.927354071289300919e-04
-1.509804278612136841e-03
-1.000902615487575531e-03
-1.683702692389488220e-03
-2.415452152490615845e-03
-8.012144826352596283e-05
2.256538718938827515e-03
-5.005737766623497009e-04
6.229919381439685822e-04
-7.281303405761718750e-04
-5.673312116414308548e-04
1.035493332892656326e-04
-2.254238352179527283e-03
-1.105720736086368561e-02
-3.962023183703422546e-04
-1.495979959145188332e-03
-6.901277229189872742e-04
-8.791177533566951752e-04
-8.406846318393945694e-04
-1.000664895400404930e-03
7.216979283839464188e-04
1.443694811314344406e-03
-1.010618172585964203e-03
-1.372406259179115295e-04
-2.675534226000308990e-03
-4.285722970962524414e-03
-4.665208980441093445e-04
-1.017388538457453251e-03
-4.654582589864730835e-04
-4.654403310269117355e-04
-3.145965514704585075e-03
-1.851824577897787094e-03
2.921505598351359367e-03
-9.325203718617558479e-04
-5.786903202533721924e-04
-9.365430450998246670e-04
-1.834659371525049210e-03
-5.985973402857780457e-04
3.819477278739213943e-03
-2.621100284159183502e-04
-1.116515137255191803e-03
-5.261856131255626678e-04
-5.644871853291988373e-04
-5.176200065761804581e-04
-3.632074221968650818e-04
-3.103634808212518692e-04
-8.667045040056109428e-04
2.447923179715871811e-04
-3.691371530294418335e-04
2.404182218015193939e-03
-1.550156390294432640e-03
-7.265399210155010223e-03
-7.522793021053075790e-04
-9.355847723782062531e-04
5.702236667275428772e-04
-1.103405375033617020e-04
-4.323702305555343628e-04
-7.168797310441732407e-04
-1.103456132113933563e-03
-1.365935429930686951e-03
-5.006156861782073975e-04
-1.057956367731094360e-03
-4.037101753056049347e-04
-4.555213730782270432e-03
-2.919124439358711243e-03
-5.484581924974918365e-04
-7.994449697434902191e-05
-3.150267759338021278e-03
-3.270374145358800888e-04
-8.206043858081102371e-04
-1.049334648996591568e-03
-3.685900010168552399e-04
-3.814850933849811554e-04
-2.571311779320240021e-04
-2.536256797611713409e-04
-8.257362060248851776e-04
-4.802700132131576538e-04
-5.495566874742507935e-04
-8.181519806385040283e-04
-1.931481296196579933e-03
-2.224883995950222015e-03
-5.468102172017097473e-04
-3.462547902017831802e-04
8.927402086555957794e-05
-6.836699321866035461e-04
-9.213304147124290466e-04
-2.223942894488573074e-03
-5.680830217897891998e-04
-3.752931952476501465e-04
-3.175794845446944237e-04
-9.991396218538284302e-04
-1.367471646517515182e-03
-1.483824104070663452e-03
-3.245957195758819580e-04
-4.638070240616798401e-04
-7.731797639280557632e-03
-6.332984194159507751e-04
-1.824846141971647739e-03
-1.666126307100057602e-03
3.092538099735975266e-04
-3.467027563601732254e-04
-1.347775571048259735e-03
-1.725132577121257782e-03
-1.869676169008016586e-03
-1.867058221250772476e-03
-3.641662187874317169e-04
-6.648320704698562622e-04
-2.664513885974884033e-06
-2.281123306602239609e-03
-7.248306646943092346e-03
-4.630190320312976837e-03
3.544422797858715057e-04
-1.474796677939593792e-03
-9.339377284049987793e-04
-3.597438335418701172e-04
-1.248701591975986958e-03
-6.142505444586277008e-03
-1.668157055974006653e-04
-5.493806675076484680e-04
-1.821493962779641151e-03
-3.808752633631229401e-03
-1.050520688295364380e-03
-5.910652689635753632e-04
-2.701105549931526184e-04
-1.222859253175556660e-03
-9.715554770082235336e-04
-1.764583401381969452e-03
-4.572458565235137939e-04
-1.048334408551454544e-03
-1.475020777434110641e-03
-5.454277619719505310e-03
-1.568215666338801384e-03
-6.309198215603828430e-04
2.120551653206348419e-05
1.868857536464929581e-03
-6.886201445013284683e-04
-7.921128999441862106e-04
-1.168368849903345108e-03
-6.712665781378746033e-04
-1.404032111167907715e-03
-6.179478950798511505e-04
-1.438625389710068703e-03
-4.767773207277059555e-04
-4.237687680870294571e-04
-1.226364634931087494e-03
-6.184959784150123596e-04
-6.881682202219963074e-04
-9.705878328531980515e-04
6.222990341484546661e-04
-6.397737190127372742e-03
-2.571335062384605408e-04
-2.916721859946846962e-03
-1.549090840853750706e-03
-6.606180686503648758e-04
2.178099006414413452e-03
-1.192972995340824127e-03
-9.944738121703267097e-04
1.504982355982065201e-04
-7.405700162053108215e-04
-4.964168183505535126e-04
-8.027115836739540100e-04
7.326778722926974297e-04
-7.663927972316741943e-04
-1.400929060764610767e-03
-6.259997608140110970e-04
-1.273442059755325317e-03
6.624124944210052490e-05
3.487623063847422600e-03
-4.043460823595523834e-03
-1.106932200491428375e-02
-3.467525821179151535e-04
-4.654249176383018494e-03
1.782619161531329155e-03
-1.590807922184467316e-03
-7.817400619387626648e-04
-9.419221431016921997e-03
-6.034672260284423828e-04
-6.734894122928380966e-04
-1.706019043922424316e-03
-1.174859702587127686e-03
1.398504478856921196e-03
-2.760244533419609070e-04
-3.191658761352300644e-04
-8.528906619176268578e-04
-6.764654535800218582e-04
-7.849322631955146790e-03
-1.274074194952845573e-03
-7.620360702276229858e-05
-1.658409135416150093e-03
-4.890166455879807472e-04
-1.490553840994834900e-03
-6.306907162070274353e-04
-6.735085044056177139e-04
-4.777552094310522079e-04
-3.462173044681549072e-04
-1.208110712468624115e-03
5.314839072525501251e-04
-1.976799918338656425e-03
-2.676122821867465973e-03
1.651274506002664566e-03
6.911245873197913170e-04
-4.320731386542320251e-04
-1.265709521248936653e-03
-3.288700245320796967e-04
4.886934533715248108e-03
-7.165186107158660889e-04
-3.639557864516973495e-03
-1.564939506351947784e-03
-6.940858438611030579e-03
-1.869328203611075878e-03
-5.690308753401041031e-04
-1.878462964668869972e-03
-9.974092245101928711e-04
-9.500463493168354034e-04
-7.763705216348171234e-04
-2.042358508333563805e-03
1.342394389212131500e-04
-8.067863527685403824e-04
3.074827371165156364e-03
-2.091091126203536987e-03
3.654204774647951126e-04
-1.732941251248121262e-03
-3.891894593834877014e-04
-1.136822625994682312e-03
-4.503699019551277161e-04
-2.844923874363303185e-03
-8.469189051538705826e-04
5.641714669764041901e-04
4.479532362893223763e-04
-6.879134569317102432e-03
-4.874351900070905685e-03
-7.997676730155944824e-04
-9.465616894885897636e-04
-3.689676523208618164e-04
-2.000446431338787079e-03
-2.322795335203409195e-04
-2.984433434903621674e-03
-5.601337179541587830e-04
-7.549037691205739975e-04
-2.407918684184551239e-03
-1.161502674221992493e-03
-1.215768046677112579e-03
-2.864748239517211914e-05
2.087598433718085289e-03
-4.112832248210906982e-04
-6.766226142644882202e-04
-1.246378757059574127e-03
-5.846167914569377899e-05
-1.039092894643545151e-04
-1.084120012819766998e-03
-1.675325678661465645e-03
-1.280265394598245621e-03
-6.086666136980056763e-03
-1.078739645890891552e-03
-1.799359917640686035e-03
-2.955198287963867188e-03
-3.196310717612504959e-04
4.085078835487365723e-04
1.443421002477407455e-03
-1.260516233742237091e-03
-8.175671100616455078e-04
-1.321453135460615158e-03
-1.390491845086216927e-03
6.536359433084726334e-04
-4.460331052541732788e-03
-3.409995697438716888e-04
-3.578225150704383850e-04
-3.214759752154350281e-03
-4.260372370481491089e-04
-4.834700375795364380e-04
-7.953972090035676956e-04
-9.380043484270572662e-04
-5.118420813232660294e-04
-2.095606178045272827e-04
-9.642122313380241394e-04
-5.286373198032379150e-04
-8.267010562121868134e-03
-4.500923678278923035e-04
-3.018677234649658203e-03
-2.701221732422709465e-03
-1.645363634452223778e-03
-6.168046966195106506e-04
-2.184371463954448700e-03
-1.054732361808419228e-03
-1.259398646652698517e-03
-5.583744496107101440e-04
-8.159941062331199646e-04
-3.702983958646655083e-04
-8.176364935934543610e-03
-6.982705090194940567e-04
-4.500402137637138367e-04
7.153565529733896255e-04
-8.201948367059230804e-04
-1.365987700410187244e-03
-7.512399461120367050e-04
-2.596855862066149712e-03
-2.642128150910139084e-03
-1.468178816139698029e-04
-9.729236364364624023e-03
8.209142833948135376e-06
1.386099494993686676e-03
-6.951568648219108582e-04
-1.117288717068731785e-03
-1.002328819595277309e-03
-3.016498521901667118e-04
2.407908905297517776e-03
5.070401821285486221e-04
-3.753861878067255020e-03
-1.383027993142604828e-04
-7.069716230034828186e-04
1.589721068739891052e-04
-1.840197946876287460e-04
-6.692986935377120972e-04
9.367335587739944458e-05
-5.462241824716329575e-04
-4.146923311054706573e-05
-8.784704841673374176e-04
-1.108909957110881805e-03
-1.683465670794248581e-04
-1.456435304135084152e-03
-2.488987985998392105e-03
-3.380887210369110107e-03
-4.029930569231510162e-04
-1.888577942736446857e-03
-6.767068989574909210e-04
-6.831283681094646454e-04
-8.236253052018582821e-04
-2.517941873520612717e-03
-2.881854539737105370e-03
-1.319877337664365768e-03
-6.523169577121734619e-05
-3.504356136545538902e-04
-1.933570019900798798e-04
-5.209736991673707962e-04
-1.116842031478881836e-05
-4.816246218979358673e-04
-1.189407426863908768e-03
-1.593908760696649551e-03
-6.795150693506002426e-04
-8.126290049403905869e-04
-9.717820212244987488e-04
-1.054632477462291718e-03
-1.055166125297546387e-03
-6.676535122096538544e-04
-3.665292635560035706e-03
-8.514560759067535400e-04
-6.775071378797292709e-04
-5.052727647125720978e-04
-1.067659002728760242e-03
-3.449856303632259369e-04
-8.233112748712301254e-04
-5.888782907277345657e-04
-1.416829763911664486e-03
-1.376414322294294834e-03
-1.121114939451217651e-03
-1.746857538819313049e-03
3.872620873153209686e-04
-5.382630042731761932e-04
-7.562455721199512482e-04
-7.268791086971759796e-04
-2.124480437487363815e-03
6.666635163128376007e-04
-2.811626065522432327e-03
-7.946011610329151154e-04
-1.404912909492850304e-03
-7.586830761283636093e-04
-6.580513436347246170e-04
-9.573735296726226807e-04
-1.640347763895988464e-04
-7.236499805003404617e-04
1.138801104389131069e-03
1.284795580431818962e-04
-1.173373311758041382e-04
-6.484221667051315308e-04
1.897257752716541290e-04
-2.046446315944194794e-04
-9.216805920004844666e-04
-6.288073491305112839e-04
-2.699770266190171242e-03
-1.056914217770099640e-03
-1.218575518578290939e-03
-4.779249429702758789e-04
-5.111938342452049255e-03
-2.171173226088285446e-03
-8.426615968346595764e-04
-4.915348254144191742e-04
4.393107956275343895e-04
-7.466270122677087784e-03
-9.148445096798241138e-04
2.429772634059190750e-03
-5.648790393024682999e-04
-8.414294570684432983e-04
-1.537570497021079063e-03
-5.588345229625701904e-04
-1.025713980197906494e-03
6.330937612801790237e-04
-7.079830393195152283e-04
3.545894520357251167e-03
-7.632288616150617599e-04
-7.850810885429382324e-03
7.397535955533385277e-04
-4.483230877667665482e-03
-4.476872272789478302e-04
-3.816010430455207825e-04
-3.800140693783760071e-04
-4.623085260391235352e-04
-1.022572047077119350e-03
-5.651866085827350616e-04
-5.066497251391410828e-04
-9.201830253005027771e-04
-3.976225852966308594e-04
1.998927909880876541e-04
-2.987822517752647400e-03
-7.399515016004443169e-05
-6.054155528545379639e-04
-9.867958724498748779e-04
4.462811630219221115e-04
-1.267074607312679291e-03
-5.144919268786907196e-04
-6.471797823905944824e-04
-3.366731107234954834e-06
-1.140962704084813595e-03
-5.619851872324943542e-04
-3.377378452569246292e-03
-7.680640555918216705e-04
-1.137538347393274307e-03
-8.966537425294518471e-04
-7.517322665080428123e-04
-4.179040901362895966e-03
-8.661653846502304077e-04
-6.809318438172340393e-04
-1.598182134330272675e-03
-6.202477961778640747e-04
-7.002186030149459839e-04
-1.557839103043079376e-03
-7.546358974650502205e-04
-2.231109654530882835e-03
-7.112792227417230606e-04
-9.423503652215003967e-04
-1.543056219816207886e-03
-9.129578247666358948e-04
-1.138210296630859375e-03
-1.181622501462697983e-03
-2.599728060886263847e-03
-3.504171036183834076e-04
5.482365842908620834e-03
1.393291982822120190e-03
-1.249974127858877182e-03
-1.130599528551101685e-03
-1.084960997104644775e-03
3.857414238154888153e-03
-1.455838326364755630e-03
-3.206892870366573334e-05
-6.503335898742079735e-04
-9.920138400048017502e-04
1.018834300339221954e-04
-9.271427989006042480e-04
-1.743626780807971954e-03
-2.481851493939757347e-03
-1.028531347401440144e-03
-1.144803245551884174e-03
-1.911519328132271767e-03
-6.494077388197183609e-04
-8.785529062151908875e-04
-1.664839801378548145e-03
-5.254884250462055206e-03
-2.489164471626281738e-04
-1.093532890081405640e-03
-1.185182714834809303e-03
-6.329836323857307434e-04
2.554464153945446014e-04
-6.982209160923957825e-04
-1.108527416363358498e-03
6.897696293890476227e-04
-9.141321061179041862e-04
-5.227631889283657074e-03
-5.234425421804189682e-03
2.054092474281787872e-04
-7.816200377419590950e-04
-1.128144562244415283e-03
-6.621326319873332977e-04
-1.675728941336274147e-03
-1.476637553423643112e-04
-4.086287226527929306e-04
-6.905924528837203979e-04
-5.714120343327522278e-04
-1.350041711702942848e-03
-4.396095173433423042e-04
-8.098083781078457832e-04
9.143631905317306519e-05
-4.239841364324092865e-04
-4.693394061177968979e-03
-9.991424158215522766e-04
-2.627162495627999306e-03
-3.017338458448648453e-04
-7.763877976685762405e-03
-7.481061620637774467e-04
-7.929442799650132656e-04
-8.008275181055068970e-04
9.344592690467834473e-04
-1.064644847065210342e-02
-1.073983963578939438e-02
-1.192226540297269821e-03
-3.430116921663284302e-04
-1.623311545699834824e-03
-2.978249918669462204e-03
-3.195488825440406799e-04
-4.707010462880134583e-03
-1.290700398385524750e-03
7.079520728439092636e-04
-1.001256518065929413e-03
-4.390805028378963470e-03
-6.137397140264511108e-04
-1.147241797298192978e-03
-1.431502168998122215e-03
-3.749706316739320755e-03
-1.088863238692283630e-03
-3.808124456554651260e-04
-1.997228711843490601e-03
-3.692302852869033813e-04
-8.403097745031118393e-04
-8.183177560567855835e-04
-1.060211681760847569e-03
-2.350810682401061058e-03
-1.057176850736141205e-04
-6.241067312657833099e-04
-5.511543713510036469e-04
1.361835747957229614e-04
-3.408817574381828308e-04
-2.696537121664732695e-04
-7.662540301680564880e-04
-3.195120953023433685e-04
-3.990544937551021576e-04
-8.785250596702098846e-03
-2.042702399194240570e-03
-1.276024617254734039e-03
-5.800630897283554077e-04
-4.649532493203878403e-04
-2.197057474404573441e-04
5.322371143847703934e-04
-1.679910812526941299e-03
-1.374155748635530472e-03
-1.115448772907257080e-03
-7.224101573228836060e-04
-5.978047847747802734e-04
4.669220652431249619e-04
-4.547638818621635437e-04
-2.075869124382734299e-03
-1.639958471059799194e-03
-7.335348054766654968e-04
-1.098287058994174004e-03
3.325011115521192551e-03
-2.970387227833271027e-03
1.063565025106072426e-03
-1.254972419701516628e-03
-6.894040852785110474e-04
-3.713215701282024384e-04
-5.670168902724981308e-04
-5.609972868114709854e-04
-1.026834361255168915e-03
-1.053462736308574677e-03
-3.301573451608419418e-04
-1.112815807573497295e-03
2.348867710679769516e-04
-7.490697316825389862e-04
-6.782319396734237671e-04
-1.671227626502513885e-03
-9.242258965969085693e-04
-7.781814783811569214e-04
3.366963937878608704e-05
-7.245317101478576660e-05
-1.598035916686058044e-03
-1.093755476176738739e-03
-4.880577325820922852e-03
-1.323858974501490593e-03
-3.054186701774597168e-03
-1.054466702044010162e-03
-3.304060082882642746e-04
-5.035283975303173065e-04
-6.731762550771236420e-04
-1.151642063632607460e-03
-1.358285197056829929e-03
-1.755177392624318600e-03
-2.055971184745430946e-03
-8.536847308278083801e-04
-2.071922644972801208e-03
2.208119723945856094e-03
-3.693106118589639664e-04
-1.228356035426259041e-03
-2.816970460116863251e-03
-2.712375018745660782e-03
-6.102968472987413406e-04
-1.320120296441018581e-03
-8.754474110901355743e-04
-8.702920749783515930e-04
-2.373539609834551811e-03
-5.010867607779800892e-04
-1.537676202133297920e-03
-4.582217661663889885e-04
-8.768388070166110992e-04
-1.255187205970287323e-03
-8.801037911325693130e-04
-1.167177339084446430e-03
1.925843767821788788e-03
3.217759076505899429e-04
-6.041303277015686035e-04
-3.338083624839782715e-04
-8.972017094492912292e-04
-1.514951698482036591e-03
-1.348475343547761440e-03
4.400436300784349442e-04
-4.829319659620523453e-04
-5.391631275415420532e-04
-9.942967444658279419e-04
-1.044117496348917484e-03
-1.294177491217851639e-03
3.935443237423896790e-03
-6.787758320569992065e-04
-6.653075106441974640e-04
-4.555847262963652611e-04
-1.266381703317165375e-03
-9.381053969264030457e-04
-3.360722213983535767e-03
-6.836648099124431610e-04
-4.421817138791084290e-04
-8.033614140003919601e-04
-4.098312929272651672e-04
-1.722441171295940876e-03
6.579398177564144135e-04
-3.115876577794551849e-03
4.225595621392130852e-04
1.985603943467140198e-03
-2.394295064732432365e-03
1.074852305464446545e-03
-6.047184579074382782e-04
-1.115109771490097046e-03
-2.336949110031127930e-04
-4.588878946378827095e-04
-3.793901996687054634e-04
-9.400906041264533997e-03
-6.492072716355323792e-04
2.513043582439422607e-04
-2.220692113041877747e-04
-8.705146610736846924e-04
6.912145763635635376e-04
-2.101955935359001160e-03
-4.271398065611720085e-04
1.739268191158771515e-04
4.336324054747819901e-04
-6.968504749238491058e-04
-2.590566175058484077e-03
-7.025566883385181427e-04
-2.229101955890655518e-04
-5.912301130592823029e-04
-1.988595351576805115e-03
-1.038683927617967129e-03
7.019236218184232712e-04
-1.339662820100784302e-03
-9.722104296088218689e-04
-1.380069646984338760e-03
-4.813752602785825729e-04
