8.363767527043819427e-03
-1.108677685260772705e-02
1.916714571416378021e-02
7.484681904315948486e-03
-1.499875448644161224e-02
1.527669001370668411e-02
3.466612659394741058e-03
-1.060649566352367401e-02
2.080725971609354019e-03
1.582327997311949730e-03
-6.001251284033060074e-03
-7.349477149546146393e-03
2.370582148432731628e-02
-5.215635756030678749e-04
7.996518164873123169e-03
-3.732006996870040894e-03
-1.394734624773263931e-02
8.110225200653076172e-03
-2.318724617362022400e-02
2.363660559058189392e-02
-1.155590359121561050e-02
-5.954424384981393814e-03
-3.136666864156723022e-02
8.034008555114269257e-03
8.357094600796699524e-03
-3.605696838349103928e-04
1.210162509232759476e-02
3.406290430575609207e-03
-1.305169612169265747e-02
-2.471044659614562988e-02
-3.076073154807090759e-02
-9.437333792448043823e-03
9.400467388331890106e-03
-1.377861574292182922e-02
1.618017256259918213e-02
1.090135704725980759e-02
9.063261561095714569e-03
1.000441797077655792e-02
-1.617902517318725586e-02
-6.963447201997041702e-03
3.862261539325118065e-03
-1.418510451912879944e-02
-1.458365470170974731e-02
7.611551322042942047e-03
-8.202251046895980835e-03
-6.439027842134237289e-03
-1.020215731114149094e-02
7.475065998733043671e-03
-2.830048091709613800e-03
-2.414816617965698242e-02
1.456400845199823380e-02
-1.114316191524267197e-02
6.175193469971418381e-03
-1.901767775416374207e-02
2.080980315804481506e-02
2.589146792888641357e-02
2.500536292791366577e-02
-1.468455418944358826e-02
-3.907937556505203247e-03
-3.912167623639106750e-03
7.530984468758106232e-03
3.330811392515897751e-03
9.562487713992595673e-03
1.681216992437839508e-02
-3.696763655170798302e-03
8.636411279439926147e-03
-1.390410587191581726e-02
1.202570460736751556e-02
-1.502922456711530685e-02
5.703543312847614288e-03
1.996760070323944092e-02
4.523105453699827194e-03
-4.303705878555774689e-03
-7.102217525243759155e-03
1.580438949167728424e-02
2.344892593100667000e-03
-5.424466915428638458e-03
4.210569895803928375e-03
-1.978147588670253754e-02
-1.297753397375345230e-02
9.009465575218200684e-03
-1.537201460450887680e-03
-1.153362356126308441e-02
-1.196856237947940826e-02
1.582979783415794373e-02
-4.950709640979766846e-03
-1.384985074400901794e-02
-4.590499214828014374e-03
2.351060695946216583e-02
2.992428466677665710e-02
9.119389578700065613e-03
-2.128567732870578766e-02
-1.117261685431003571e-02
2.033447846770286560e-02
-2.631979435682296753e-02
3.055705223232507706e-03
-6.129564717411994934e-03
-9.200916625559329987e-03
-1.411511749029159546e-02
1.113911811262369156e-02
-9.567922912538051605e-03
-7.783551234751939774e-03
-9.156269021332263947e-03
1.302701327949762344e-02
-8.673843927681446075e-03
-1.688131131231784821e-02
1.309033855795860291e-02
-5.792371928691864014e-03
-7.099786307662725449e-03
-1.928606629371643066e-02
1.061912532895803452e-02
8.925409987568855286e-03
1.051243767142295837e-02
1.658901572227478027e-02
-1.843061298131942749e-02
-1.283430308103561401e-02
1.585274189710617065e-02
-2.988750487565994263e-02
4.569435492157936096e-03
1.765112020075321198e-02
1.423509046435356140e-02
8.393688127398490906e-03
1.779437437653541565e-02
-4.194322973489761353e-03
1.274272613227367401e-02
1.036351732909679413e-02
3.683159500360488892e-02
-6.989827379584312439e-03
-2.297602966427803040e-02
-1.157209277153015137e-02
-2.705182880163192749e-03
2.278301678597927094e-02
6.028751842677593231e-03
1.471507176756858826e-02
-5.202882923185825348e-03
1.851622946560382843e-02
-5.119341425597667694e-03
-1.175174769014120102e-02
2.929243445396423340e-02
-2.669515833258628845e-02
3.621228411793708801e-02
1.352452905848622322e-03
1.166174560785293579e-02
8.317481726408004761e-03
2.240266837179660797e-02
1.374503038823604584e-02
-1.403888221830129623e-02
6.107583642005920410e-03
-2.938411012291908264e-02
-1.416988670825958252e-02
-5.025652702897787094e-03
9.584245271980762482e-03
7.752830628305673599e-03
-8.795520290732383728e-03
7.496556732803583145e-03
1.337834261357784271e-02
1.539370045065879822e-02
1.498319208621978760e-03
-4.102709237486124039e-03
-1.085155457258224487e-02
5.420171190053224564e-03
-8.096730336546897888e-03
-6.087328307330608368e-03
1.560995634645223618e-02
4.339760169386863708e-03
3.841731697320938110e-02
4.521081224083900452e-03
-9.795284830033779144e-03
-1.042023207992315292e-02
1.465583592653274536e-02
-8.504792116582393646e-03
2.389977499842643738e-02
6.421796511858701706e-03
1.184078399091959000e-02
2.004949375987052917e-03
-4.950417671352624893e-03
-3.899306058883666992e-03
-2.161908894777297974e-02
1.511995121836662292e-02
2.219131588935852051e-02
-1.286819856613874435e-02
-3.874156158417463303e-03
-1.055468339473009109e-03
-1.451603136956691742e-02
-1.271761860698461533e-02
-4.712994210422039032e-03
1.485441252589225769e-02
5.233671516180038452e-03
1.007211394608020782e-02
2.335650473833084106e-02
-4.864044953137636185e-03
1.019266061484813690e-02
1.132692210376262665e-02
-6.012790836393833160e-03
-9.096739813685417175e-05
4.695507232099771500e-03
9.600048884749412537e-03
-2.723555080592632294e-03
-1.027250476181507111e-02
2.910306211560964584e-03
-2.460524439811706543e-02
-1.322742365300655365e-02
1.235855650156736374e-02
1.272348780184984207e-02
1.460095681250095367e-02
-9.005000814795494080e-03
1.575708575546741486e-02
-1.959062740206718445e-02
-1.024722680449485779e-02
1.466343924403190613e-02
-1.116489339619874954e-02
-1.400141604244709015e-02
-9.144612704403698444e-04
-1.458655204623937607e-02
1.487854681909084320e-02
7.466497831046581268e-03
6.585646886378526688e-03
-1.529423706233501434e-02
3.539838362485170364e-03
2.255487814545631409e-02
8.099786005914211273e-03
1.689905487000942230e-02
3.285054862499237061e-02
1.164979021996259689e-02
4.239870235323905945e-03
-3.440177300944924355e-03
2.817082777619361877e-02
8.117177523672580719e-03
-1.321329362690448761e-02
2.809112332761287689e-02
-5.368341691792011261e-03
9.776639752089977264e-03
-9.657925926148891449e-03
-2.293111011385917664e-02
-4.365492146462202072e-03
1.807679794728755951e-02
1.089474465698003769e-02
-1.039171032607555389e-02
2.072262763977050781e-02
3.251830488443374634e-02
-2.269195392727851868e-03
-1.172974612563848495e-02
-3.234054427593946457e-03
1.763266394846141338e-03
-2.100024838000535965e-03
1.489271223545074463e-02
-1.336115319281816483e-02
1.503345929086208344e-02
-2.818302065134048462e-02
2.089070901274681091e-02
3.404110437259078026e-03
-1.136430818587541580e-02
-1.214423216879367828e-02
1.687372103333473206e-02
-1.006370037794113159e-02
-2.479405840858817101e-03
1.426436007022857666e-03
-2.215179800987243652e-02
2.432214096188545227e-03
-6.596594117581844330e-03
6.960088387131690979e-03
-1.347564905881881714e-02
4.810873884707689285e-03
-3.116787225008010864e-02
1.719338446855545044e-02
-4.810842685401439667e-03
-7.337121758610010147e-03
-1.382026262581348419e-02
7.146670017391443253e-03
-2.368884347379207611e-02
-5.869751796126365662e-03
1.431665569543838501e-02
1.982102170586585999e-02
-1.457226835191249847e-02
-6.792208179831504822e-03
3.583390498533844948e-04
-5.365202203392982483e-03
-1.762667670845985413e-05
2.909591794013977051e-02
-1.032258663326501846e-02
-9.208739735186100006e-03
1.972056366503238678e-02
1.613990217447280884e-02
1.294788531959056854e-02
-5.906091537326574326e-03
2.232587896287441254e-03
-9.093684144318103790e-03
1.157242991030216217e-02
-1.160124689340591431e-02
1.516675576567649841e-02
-1.131466217339038849e-02
1.104299444705247879e-02
-1.914796233177185059e-02
-1.366278436034917831e-02
1.684592920355498791e-03
2.020669914782047272e-02
-1.122891902923583984e-03
5.649181548506021500e-03
9.544305503368377686e-03
1.750366576015949249e-02
1.181864272803068161e-02
-6.877207197248935699e-03
-1.442065183073282242e-02
-1.062074676156044006e-02
-7.826390676200389862e-03
-2.434011548757553101e-02
-1.154371630400419235e-02
-1.285805180668830872e-02
1.042507030069828033e-02
1.090095005929470062e-02
1.070020534098148346e-02
1.927455328404903412e-02
-1.013172231614589691e-02
1.611227542161941528e-02
2.575164288282394409e-02
1.331417076289653778e-02
-1.164941210299730301e-02
1.387995947152376175e-02
7.503239437937736511e-03
-8.851720951497554779e-03
1.279991026967763901e-02
-9.680883027613162994e-03
-1.063327956944704056e-02
-8.252541534602642059e-03
9.245453402400016785e-03
1.519840210676193237e-02
-1.420288439840078354e-02
-1.475212629884481430e-02
-2.179639413952827454e-02
2.270053606480360031e-03
-6.656356155872344971e-03
2.494272775948047638e-03
9.973288513720035553e-03
-9.871873073279857635e-03
7.019694428890943527e-03
3.589710686355829239e-03
4.874769132584333420e-03
-1.730838324874639511e-03
1.472002360969781876e-02
2.131268195807933807e-02
-1.982270553708076477e-02
-8.496325463056564331e-03
9.153785184025764465e-03
-1.126060541719198227e-02
-1.856868341565132141e-02
1.443822029978036880e-02
3.296746872365474701e-03
-8.328676223754882812e-03
-2.709044888615608215e-02
-4.445096477866172791e-03
6.718958728015422821e-03
1.096735615283250809e-02
-4.307279828935861588e-03
-1.010076142847537994e-02
2.311838045716285706e-02
1.162838563323020935e-02
-5.912883672863245010e-03
-5.971994251012802124e-03
4.929846152663230896e-03
1.176016218960285187e-02
-6.360663101077079773e-03
-2.711077593266963959e-02
1.958777755498886108e-02
2.124367095530033112e-02
-1.347907073795795441e-02
6.845434661954641342e-03
1.261312235146760941e-02
-1.704090088605880737e-02
6.837212946265935898e-03
6.279283668845891953e-03
1.334279961884021759e-02
2.136302366852760315e-02
-1.414261758327484131e-02
-1.439599040895700455e-02
-1.371426135301589966e-02
1.858410984277725220e-02
-5.396917462348937988e-03
-6.022068671882152557e-03
-2.035765163600444794e-02
-5.638726521283388138e-03
2.467527240514755249e-02
-2.474137768149375916e-02
4.666545428335666656e-03
-1.785895321518182755e-03
1.024735905230045319e-02
1.043153554201126099e-02
1.724305376410484314e-02
7.191511802375316620e-03
-1.426686998456716537e-03
-8.047312498092651367e-03
-1.019844692200422287e-02
1.378268003463745117e-02
3.236136958003044128e-02
-1.047325041145086288e-02
1.243095006793737411e-02
1.749315066263079643e-03
-2.872741222381591797e-02
-1.497490331530570984e-02
-2.262528613209724426e-02
-1.289477385580539703e-02
-1.548953726887702942e-02
-1.423919387161731720e-02
9.852690622210502625e-03
-5.609704647213220596e-03
-1.521043479442596436e-02
-1.504134200513362885e-02
7.255585864186286926e-03
6.387413479387760162e-03
-3.240922698751091957e-03
-1.147757470607757568e-02
1.824295707046985626e-02
1.309113577008247375e-02
-5.399356596171855927e-03
1.382569968700408936e-02
1.150437165051698685e-02
-1.153330877423286438e-02
-6.764502264559268951e-03
-1.405912451446056366e-02
-1.411304809153079987e-02
-2.330568851903080940e-03
-2.018362283706665039e-04
-6.970186252146959305e-03
-1.439659576863050461e-02
-1.522720418870449066e-02
-1.052965596318244934e-02
-4.642148967832326889e-03
1.088409870862960815e-02
-1.229973975569009781e-02
2.476594876497983932e-03
-2.145359292626380920e-02
-1.582543924450874329e-02
2.595919184386730194e-02
2.305955067276954651e-02
1.387365977279841900e-03
-5.636008922010660172e-03
-7.818764075636863708e-03
7.347180508077144623e-03
-1.108989026397466660e-02
4.098328202962875366e-02
-1.282897591590881348e-02
-5.317078903317451477e-03
-6.935951299965381622e-03
1.247637998312711716e-02
-1.462373416870832443e-02
2.539023011922836304e-02
3.912071883678436279e-02
8.506229147315025330e-03
-4.559658467769622803e-03
-5.020558834075927734e-03
-1.059140171855688095e-02
9.130805730819702148e-03
2.117061614990234375e-02
-2.889643656089901924e-04
-8.918425068259239197e-03
-1.457866746932268143e-02
-7.758362218737602234e-03
-1.150853186845779419e-02
3.816754557192325592e-03
-2.682110480964183807e-02
-1.125221699476242065e-02
-8.634224534034729004e-03
1.924271509051322937e-02
-5.619806703180074692e-03
5.172121804207563400e-03
2.303889766335487366e-02
1.824867725372314453e-02
-1.169765368103981018e-02
6.044895388185977936e-03
1.245243474841117859e-03
-1.538615953177213669e-02
-2.504478767514228821e-02
1.398885156959295273e-02
-3.008933737874031067e-03
3.162631765007972717e-04
1.454753149300813675e-02
1.552160549908876419e-02
1.923010125756263733e-02
8.324028924107551575e-03
-1.447356771677732468e-02
5.031580571085214615e-03
-1.427389215677976608e-04
-2.092980965971946716e-02
2.139721810817718506e-02
3.941209055483341217e-03
-1.493769232183694839e-03
-1.017196569591760635e-02
7.596165407449007034e-03
1.501391455531120300e-02
1.474624406546354294e-02
1.472993195056915283e-02
-3.913152962923049927e-03
5.842418409883975983e-03
-8.066223934292793274e-03
-2.735026553273200989e-02
6.394158117473125458e-04
-5.549323745071887970e-03
4.395718686282634735e-03
1.731780543923377991e-02
2.912474796175956726e-02
-1.542520709335803986e-02
-4.203534219413995743e-03
4.509346559643745422e-03
-1.027059741318225861e-03
-5.843576043844223022e-03
3.497317060828208923e-02
3.295501461252570152e-03
1.918022520840167999e-02
-4.534984473139047623e-03
5.615544039756059647e-03
1.206280477344989777e-02
-2.772073028609156609e-03
-1.507971156388521194e-02
-1.308446284383535385e-02
1.677621901035308838e-02
3.801921382546424866e-02
2.155055291950702667e-03
1.343814656138420105e-03
-1.035993732511997223e-02
-1.069651823490858078e-02
-3.491982817649841309e-03
-1.554912514984607697e-02
9.629707783460617065e-04
-1.424522884190082550e-02
-1.812903210520744324e-03
7.827114313840866089e-04
-4.937046207487583160e-03
-3.269549831748008728e-02
-8.077034726738929749e-03
-2.099414169788360596e-02
-2.956512616947293282e-03
-1.417980715632438660e-02
-1.199274696409702301e-02
-1.503809168934822083e-02
2.775826724246144295e-03
1.546572707593441010e-02
5.957053974270820618e-03
-1.330439373850822449e-02
3.280808404088020325e-02
2.779055386781692505e-02
2.182005159556865692e-02
-2.730542980134487152e-02
1.150626223534345627e-02
2.332651615142822266e-02
1.529929693788290024e-03
1.447740569710731506e-02
-5.510796327143907547e-03
2.366469614207744598e-02
2.604315988719463348e-03
2.099423483014106750e-02
-4.996123723685741425e-03
-5.596181843429803848e-03
6.269877310842275620e-03
6.978938356041908264e-03
-1.564995944499969482e-02
3.725935472175478935e-03
1.611978933215141296e-02
6.593592464923858643e-03
-2.750768139958381653e-02
-1.672431640326976776e-02
3.424618020653724670e-02
-9.588394314050674438e-03
1.982688531279563904e-02
1.064122468233108521e-02
-2.609533257782459259e-02
-4.178465809673070908e-03
-6.607122719287872314e-03
1.982442662119865417e-02
-2.323833294212818146e-03
-6.448603235185146332e-03
-2.630936913192272186e-03
3.907072357833385468e-03
8.385191671550273895e-03
4.320584703236818314e-03
-6.457999115809798241e-04
1.980955153703689575e-02
3.697486128658056259e-03
7.511373609304428101e-03
-1.741340151056647301e-03
8.744021877646446228e-03
2.303446270525455475e-02
2.166115678846836090e-03
8.025851100683212280e-03
-1.053968537598848343e-02
-3.511739894747734070e-03
2.759821712970733643e-02
-1.481648441404104233e-02
1.039127260446548462e-02
5.843060091137886047e-03
-2.420494332909584045e-03
1.335727609694004059e-02
1.562866941094398499e-02
-1.591809280216693878e-02
1.310701295733451843e-02
-1.170255336910486221e-02
-1.486731693148612976e-02
1.143679302185773849e-02
-1.020953990519046783e-02
-1.341719180345535278e-02
-5.131272599101066589e-03
-9.949202649295330048e-03
2.321088127791881561e-02
-7.085898425430059433e-03
-1.431072596460580826e-03
1.211802195757627487e-02
1.480894070118665695e-02
2.841926366090774536e-02
6.249401718378067017e-03
-8.928682655096054077e-03
-7.317402050830423832e-04
2.448792569339275360e-02
1.455823890864849091e-02
-6.820850074291229248e-03
1.726801320910453796e-02
3.782032057642936707e-03
2.021815069019794464e-02
-4.282733425498008728e-03
1.308995392173528671e-02
-2.125752344727516174e-02
1.528306957334280014e-02
9.771792218089103699e-03
1.006610132753849030e-02
-9.416003711521625519e-03
-1.776002719998359680e-02
1.631506532430648804e-02
-2.469946816563606262e-02
2.975783776491880417e-03
1.310745812952518463e-02
1.784070581197738647e-02
1.085617393255233765e-02
7.787970826029777527e-03
1.531543210148811340e-02
-4.977679811418056488e-03
-3.011013567447662354e-02
-1.128749083727598190e-02
-2.603673934936523438e-02
-2.150252694264054298e-03
1.481964485719799995e-03
1.243854314088821411e-02
1.473840139806270599e-02
6.832209415733814240e-03
1.003384869545698166e-02
9.353287518024444580e-03
8.438993245363235474e-03
-7.449496537446975708e-03
6.639287341386079788e-03
-2.487446647137403488e-03
5.874391645193099976e-03
-4.883586429059505463e-03
-1.354805193841457367e-02
2.943230047821998596e-02
-9.915580973029136658e-03
7.528305985033512115e-03
-2.357041835784912109e-02
1.536795869469642639e-02
-9.577602148056030273e-03
-2.981714904308319092e-03
-9.439973160624504089e-03
2.905407547950744629e-02
8.513312786817550659e-05
9.092696011066436768e-03
-1.380926091223955154e-02
2.169693820178508759e-03
1.007278170436620712e-02
5.585261620581150055e-03
1.332396641373634338e-02
2.311570569872856140e-02
-1.112931035459041595e-02
1.836192794144153595e-02
2.238894067704677582e-02
1.064436789602041245e-02
2.645832486450672150e-03
-8.076628670096397400e-03
2.253283187747001648e-02
1.617728546261787415e-02
1.109995227307081223e-02
1.696993410587310791e-02
-6.240143906325101852e-03
-8.717968128621578217e-03
-1.470781769603490829e-02
1.926310360431671143e-02
-1.456942968070507050e-02
-1.165521610528230667e-02
-2.120224758982658386e-02
4.693293944001197815e-03
-2.349557355046272278e-03
8.068396709859371185e-03
9.617806412279605865e-03
1.665530353784561157e-02
2.039549127221107483e-02
2.626799978315830231e-03
-2.356530632823705673e-03
-1.171213202178478241e-02
-1.334903202950954437e-02
-5.376060493290424347e-03
2.769409678876399994e-03
-8.223537355661392212e-03
1.004598569124937057e-03
-5.528893321752548218e-03
-1.489696651697158813e-02
-2.540110610425472260e-02
4.372401162981987000e-03
8.111141622066497803e-03
1.845664903521537781e-02
-4.748565144836902618e-03
-5.681535694748163223e-03
1.984862238168716431e-02
-6.985231768339872360e-03
-3.105293773114681244e-02
6.248830817639827728e-03
-1.080880966037511826e-02
-8.292939513921737671e-03
3.176878765225410461e-02
2.623354271054267883e-02
1.755567453801631927e-02
-9.642558172345161438e-03
4.274739883840084076e-03
1.804580166935920715e-02
-1.108437404036521912e-02
4.128268919885158539e-03
2.114773169159889221e-02
1.444462873041629791e-02
2.085968852043151855e-02
-6.472242064774036407e-03
-1.094286981970071793e-02
-1.994372345507144928e-03
-1.399621553719043732e-02
-2.194376662373542786e-02
1.732034049928188324e-02
-1.714419340714812279e-03
-4.294087644666433334e-03
-1.606534793972969055e-02
-6.085978820919990540e-03
-5.293111782521009445e-03
1.133415848016738892e-02
-1.552464067935943604e-02
1.713990420103073120e-02
-1.557864528149366379e-02
1.362561527639627457e-02
1.308265514671802521e-02
1.193054765462875366e-02
-5.402896553277969360e-03
-1.008772850036621094e-02
-3.015420399606227875e-02
-7.785781286656856537e-03
-2.479581534862518311e-02
5.818912759423255920e-04
-9.137536399066448212e-03
-1.229076087474822998e-02
1.405510306358337402e-02
-2.037805272266268730e-03
-1.145504973828792572e-02
1.305970642715692520e-02
-2.259979769587516785e-02
-1.067152479663491249e-03
1.800077036023139954e-02
-5.211542826145887375e-03
1.835241541266441345e-02
2.516942471265792847e-02
9.453113190829753876e-03
-5.596899427473545074e-06
-4.286719951778650284e-03
2.206006646156311035e-02
1.345380116254091263e-02
-1.949422992765903473e-03
1.675165444612503052e-02
2.297861874103546143e-02
1.999701745808124542e-02
1.177316810935735703e-02
-1.852878835052251816e-03
-5.181855987757444382e-03
6.855084560811519623e-03
-2.163829654455184937e-02
3.027528151869773865e-02
1.022203918546438217e-02
-1.722280308604240417e-02
-3.070782124996185303e-02
-1.291537843644618988e-02
5.233471747487783432e-03
4.471623804420232773e-03
4.708291497081518173e-03
-1.209516916424036026e-02
7.598579861223697662e-03
1.807809434831142426e-02
-1.243618968874216080e-02
5.147444084286689758e-03
1.907303929328918457e-02
-1.032780297100543976e-02
2.817437797784805298e-02
1.172570232301950455e-02
-1.272009126842021942e-02
2.531716600060462952e-02
-4.466429818421602249e-03
-6.726259831339120865e-03
-9.054852649569511414e-03
-2.203719504177570343e-02
1.260420493781566620e-02
-5.113225895911455154e-03
-9.023970924317836761e-03
1.434911973774433136e-02
-4.839337896555662155e-03
1.516450848430395126e-02
-8.062263019382953644e-03
-4.715360701084136963e-03
-2.238270360976457596e-03
3.003430739045143127e-02
3.729395568370819092e-02
-5.172227043658494949e-03
-1.409333851188421249e-02
5.637035705149173737e-03
2.071116492152214050e-02
1.942554116249084473e-02
5.801510997116565704e-03
-6.245111580938100815e-03
-1.462866552174091339e-02
-9.137725457549095154e-03
-1.811067759990692139e-02
-2.456426993012428284e-02
-1.190458890050649643e-02
-2.320755738765001297e-03
-1.545434817671775818e-02
1.310943067073822021e-02
7.629715837538242340e-03
1.157669536769390106e-02
1.187302917242050171e-02
-1.792427897453308105e-02
-1.001444645226001740e-02
-3.895035712048411369e-03
4.257871769368648529e-03
-1.989467255771160126e-02
-1.068144105374813080e-02
4.240424185991287231e-02
3.489288035780191422e-03
-3.065882250666618347e-03
-2.119794674217700958e-02
-5.220877006649971008e-03
1.376741286367177963e-02
-2.403557300567626953e-02
2.097095828503370285e-03
-3.214693861082196236e-03
1.083888579159975052e-02
2.085102722048759460e-02
-1.132172718644142151e-02
-9.221224114298820496e-03
2.176225930452346802e-02
3.373389318585395813e-02
6.457611918449401855e-03
1.371090207248926163e-02
-5.243636667728424072e-03
-1.529692392796278000e-02
2.008421346545219421e-02
1.396965235471725464e-02
-4.696968942880630493e-03
-6.442641373723745346e-03
-5.598124582320451736e-03
1.325385645031929016e-02
-1.120269391685724258e-02
-5.400548223406076431e-03
1.297972723841667175e-02
-2.912434563040733337e-02
1.035147532820701599e-02
7.181995548307895660e-03
6.209971383213996887e-03
4.266861081123352051e-02
-1.256051473319530487e-03
-2.151684090495109558e-02
1.387355010956525803e-02
1.498329639434814453e-02
-5.887482315301895142e-03
-5.169119685888290405e-04
-2.838220261037349701e-02
-1.340431626886129379e-02
1.513180322945117950e-03
-5.324908532202243805e-03
1.815012656152248383e-03
1.094108819961547852e-02
4.979497753083705902e-03
-1.182510517537593842e-02
-4.990219138562679291e-03
-8.180315606296062469e-03
-1.086789742112159729e-02
3.363325260579586029e-03
-1.023787539452314377e-02
5.743266548961400986e-03
-8.786052465438842773e-03
-7.216866128146648407e-03
-1.471403148025274277e-02
-5.236713215708732605e-03
3.060617949813604355e-03
2.023494429886341095e-02
9.404604323208332062e-03
-9.729959070682525635e-03
1.813404634594917297e-02
6.522933486849069595e-03
-3.421531990170478821e-03
1.594983972609043121e-02
-1.685731112957000732e-03
-1.450094580650329590e-02
-2.184841316193342209e-03
6.476844660937786102e-03
3.848979249596595764e-03
-1.008001156151294708e-02
8.290706202387809753e-03
2.877443470060825348e-02
-1.290785986930131912e-02
-8.759168907999992371e-03
9.746567346155643463e-03
-1.535361167043447495e-02
2.758687827736139297e-03
1.591714844107627869e-02
-1.410942524671554565e-02
-1.459988113492727280e-02
-2.054584212601184845e-02
-1.764169521629810333e-02
1.417243387550115585e-02
-1.625246927142143250e-02
4.977016709744930267e-03
1.025904901325702667e-02
1.686159148812294006e-02
-1.926348358392715454e-02
2.586853504180908203e-02
1.388214714825153351e-02
-1.465409807860851288e-02
4.464762285351753235e-03
1.153528410941362381e-02
2.937635779380798340e-02
-1.427746936678886414e-02
-1.470334082841873169e-02
1.048178412020206451e-03
1.685818657279014587e-02
-1.099680177867412567e-02
2.002042531967163086e-02
-2.621267922222614288e-03
5.971582140773534775e-03
2.591685857623815536e-03
-1.172463316470384598e-02
8.731588721275329590e-03
8.076370693743228912e-03
-1.236131042242050171e-02
-1.784601062536239624e-02
3.847954794764518738e-04
-6.356337107717990875e-03
8.706862106919288635e-03
-1.485223881900310516e-02
1.916285790503025055e-02
-2.376047894358634949e-02
2.227815333753824234e-03
1.270750164985656738e-02
1.926668733358383179e-02
-1.231695059686899185e-02
3.481718711555004120e-03
3.517969511449337006e-03
-1.807349361479282379e-02
-1.508536562323570251e-02
-6.877387873828411102e-03
-1.239193044602870941e-02
-3.374226624146103859e-03
-2.266960777342319489e-02
-4.437663592398166656e-03
-9.981272742152214050e-03
4.614585079252719879e-03
-2.729834243655204773e-02
-2.724671363830566406e-02
-2.345664240419864655e-02
-1.370761170983314514e-02
-1.990503398701548576e-03
8.559816516935825348e-03
1.369360741227865219e-02
-1.073597278445959091e-02
-2.147164568305015564e-02
1.489989925175905228e-02
-2.018417045474052429e-02
-1.791386166587471962e-04
-1.492730528116226196e-02
7.455542217940092087e-03
-2.069458365440368652e-02
7.858420722186565399e-04
1.186184678226709366e-02
9.295210242271423340e-03
-7.806130684912204742e-03
1.808301918208599091e-02
7.844779640436172485e-03
-1.421799883246421814e-03
-6.812707055360078812e-03
-9.204435162246227264e-03
-9.150394238531589508e-03
6.088323425501585007e-03
-1.381257921457290649e-02
-1.127056498080492020e-02
-1.234982069581747055e-02
1.152286212891340256e-02
