-1.378236811433453113e-05
-3.898023441433906555e-02
-6.600081178476102650e-06
1.658479777688626200e-05
2.412823494523763657e-03
-5.158258136361837387e-04
1.253648588317446411e-05
4.278636333765462041e-05
2.114519290626049042e-02
5.140857696533203125e+01
1.314496093750000000e+03
1.810161629691720009e-03
3.486403147689998150e-04
-4.454924926757812500e+02
-1.075639374903403223e-05
1.868614694103598595e-03
-6.631752476096153259e-04
1.313705070060677826e-05
1.175754368887282908e-05
4.982808604836463928e-05
-2.923252061009407043e-02
1.740222549438476562e+01
5.484407301992177963e-05
-7.534594260505400598e-06
-1.179343053081538528e-05
6.078112792968750000e+02
-1.126266511164430995e-06
7.063829040527343750e+01
-4.946198314428329468e-04
1.446740861865691841e-05
3.114269202342256904e-05
3.273566818237304688e+01
1.954257641045842320e-06
-5.430089076980948448e-04
-8.251776307588443160e-06
-1.235003728652372956e-04
-2.269955439260229468e-05
7.435106454067863524e-06
7.170569733716547489e-05
-3.942262628697790205e-05
3.749530151253566146e-05
-7.437327876687049866e-04
4.627215093933045864e-04
3.291806206107139587e-05
4.625814819335937500e+01
4.324148467276245356e-04
-1.808898232411593199e-04
1.112540006637573242e+00
-6.887968629598617554e-05
1.615050496184267104e-05
2.710349112749099731e-02
1.991413409996312112e-05
1.678862190246582031e+01
1.486425571783911437e-05
1.660568523220717907e-04
1.058005909726489335e-05
1.359597263217438012e-05
5.268986336886882782e-03
1.615054861758835614e-05
2.102372309309430420e-05
-4.970369263901375234e-05
1.793484443624038249e-05
3.131911398668307811e-06
6.237918569240719080e-05
1.688676093181129545e-05
2.533989725634455681e-03
3.929442726075649261e-03
-8.604631148045882583e-05
-7.961667142808437347e-04
1.048102967615704983e-05
-9.655876056058332324e-06
3.909080260200425982e-05
2.357151970500126481e-05
2.327933725609909743e-05
2.192522399127483368e-03
1.610270142555236816e-02
5.078378308098763227e-05
7.270680725923739374e-06
3.370548802195116878e-05
-5.632467567920684814e-03
9.184830560116097331e-06
2.162627060897648335e-05
-1.887675316538661718e-04
-7.159940432757139206e-04
-6.104492058511823416e-06
8.064790344238281250e+01
-6.015705876052379608e-04
2.930906885012518615e-05
2.110248169628903270e-05
7.839291356503963470e-05
2.809787474689073861e-05
1.178744059870950878e-05
-2.164725738111883402e-04
-1.512416747573297471e-05
4.538384382613003254e-05
1.192175969481468201e-02
6.860395812988281250e+01
-2.600815496407449245e-04
-6.445146864280104637e-04
3.670936683192849159e-03
-6.387479248046875000e+02
2.401544406893663108e-05
-3.090387035626918077e-04
-1.838218886405229568e-04
1.050936225510668010e-05
1.240187848452478647e-04
3.483684622551663779e-06
5.665292337653227150e-05
4.916824036627076566e-05
1.743159737088717520e-05
-5.925033838138915598e-05
1.094935851142508909e-05
9.083311306312680244e-05
1.633107967791147530e-05
8.495708243572153151e-06
-5.073961801826953888e-04
-6.852481874375371262e-06
5.659754606313072145e-05
-4.132062895223498344e-05
-5.771016731159761548e-06
8.837883942760527134e-04
-7.418292807415127754e-05
7.651047781109809875e-06
-1.792453601956367493e-02
-1.524730469100177288e-04
8.344484493136405945e-03
1.093251630663871765e-04
4.929536953568458557e-05
9.737959771882742643e-06
6.336359307169914246e-03
3.238040161132812500e+02
-1.039410017256159335e-05
4.132704436779022217e-02
-2.977423428092151880e-04
2.922579369624145329e-05
2.809810393955558538e-05
3.803105573751963675e-05
-4.644854925572872162e-06
3.233702955185435712e-05
2.287861207150854170e-05
1.831332338042557240e-03
4.436712515598628670e-06
1.174905523657798767e-02
2.673757444426883012e-05
6.631107680732384324e-05
5.506375804543495178e-03
2.136757597327232361e-03
5.633998625853564590e-06
6.617469625780358911e-05
7.399713620543479919e-03
-4.425101623535156250e+02
3.207151079550385475e-03
-2.899138962675351650e-06
-5.818018188476562500e+02
-8.829920261632651091e-08
-6.998711032792925835e-04
-5.310595734044909477e-04
2.189231054217088968e-05
3.988002572441473603e-05
-1.224637089762836695e-04
7.266970897035207599e-06
5.269020039122551680e-05
6.960267201066017151e-03
4.774772241944447160e-05
3.850630946544697508e-06
4.383142106235027313e-03
1.289509236812591553e-05
2.139999742212239653e-05
1.893921375274658203e+00
-5.432378966361284256e-04
4.295925140380859375e+01
-6.423822924261912704e-06
2.134199719876050949e-03
1.405024340783711523e-05
1.175948818854521960e-05
2.066678280243650079e-05
4.802408875548280776e-05
1.095764673664234579e-05
-6.132292328402400017e-04
-3.288855396021972410e-06
5.083841097075492144e-05
1.738257598876953125e+02
2.357675839448347688e-05
-2.420068194624036551e-04
-3.671804734040051699e-04
2.837129250110592693e-05
-2.115486495313234627e-06
4.063762207031250000e+02
-4.545165575109422207e-04
2.692025191208813339e-05
4.693607788085937500e+02
1.616347953677177429e-02
-1.003552097245119512e-04
2.563168709457386285e-05
-4.457606002688407898e-03
3.422481677262112498e-05
-1.194708829643786885e-06
2.241102218627929688e+01
-3.673621104098856449e-04
6.770329491700977087e-06
1.484414315200410783e-05
-4.401318146847188473e-04
-2.154035028070211411e-04
8.081917650997638702e-03
-6.551539627253077924e-06
1.698183898925781250e+02
-9.513199984212405980e-06
6.567700620507821441e-05
-2.056581724900752306e-04
2.430907443340402097e-05
9.996711730957031250e+00
2.832547761499881744e-05
-4.693018798828125000e+02
-7.425433141179382801e-04
1.374804414808750153e-03
-1.086913980543613434e-04
-3.056007699342444539e-05
1.263771322555840015e-03
5.151516234036535025e-06
-8.141559192154090852e-06
1.009151947073405609e-05
-6.373865289788227528e-06
4.693399750976823270e-05
-1.975562190636992455e-04
-7.880697376094758511e-05
2.382392449362669140e-05
1.374620333081111312e-04
3.320974428788758814e-06
2.419120210106484592e-05
7.950159670144785196e-06
4.600304600899107754e-05
-5.369411519495770335e-05
-1.232286449521780014e-04
2.072479946946259588e-05
2.387652602919843048e-05
2.969969436526298523e-02
-2.547837793827056885e-04
-5.374274402856826782e-02
-1.040065126289846376e-05
5.042216434958390892e-05
-1.158379483968019485e-02
3.824400603771209717e-01
3.742709057405591011e-03
3.989626711700111628e-04
1.677968248259276152e-05
-4.064440436195582151e-04
-5.219454178586602211e-04
5.313740530255017802e-06
3.930392995243892074e-05
-1.580611206009052694e-05
2.215373569924850017e-06
1.264354796148836613e-04
-5.507933092303574085e-04
-8.313688340422231704e-06
-1.096588530344888568e-04
4.833867133129388094e-04
4.370616807136684656e-06
1.258265456272056326e-05
7.781857857480645180e-04
2.430083623039536178e-05
6.021203262207563967e-06
-4.881893401034176350e-04
8.956880187988281250e+01
1.092334714485332370e-04
1.791095996850344818e-06
2.804255382216069847e-05
1.034452438354492188e+01
-5.642141913995146751e-04
-2.971795402118004858e-05
9.319375385530292988e-05
5.143356247572228312e-05
6.110194590291939676e-06
1.133342448156327009e-05
-3.916830173693597317e-04
3.649020436569117010e-05
3.275764538557268679e-05
1.237343505859375000e+03
8.065586371230892837e-06
1.383645576424896717e-05
-9.140874317381531000e-05
2.408343971183057874e-05
-1.000695920083671808e-05
1.927977564264438115e-06
1.682907575741410255e-03
1.521559655666351318e-01
2.098869299516081810e-05
-6.183705478906631470e-02
-6.612759898416697979e-05
-2.270956319989636540e-04
8.009189332369714975e-05
-1.878513285191729665e-04
-1.495308533776551485e-04
1.610831895959563553e-05
3.845898027066141367e-05
3.162032470703125000e+02
-1.639140646148007363e-05
9.425677359104156494e-03
3.087150616920553148e-06
7.427927357639418915e-07
1.095714378607226536e-05
1.278024539351463318e-02
1.348907244391739368e-05
3.321399912238121033e-03
-4.902729392051696777e-02
-3.095108695561066270e-06
1.363624323857948184e-05
6.759306415915489197e-04
7.079792674630880356e-03
2.183514880016446114e-08
1.528299786150455475e-02
2.336768084205687046e-04
-1.306147896684706211e-05
-1.395173894707113504e-04
2.698432763281743973e-05
4.501696821535006166e-05
2.199293157900683582e-05
1.246624812483787537e-02
2.166343983844853938e-05
3.225670297979377210e-06
1.770053058862686157e-03
-1.106557174352928996e-04
-1.360316819045692682e-04
-1.058929483406245708e-04
9.060114746093750000e+02
-2.702456640690797940e-07
-6.435088580474257469e-04
-7.243888685479760170e-04
-3.672511084005236626e-04
3.705437848111614585e-05
7.847958841011859477e-06
-4.032855834960937500e+02
6.585454684682190418e-06
3.026998092536814511e-05
-6.816447753906250000e+02
-5.924235665588639677e-06
1.704692749626701698e-06
9.091271972656250000e+01
1.361814520350890234e-05
-4.624116700142621994e-04
-1.480885566707001999e-05
7.275681582541437820e-06
1.572537841796875000e+03
-5.329552173614501953e+00
-2.792126324493438005e-04
2.249707722512539476e-05
-3.726402937900274992e-04
4.762798198498785496e-06
2.196662353526335210e-05
2.227904951723758131e-05
1.861519922385923564e-05
3.715391358127817512e-06
7.300564902834594250e-04
4.648643516702577472e-05
-7.370475463867187500e+02
7.248554029501974583e-04
1.616304926574230194e-02
4.379460733616724610e-05
5.263694038148969412e-05
3.379045665496960282e-06
3.581668715924024582e-04
7.202837150543928146e-05
1.707606861600652337e-05
-1.722346678434405476e-05
-1.526989763078745455e-05
-5.340897478163242340e-04
4.000448097940534353e-05
9.911414235830307007e-03
7.905768143245950341e-06
1.318913382419850677e-05
1.395751163363456726e-02
-1.953620958374813199e-04
-1.451296157028991729e-05
-1.886826066765934229e-05
3.303607925772666931e-03
-6.741082761436700821e-04
-1.222880564455408603e-05
4.809281745110638440e-05
5.994945240672677755e-05
1.024359426082810387e-05
-4.021792847197502851e-05
6.439654156565666199e-03
1.485556822444777936e-05
-8.915871148928999901e-06
1.743819666444323957e-05
6.829818630649242550e-07
-1.929855670823599212e-06
-1.142978362622670829e-05
6.521834991872310638e-03
3.730164766311645508e-01
9.096671342849731445e-01
-8.170060755219310522e-05
-1.905799290398135781e-04
5.701148984371684492e-05
3.862101002596318722e-04
-2.531057816668180749e-06
2.259138818772044033e-05
7.812657713657245040e-05
-4.734346584882587194e-04
8.586964213463943452e-06
-7.112730760127305984e-03
7.767414354020729661e-05
2.177556976675987244e-03
-4.811068720300681889e-05
6.396631943061947823e-05
-3.555865841917693615e-04
-7.759081199765205383e-04
-2.034897624980658293e-05
-2.258680615341290832e-05
-6.303559348452836275e-05
8.519832044839859009e-05
-6.181699063745327294e-06
5.987130862195044756e-07
5.105159289087168872e-05
-5.774952569481683895e-06
-2.801863884087651968e-04
-3.545150905847549438e-02
5.919472459936514497e-05
3.815146628767251968e-03
-7.351671811193227768e-04
-4.811167907714843750e+02
1.537275238661095500e-05
3.407867916394025087e-05
-7.705802563577890396e-04
2.031083684414625168e-03
3.488556289672851562e+01
1.954960021972656250e+02
3.373264189576730132e-05
-3.279091417789459229e-02
1.204590444103814662e-05
8.343448826053645462e-06
1.619593786017503589e-05
5.105403033667244017e-06
1.372948463540524244e-05
3.013873356394469738e-05
6.177838804433122277e-05
6.447596206271555275e-06
3.959475278854370117e+00
7.262691389769315720e-03
3.478040162008255720e-04
4.728993400931358337e-03
4.388959860079921782e-05
-6.467203638749197125e-05
1.264146645553410053e-03
8.057118393480777740e-04
-4.618815637513762340e-06
2.498476242180913687e-04
8.131550252437591553e-02
5.158388376003131270e-05
-1.097413332900032401e-04
1.112630920410156250e+02
-2.351189905311912298e-04
-1.280747346754651517e-05
-4.277527770996093750e+02
2.567927367636002600e-05
-6.174184964038431644e-04
-3.833258056640625000e+02
1.023439690470695496e-02
-6.709116860292851925e-06
2.562675763329025358e-05
6.538517761230468750e+01
3.664635733002796769e-05
-1.256083396583562717e-05
5.699336907127872109e-05
2.787405719573143870e-06
-1.160580723080784082e-05
-4.656862984120380133e-06
-3.370291087776422501e-04
1.416875839233398438e+01
2.069617039524018764e-05
1.538076438009738922e-03
1.951489684870466590e-05
5.102766408526804298e-06
4.413250644574873149e-05
1.421378328814171255e-05
-7.352209649980068207e-06
-5.843224353156983852e-04
-2.247769771202001721e-06
2.692169346119044349e-06
-9.538154117763042450e-03
9.662282562255859375e+01
6.253015599213540554e-04
2.158527786377817392e-05
-1.088417866412783042e-05
1.956651431100908667e-06
3.241647949218750000e+02
-6.936612771824002266e-05
-7.724689567112363875e-06
-5.884844576939940453e-04
-2.779409696813672781e-04
-6.499424926005303860e-04
1.211344806506531313e-05
1.169214057922363281e+01
-9.130284888669848442e-05
2.161141856049653143e-05
-7.990645617246627808e-02
5.610457446891814470e-05
6.135919647931586951e-06
9.595138253644108772e-04
1.983457617461681366e-02
-6.607519462704658508e-04
-1.656090319156646729e-01
1.719179181236540899e-06
1.820555422455072403e-03
2.238840789794921875e+02
4.310814198106527328e-03
1.781838378906250000e+02
-8.910434189601801336e-06
5.782378138974308968e-05
1.168868038803339005e-06
1.997168510570190847e-05
1.433560485839843750e+02
-5.198062863200902939e-04
-4.081182414665818214e-04
-7.439639375661499798e-06
1.252094516530632973e-03
3.677618224173784256e-05
-3.531151733398437500e+02
3.885063779307529330e-05
-2.051330375252291560e-04
1.899383926391601562e+01
3.707475552801042795e-04
1.816292569856159389e-05
-4.309003415983170271e-04
1.500453643798828125e+02
1.123998165130615234e+00
3.307101724203675985e-05
5.261194019112735987e-05
7.566008716821670532e-04
1.062307273969054222e-05
1.477243404224282131e-05
1.222813501954078674e-03
2.244480492663569748e-05
4.522511735558509827e-04
6.701046004309318960e-06
-7.211742922663688660e-04
1.628801343031227589e-03
6.308106705546379089e-03
1.787553541362285614e-03
5.180701919016428292e-06
-1.289163628825917840e-05
3.551132977008819580e-05
-5.625647027045488358e-04
-7.482433375116670504e-06
1.528169195808004588e-05
3.805194864980876446e-05
5.280425830278545618e-05
-1.022992364596575499e-05
2.219723228336079046e-06
2.710709850362036377e-05
4.007629104307852685e-05
5.630283703794702888e-05
2.082358551025390625e+01
-2.646634529810398817e-04
-5.261218757368624210e-04
2.888399176299571991e-04
3.626290890679229051e-06
6.020618457114323974e-07
2.004158886848017573e-05
3.935012500733137131e-03
2.944988373201340437e-04
3.244123458862304688e+00
-1.627116944291628897e-05
1.164064183831214905e-02
3.614949673647060990e-05
4.713515590992756188e-05
6.008580327033996582e-03
-1.136152604885865003e-05
4.447323590284213424e-05
1.126736402511596680e-03
2.386644518992397934e-05
5.264072678983211517e-03
1.611596345901489258e-01
2.221413524239324033e-06
-4.538308410644531250e+02
-1.522374623164068907e-05
-5.088577745482325554e-05
8.183877071132883430e-06
3.420643042773008347e-05
-3.719694213941693306e-04
4.607637492881622165e-06
-9.920418960973620415e-06
2.158540859818458557e-02
-1.175652723759412766e-04
1.334974222118034959e-04
7.321343582589179277e-05
-7.829163223505020142e-04
-3.885706973960623145e-05
2.453157776471925899e-06
2.433187910355627537e-05
2.522485330700874329e-03
1.059010355675127357e-05
2.197553112637251616e-05
1.840930053731426597e-05
-5.943339318037033081e-02
-1.371903636027127504e-05
1.690219528973102570e-02
-6.759885253906250000e+02
8.841129951179027557e-03
7.889968872070312500e+01
-7.902813376858830452e-05
-7.449573786288965493e-06
6.772739652660675347e-06
3.486587229417636991e-05
-5.381518276408314705e-04
-2.954429946839809418e-04
6.668459624052047729e-03
1.947888565063476562e+01
-4.652427136898040771e-02
2.696045557968318462e-04
4.936196091875899583e-06
-3.271495806984603405e-04
-7.230194023577496409e-05
5.776868874818319455e-06
-9.476806735619902611e-05
-1.025085839501116425e-05
4.041469116210937500e+02
-5.610963853541761637e-07
2.427545376121997833e-03
-6.090371016398421489e-07
-1.701922900974750519e-02
6.727922482241410762e-06
-4.115986303077079356e-05
1.235261333931703120e-05
-2.253760612802579999e-06
5.892379704164341092e-05
1.522738602943718433e-04
-1.268478081328794360e-04
4.370373487472534180e-02
-5.720417539123445749e-05
5.383248662838013843e-06
-6.534967687912285328e-04
4.070681461598724127e-05
3.251438465667888522e-05
-3.062686009798198938e-04
1.618346686882432550e-05
2.134859460056759417e-05
4.184383433312177658e-03
-1.039591443259268999e-04
-7.242269930429756641e-06
-8.662682375870645046e-07
3.969308636442292482e-06
-6.503285840153694153e-05
2.787596713460516185e-07
-2.191893145209178329e-06
5.484665052790660411e-06
2.309297269675880671e-05
2.037383988499641418e-02
5.043029523221775889e-05
2.017054706811904907e-03
2.467296326358336955e-05
3.404331626370549202e-03
-1.854142101365141571e-05
3.015496622538194060e-05
-5.125829484313726425e-04
-8.256083674496039748e-05
2.349712121940683573e-05
5.815632175654172897e-03
2.193489490309730172e-05
1.392020203638821840e-05
-2.935431984951719642e-05
-6.448552012443542480e-04
1.945104122569318861e-05
9.872042937786318362e-06
5.754025551141239703e-06
1.066525555870612152e-06
-3.442516117502236739e-06
-4.503580857999622822e-04
-8.121687642415054142e-06
-8.820889888738747686e-06
9.311102330684661865e-03
3.725406713783740997e-06
2.474500732421875000e+02
-1.128049734688829631e-05
6.230447324924170971e-04
-1.800382597139105201e-04
-9.146905540546867996e-06
5.004187551094219089e-05
-2.466440491843968630e-06
1.631739549338817596e-03
-1.620511284272652119e-05
-6.825684686191380024e-04
2.842096000676974654e-05
1.629542748560197651e-05
-3.762714331969618797e-03
1.837957883253693581e-03
1.285048483623540960e-06
-5.943025462329387665e-05
2.715714799705892801e-07
-1.648225588724017143e-05
3.849493805319070816e-05
1.243982387677533552e-05
2.151268417946994305e-04
7.175821345299482346e-03
3.118393215117976069e-05
1.033134867611806840e-05
-1.516126030765008181e-05
1.496847107773646712e-05
6.315722566796466708e-05
-7.457910105586051941e-04
1.595935464138165116e-05
6.921535714354831725e-06
8.042154149734415114e-06
-1.005076865112641826e-05
4.306389746489003301e-05
6.355950608849525452e-05
-1.720677028060890734e-05
5.670764221576973796e-05
6.439706339733675122e-05
-1.893995143473148346e-02
-2.342642983421683311e-04
-2.212242968380451202e-02
5.604545585811138153e-04
2.021421096287667751e-05
-9.972342013497836888e-06
-2.673689275979995728e-02
1.805106694519054145e-05
1.717138290405273438e-02
-1.435690792277455330e-04
2.806139491440262645e-06
-1.184582652058452368e-05
-7.211150950752198696e-04
7.004562576184980571e-06
6.001775182085111737e-05
-1.409419055562466383e-04
1.007462742563802749e-05
8.733764290809631348e-03
1.161578529718099162e-05
-4.031325261166784912e-06
9.302286376953125000e+02
1.470098868594504893e-05
6.996046868152916431e-04
5.967553443042561412e-05
5.476581281982362270e-05
-8.351347560164867900e-07
6.616339087486267090e-04
3.062750693061389029e-06
4.598721861839294434e-04
-2.066747256321832538e-04
-6.104028434492647648e-04
4.534325853455811739e-06
4.911502765025943518e-05
5.540517158806324005e-04
2.742416654655244201e-05
8.454655647277832031e+00
1.517974214948480949e-05
1.346522731182631105e-05
2.407015533447265625e+02
9.350601583719253540e-03
-2.971769426949322224e-04
3.349036705913022161e-05
-2.707695239223539829e-04
-2.263969463456305675e-06
1.111994861275888979e-04
4.080943108419887722e-05
3.387687684153206646e-06
2.334314194740727544e-05
-1.102277383324690163e-05
5.132161313667893410e-04
5.403784103691577911e-03
-4.469739379882812500e+02
1.587221431732177734e+01
-1.161935506388545036e-05
4.058372694998979568e-03
3.959664900321513414e-05
-8.077064194367267191e-06
1.572471046529244632e-05
-8.520533810951747000e-06
4.319413565099239349e-03
1.917254924774169922e-02
5.060068969726562500e+02
-2.394587500020861626e-04
1.010125379252713174e-05
2.225025309599004686e-05
-6.018455314915627241e-05
7.971426384756341577e-06
2.449415478622540832e-05
-5.992859369143843651e-04
2.095445618033409119e-02
-6.623662263154983521e-02
7.896498573245480657e-06
-5.042465636506676674e-04
6.441219738917425275e-06
-9.735541425470728427e-06
-3.419094136916100979e-04
1.043806878442410380e-05
-1.375958163407631218e-05
2.059251861572265625e+02
1.467681067879311740e-05
1.311151390837039798e-05
-5.243465420790016651e-04
6.050107913324609399e-06
5.123418668517842889e-05
2.383012847900390625e+02
-3.468063368927687407e-04
3.900842275470495224e-04
-1.183758286060765386e-04
-5.269807739257812500e+02
2.057019810308702290e-05
6.597501924261450768e-04
4.209023245493881404e-05
-5.919542163610458374e-04
2.369183130213059485e-05
2.233524173789191991e-05
2.280491025885567069e-05
7.940904470160603523e-04
1.797893783077597618e-04
4.616918158717453480e-05
-6.027781637385487556e-04
-5.780327046522870660e-05
-1.032532145472941920e-05
1.976311796170193702e-05
4.953355528414249420e-06
6.158392352517694235e-05
5.896780639886856079e-03
2.916002273559570312e-01
1.679873457760550082e-05
1.451151638320880011e-05
-2.361492661293596029e-04
3.272740286774933338e-05
7.757963612675666809e-04
3.307380247861146927e-03
-7.618551899213343859e-05
1.267263287445530295e-04
2.856133505702018738e-06
3.736637998372316360e-03
-9.434590174350887537e-05
2.370677975704893470e-05
8.131705474853515625e+01
8.936955055105499923e-06
-1.008451938629150391e+00
1.908461563289165497e-03
3.343770367791876197e-05
1.510017395019531250e+02
2.345974098716396838e-05
3.600859083235263824e-03
-1.741170708555728197e-04
2.217491128249093890e-04
1.132567413151264191e-02
1.410364711773581803e-05
-3.761507396120578051e-04
1.033679698593914509e-03
-3.399995714426040649e-02
-4.478367191040888429e-05
3.332270352984778583e-06
7.302373705897480249e-05
1.958918571472167969e-02
1.270473148906603456e-07
1.743534521665424109e-04
-7.834235439077019691e-04
-5.895288268220610917e-06
4.570248420350253582e-04
2.488613426976371557e-05
2.476697554811835289e-04
6.178600597195327282e-05
-2.211503742728382349e-04
-2.332368603674694896e-04
5.417175998445600271e-05
-1.427867682650685310e-04
2.537589170970022678e-05
-1.111163437599316239e-04
-1.237418109667487442e-05
1.645913471293170005e-05
6.556984735652804375e-04
-1.982830144697800279e-05
1.304763100051786751e-05
-2.480631810612976551e-04
-8.063425411819480360e-07
5.962732393527403474e-05
9.578143362887203693e-06
3.470571391517296433e-05
9.482493624091148376e-06
9.569230314809828997e-06
2.127281799316406250e+02
2.939859313964843750e+02
7.214202923933044076e-06
2.007128750847186893e-05
7.131999824196100235e-03
4.596785583999007940e-05
5.276718184177298099e-06
-1.606653531780466437e-04
3.870925866067409515e-06
-8.074506225585937500e+02
1.250823061127448454e-06
2.659715028130449355e-05
5.341183714335784316e-05
2.836623229086399078e-03
5.445202987175434828e-05
1.204575164592824876e-05
-2.655257503647590056e-06
-3.018324787262827158e-04
-1.601268304511904716e-04
-1.240995152329560369e-05
2.428509105811826885e-06
4.774869375978596509e-05
-6.621011380048003048e-06
4.360821912996470928e-04
-6.997602758929133415e-04
-5.086953430175781250e+02
6.726526407874189317e-06
1.601080627441406250e+02
2.175524597167968750e+02
-1.540748635306954384e-04
6.587504321942105889e-05
-5.473063210956752300e-04
5.924414377659559250e-03
-2.224336494691669941e-04
-6.321273976936936378e-04
1.407013951393309981e-05
5.203801265452057123e-07
-3.962960036005824804e-04
2.250272882520221174e-05
2.813510218402370811e-05
4.461753269424661994e-05
-5.488320603035390377e-04
4.881440690951421857e-05
3.462434960965765640e-06
-1.443889345864590723e-06
6.777410817448981106e-06
8.913055353332310915e-05
1.993526166188530624e-05
-2.744361836448661052e-06
1.908404192363377661e-05
-4.096280463272705674e-06
1.124071516096591949e-02
1.874038025562185794e-05
-6.458829157054424286e-04
2.868584851967170835e-05
1.992850593524053693e-05
2.019426938204560429e-05
-2.950624329969286919e-04
-1.636297929508145899e-05
4.208707105135545135e-05
4.183601049589924514e-06
9.739813322084955871e-06
1.082421652972698212e-02
1.018380862660706043e-05
-4.636853560805320740e-02
-3.165404871106147766e-02
1.338524452876299620e-05
8.392427844228222966e-06
6.101512553868815303e-05
-3.506989032030105591e-02
1.029441482387483120e-04
-1.475310727983014658e-05
1.462808086216682568e-05
3.546051175362663344e-06
8.672176860272884369e-03
-1.399782649968983606e-05
-3.781044506467878819e-04
1.315262634307146072e-04
1.384192728437483311e-06
1.590478932484984398e-04
3.215548582375049591e-03
2.303590774536132812e+00
-2.950939233414828777e-04
1.594954223632812500e+02
2.516637687222100794e-05
2.405723898846190423e-05
1.640117065429687500e+03
1.599916504346765578e-05
1.814196730265393853e-05
5.103922740090638399e-05
1.327354766544885933e-05
9.369459003210067749e-03
8.160405883789062500e+02
5.072860792279243469e-02
-2.070539267151616514e-06
-2.330295392312109470e-04
3.232914954423904419e-03
-3.825779713224619627e-04
8.185767910617869347e-06
-4.184131164550781250e+02
-6.238812929950654507e-04
-7.801945685059763491e-07
4.099468424101360142e-05
2.081914863083511591e-05
-7.356052810791879892e-05
-2.275845326948910952e-05
1.552216235722880810e-05
8.430299203610047698e-05
-3.698514410643838346e-05
1.151396636962890625e+02
4.275361425243318081e-05
-6.061258544921875000e+02
-1.464864180888980627e-05
9.722181857796385884e-06
7.845247164368629456e-04
-1.647632743697613478e-04
-3.057647496461868286e-02
7.679682312300428748e-08
