4.381017014384269714e-02
-3.320571966469287872e-03
-4.740542918443679810e-02
-5.124378949403762817e-02
-1.076293364167213440e-02
3.680484741926193237e-02
-4.064977914094924927e-02
6.675304472446441650e-02
3.866969421505928040e-02
2.110533043742179871e-02
2.306609600782394409e-02
-2.012250199913978577e-02
-5.834101513028144836e-02
1.436667051166296005e-03
4.453065618872642517e-02
5.530747771263122559e-02
-2.017678134143352509e-02
-5.097269266843795776e-02
4.446475952863693237e-02
-6.670530885457992554e-02
-2.605594694614410400e-03
-4.369968548417091370e-03
7.516108453273773193e-02
4.221800342202186584e-02
4.265090823173522949e-02
1.400232873857021332e-02
-3.036269173026084900e-02
1.643596589565277100e-02
-2.250103279948234558e-02
5.070761591196060181e-02
6.697946786880493164e-02
5.857694894075393677e-03
-4.060599580407142639e-02
-1.949179172515869141e-02
-3.555782884359359741e-02
4.931353032588958740e-02
4.350483790040016174e-02
-5.136910825967788696e-02
7.355325669050216675e-02
-3.340730071067810059e-02
-4.897254705429077148e-02
-1.648378930985927582e-02
7.137047499418258667e-02
-5.354712158441543579e-02
3.812918439507484436e-03
6.493067741394042969e-02
-2.070452645421028137e-02
1.343814935535192490e-02
-3.708318993449211121e-02
5.051824823021888733e-02
-2.530020475387573242e-02
4.538475349545478821e-02
1.165190525352954865e-02
4.661339521408081055e-02
-5.999724566936492920e-02
-6.370132416486740112e-02
-6.947855651378631592e-02
-7.426647469401359558e-03
-2.397048287093639374e-02
-2.528139203786849976e-02
5.426941812038421631e-02
4.452292621135711670e-02
-4.467827826738357544e-02
-6.058972701430320740e-02
-2.493238076567649841e-02
3.892808780074119568e-02
4.983329772949218750e-02
4.078684002161026001e-02
-1.691504195332527161e-02
-4.407905414700508118e-02
-4.831398651003837585e-02
-4.955122247338294983e-02
4.403141885995864868e-02
-2.185266092419624329e-02
-4.158987104892730713e-02
-1.763569191098213196e-02
-2.088329941034317017e-02
-2.287366800010204315e-02
6.360075622797012329e-02
-8.312268182635307312e-04
-3.291406482458114624e-02
5.644860863685607910e-02
-2.324964851140975952e-02
-3.032750450074672699e-03
-4.887430369853973389e-02
-2.502925228327512741e-03
-1.878926903009414673e-02
-2.424709685146808624e-02
-5.872835218906402588e-02
-6.948894262313842773e-02
-5.532826110720634460e-02
4.482773691415786743e-02
-2.099253609776496887e-02
-4.659571871161460876e-02
7.112205028533935547e-02
4.112616181373596191e-02
-2.437680959701538086e-04
-2.926198020577430725e-02
-2.015418000519275665e-02
3.283609822392463684e-02
1.754854619503021240e-02
-2.264635451138019562e-02
-2.876900136470794678e-02
4.422643780708312988e-02
-2.423126064240932465e-02
7.599647343158721924e-02
-3.768961504101753235e-02
-2.935045957565307617e-02
-2.288541384041309357e-02
4.955224320292472839e-02
4.504136741161346436e-02
-3.355299681425094604e-02
-5.305346846580505371e-02
-4.777562618255615234e-02
3.732479363679885864e-02
-1.887403428554534912e-02
-4.688695818185806274e-02
7.515099644660949707e-02
5.945624411106109619e-02
-5.668972432613372803e-02
2.368108928203582764e-02
5.364608392119407654e-02
-6.383495032787322998e-02
-8.974755182862281799e-03
4.414425045251846313e-02
1.386334002017974854e-02
-6.895624101161956787e-02
-2.857846394181251526e-02
4.232863336801528931e-02
4.967574775218963623e-02
2.351884171366691589e-02
-5.766650289297103882e-02
2.149448543787002563e-02
3.849746659398078918e-02
-1.973810233175754547e-02
-6.401614099740982056e-02
-2.269716002047061920e-02
-5.495770834386348724e-03
-7.122643291950225830e-02
5.831089243292808533e-02
-5.394224822521209717e-02
-1.467678509652614594e-02
2.477975934743881226e-02
-5.440768599510192871e-02
-6.492794305086135864e-02
-3.456476330757141113e-02
-1.136738341301679611e-02
-3.944965451955795288e-02
7.654676586389541626e-02
-5.555835552513599396e-03
1.746483892202377319e-02
2.093872427940368652e-02
4.071498662233352661e-02
1.725455373525619507e-02
4.031634703278541565e-02
3.907492756843566895e-02
3.587401658296585083e-02
4.382130876183509827e-02
-2.933540008962154388e-02
-2.406197786331176758e-02
-2.511333301663398743e-02
6.906463205814361572e-02
5.068953335285186768e-02
-6.036154925823211670e-02
-1.983280852437019348e-02
-4.806911200284957886e-02
-4.316628724336624146e-02
4.649613425135612488e-02
3.190409392118453979e-03
3.938576579093933105e-02
4.349956288933753967e-03
-6.623142957687377930e-02
4.295526817440986633e-02
-3.952894732356071472e-02
-3.700018674135208130e-02
-2.028926089406013489e-02
-3.333954140543937683e-02
4.269261658191680908e-02
2.743860892951488495e-02
-5.663914978504180908e-02
6.934915482997894287e-02
-3.825454041361808777e-04
4.450901597738265991e-02
-1.482781302183866501e-02
-2.056869119405746460e-02
-2.335271798074245453e-02
-5.320242792367935181e-02
-2.564153634011745453e-03
4.475827515125274658e-02
-6.779009848833084106e-02
7.142547518014907837e-03
2.567023783922195435e-02
4.683383554220199585e-02
5.455183982849121094e-02
-1.252416986972093582e-02
-5.010608583688735962e-02
-2.232559397816658020e-02
2.806374058127403259e-02
-2.707260288298130035e-02
-3.417909517884254456e-02
4.967228323221206665e-02
-2.022541873157024384e-02
3.667790815234184265e-02
2.320452779531478882e-02
-3.144577890634536743e-02
2.901639789342880249e-02
-3.235863894224166870e-02
7.382866740226745605e-02
-2.036028541624546051e-02
-4.474010318517684937e-02
7.260293699800968170e-03
-1.554032415151596069e-02
2.675406634807586670e-03
-1.622301526367664337e-02
-4.364905878901481628e-02
4.703505337238311768e-02
5.475245043635368347e-02
-1.116534508764743805e-02
-1.975839957594871521e-02
-6.414443254470825195e-02
-3.170713409781455994e-02
-5.312228947877883911e-02
-7.153609395027160645e-02
4.853166267275810242e-02
5.937184393405914307e-02
4.305607452988624573e-02
-6.611990183591842651e-02
-3.993812203407287598e-02
5.352707952260971069e-02
-7.040238380432128906e-02
-2.089736610651016235e-02
4.804445803165435791e-02
-2.117142267525196075e-02
5.460531264543533325e-02
4.918829724192619324e-02
-2.702892385423183441e-02
4.978374391794204712e-02
-4.370358772575855255e-03
-5.905640870332717896e-02
-6.911464035511016846e-02
-1.071246247738599777e-02
4.410137422382831573e-03
-2.177901938557624817e-02
-3.576089814305305481e-02
-2.976641431450843811e-02
3.902904689311981201e-02
-1.921240612864494324e-02
-4.290089756250381470e-02
6.947264820337295532e-02
-4.961112886667251587e-02
-1.592522859573364258e-02
7.321360707283020020e-02
-2.256819419562816620e-02
-3.817463666200637817e-02
-2.174993231892585754e-02
-2.967669814825057983e-02
6.177660450339317322e-02
4.606938362121582031e-02
-3.423351049423217773e-02
5.086632817983627319e-02
-2.697771787643432617e-02
-2.135769836604595184e-02
9.885582141578197479e-03
7.901126146316528320e-02
-4.621149599552154541e-02
-3.636592254042625427e-02
-2.174822613596916199e-03
-1.922168955206871033e-02
5.316760390996932983e-02
7.748302817344665527e-02
-3.144825622439384460e-02
-5.915946513414382935e-02
-6.576614826917648315e-02
-1.612955331802368164e-02
-2.184262871742248535e-02
-4.434715211391448975e-02
2.239125594496726990e-02
-3.010344132781028748e-02
-6.961680948734283447e-02
-2.283874340355396271e-02
5.139551684260368347e-02
-5.693368241190910339e-02
-4.383144155144691467e-02
3.047222644090652466e-02
-6.612548604607582092e-04
4.353628307580947876e-02
-6.112441886216402054e-03
3.867840021848678589e-02
-2.139546349644660950e-02
-5.823145434260368347e-02
-2.479537390172481537e-02
4.951440542936325073e-02
4.805136471986770630e-02
6.502914428710937500e-02
7.559591438621282578e-03
-4.707845300436019897e-02
4.628304392099380493e-02
-2.125563845038414001e-02
-2.598421275615692139e-02
-4.894739761948585510e-02
2.303096279501914978e-02
-3.253898024559020996e-02
5.769081413745880127e-02
-4.028843715786933899e-03
-2.190875262022018433e-02
5.013316124677658081e-02
-1.726637780666351318e-02
-4.890766926109790802e-03
-2.717478945851325989e-02
1.958935335278511047e-02
-4.904812574386596680e-02
-4.992440715432167053e-02
-2.126658335328102112e-02
-4.685643315315246582e-02
-5.923720449209213257e-02
-4.264787584543228149e-02
-9.915096685290336609e-03
-6.031024456024169922e-02
-2.507060766220092773e-02
-1.841385290026664734e-02
3.668763488531112671e-02
-2.099918574094772339e-02
-2.338559925556182861e-02
1.275814697146415710e-02
-2.326195687055587769e-02
2.792758494615554810e-02
-1.769832894206047058e-02
-1.493124291300773621e-02
6.608763337135314941e-02
-3.430135548114776611e-02
1.948311179876327515e-02
5.710994452238082886e-02
-5.615407973527908325e-02
1.750783808529376984e-02
4.720003157854080200e-02
-1.541286241263151169e-02
9.306151419878005981e-03
-2.951362170279026031e-02
3.972961008548736572e-02
-5.352935940027236938e-02
3.631811216473579407e-02
2.489163540303707123e-02
-8.286065421998500824e-03
-2.018061466515064240e-02
5.433105304837226868e-02
4.100012779235839844e-02
5.535562336444854736e-02
-2.399812452495098114e-02
5.810092389583587646e-02
-2.247179299592971802e-02
-2.413294650614261627e-02
3.715383261442184448e-02
-3.056152909994125366e-02
1.733005419373512268e-02
-5.363135412335395813e-02
1.784749701619148254e-02
-3.273977711796760559e-02
-2.131629362702369690e-02
5.068773776292800903e-02
-4.810728877782821655e-02
6.979958713054656982e-02
5.557272583246231079e-02
-4.185396805405616760e-02
-5.198154225945472717e-02
-2.159373648464679718e-02
-5.220908671617507935e-02
2.091772668063640594e-02
3.610494732856750488e-02
-4.834748059511184692e-02
3.590846806764602661e-02
4.325288534164428711e-02
-5.172967910766601562e-02
-1.462038978934288025e-02
-1.116435229778289795e-02
-1.785588264465332031e-02
-4.838190227746963501e-02
-2.231967449188232422e-02
-2.606240101158618927e-02
4.147908091545104980e-02
-3.555066138505935669e-02
-4.023585468530654907e-02
4.912821948528289795e-02
5.606304109096527100e-02
-3.085496649146080017e-02
-2.774479240179061890e-02
-2.350379526615142822e-02
-3.641124814748764038e-02
3.811206296086311340e-02
3.081725351512432098e-02
-4.576691891998052597e-03
-2.585643529891967773e-02
4.043199867010116577e-02
-6.774769723415374756e-02
6.935633718967437744e-02
-2.930777892470359802e-02
-4.145463183522224426e-02
7.764428853988647461e-02
-1.501282118260860443e-02
4.088060557842254639e-02
-8.543813601136207581e-04
-1.323143672198057175e-02
-1.248610112816095352e-02
4.676718264818191528e-02
-2.093196101486682892e-02
-1.486999541521072388e-02
-1.745216175913810730e-02
5.108875781297683716e-02
5.412927269935607910e-02
-3.749187290668487549e-02
7.275755703449249268e-02
-5.785030126571655273e-02
-5.175405740737915039e-02
-2.454796247184276581e-02
-2.948209829628467560e-02
4.856548830866813660e-02
-2.449369058012962341e-04
-2.347423136234283447e-02
-1.137248426675796509e-02
-1.743835583329200745e-02
1.270307693630456924e-02
6.392329931259155273e-02
6.339976936578750610e-02
-1.684556156396865845e-02
-1.065125036984682083e-02
2.438499033451080322e-02
1.345568336546421051e-03
-5.686827003955841064e-02
1.320994459092617035e-03
-3.819879889488220215e-02
3.908161073923110962e-02
4.539627581834793091e-02
-6.986187398433685303e-02
-6.817774474620819092e-02
-4.504605382680892944e-02
-2.094906568527221680e-02
-2.210485190153121948e-02
8.631468750536441803e-03
-7.525217719376087189e-03
-6.662704050540924072e-02
5.374927073717117310e-02
-1.953073963522911072e-02
-3.351268917322158813e-02
3.256188333034515381e-02
-1.337175257503986359e-02
-6.724554300308227539e-02
-6.814721226692199707e-02
1.114988140761852264e-02
-3.246442601084709167e-02
-3.521753475069999695e-02
2.882325462996959686e-02
5.236558616161346436e-02
-5.123230442404747009e-02
7.205298170447349548e-04
5.404430255293846130e-02
-1.736585050821304321e-02
2.048947475850582123e-02
-8.268391713500022888e-03
5.784619599580764771e-02
6.064308434724807739e-02
2.726459316909313202e-02
6.427554786205291748e-02
-4.363591596484184265e-02
-2.216142602264881134e-02
-1.993881911039352417e-02
-6.094988808035850525e-02
-4.575211554765701294e-02
-2.518162503838539124e-02
1.295334473252296448e-02
5.959897488355636597e-02
-1.077128387987613678e-02
5.430697649717330933e-02
-4.061026126146316528e-02
-3.522562608122825623e-02
6.099606305360794067e-02
2.448653057217597961e-02
3.153865039348602295e-02
-4.957304522395133972e-02
-2.608123794198036194e-02
4.519948363304138184e-02
7.247686386108398438e-03
-3.191693499684333801e-02
5.455140769481658936e-02
-5.272798240184783936e-02
-1.643976941704750061e-02
2.166839316487312317e-02
-2.485027164220809937e-02
4.524131119251251221e-02
2.915826067328453064e-02
3.600193932652473450e-02
3.792923688888549805e-02
-2.273557893931865692e-02
1.437489874660968781e-02
-3.163221105933189392e-02
5.782744288444519043e-02
3.238283470273017883e-02
-2.153542824089527130e-02
-2.228735759854316711e-02
-4.771357029676437378e-02
-3.493927791714668274e-02
-1.523805595934391022e-02
-5.689459852874279022e-03
-1.700033247470855713e-02
5.272764712572097778e-02
4.005745053291320801e-03
-4.726530611515045166e-02
8.723166771233081818e-03
-4.604599252343177795e-02
6.841066479682922363e-02
4.991873353719711304e-02
-4.059194773435592651e-02
-2.582508139312267303e-03
-1.504928991198539734e-02
-2.179766073822975159e-02
-3.869512677192687988e-02
-5.729535967111587524e-02
-4.664689302444458008e-02
1.173010561615228653e-03
6.513779610395431519e-02
-2.073370851576328278e-02
2.897020615637302399e-02
-1.242716517299413681e-02
5.156704783439636230e-02
-1.522319298237562180e-02
-3.694519400596618652e-04
2.763625420629978180e-02
-2.298723720014095306e-02
7.498396188020706177e-02
6.391116976737976074e-02
4.208374768495559692e-02
-2.662549354135990143e-02
-1.340048760175704956e-02
5.048812553286552429e-02
-1.329152192920446396e-02
-1.968656852841377258e-02
3.049192950129508972e-02
-3.476077690720558167e-02
-7.247159257531166077e-03
-5.285465344786643982e-02
-6.958758831024169922e-02
-5.804314091801643372e-02
6.728806346654891968e-02
4.389738291501998901e-02
-5.935448780655860901e-02
5.342047661542892456e-02
-5.995529145002365112e-02
-2.221743762493133545e-02
-6.130835413932800293e-02
-1.451474428176879883e-02
-6.602987647056579590e-02
-2.434929460287094116e-02
6.886492669582366943e-02
9.909315966069698334e-03
5.210120975971221924e-02
-1.455868221819400787e-02
-3.948367014527320862e-02
-4.454085603356361389e-02
-1.851907931268215179e-02
5.709650367498397827e-02
5.360946804285049438e-02
-6.551559269428253174e-02
1.864176243543624878e-03
-4.592519998550415039e-02
1.554424501955509186e-02
6.710975617170333862e-02
-3.148577734827995300e-02
-1.569887995719909668e-02
-5.517912283539772034e-02
-3.815233707427978516e-02
6.028585135936737061e-02
5.832047015428543091e-02
4.348827898502349854e-02
1.019622571766376495e-02
-1.753413677215576172e-02
1.826728694140911102e-03
-4.410175979137420654e-02
6.046458333730697632e-02
-4.619716480374336243e-02
-3.608898818492889404e-02
4.924397170543670654e-02
-5.882613360881805420e-02
6.210121884942054749e-02
-2.154422178864479065e-02
-2.588725648820400238e-02
6.571114063262939453e-02
-6.827634572982788086e-02
-1.649512723088264465e-02
3.967483714222908020e-02
-2.067312970757484436e-02
6.072441488504409790e-02
2.758388593792915344e-02
-6.184999644756317139e-02
5.241543799638748169e-02
-4.218443110585212708e-02
4.151672869920730591e-02
-1.421318110078573227e-02
1.660657301545143127e-02
2.082353457808494568e-02
-8.474230766296386719e-03
-2.179305069148540497e-03
-2.240637689828872681e-02
-6.520506739616394043e-02
-2.161613479256629944e-02
-3.719574958086013794e-02
4.428806900978088379e-02
3.434254601597785950e-02
-4.175794124603271484e-02
1.046351715922355652e-02
4.103826731443405151e-02
-3.340923041105270386e-02
-6.908106803894042969e-02
4.020987078547477722e-02
-2.694868296384811401e-02
-4.762604087591171265e-02
5.656353011727333069e-02
-5.799179524183273315e-02
5.852968897670507431e-03
-4.970566183328628540e-02
6.081850454211235046e-02
-4.011384397745132446e-02
1.505855657160282135e-02
-3.351134061813354492e-02
-2.278223261237144470e-02
4.275665432214736938e-02
-4.174334183335304260e-02
7.415960729122161865e-02
-4.054844751954078674e-02
3.763540834188461304e-02
-2.334324456751346588e-02
4.302547127008438110e-02
-2.800028026103973389e-02
2.867699414491653442e-02
-3.520664945244789124e-02
6.722350418567657471e-02
-1.982292346656322479e-02
5.341668426990509033e-02
-3.114162944257259369e-02
-2.592627890408039093e-02
4.099222272634506226e-02
-3.106340020895004272e-02
4.539757966995239258e-02
-4.761326313018798828e-02
5.072870105504989624e-02
-2.220935747027397156e-02
-2.168874815106391907e-02
-4.056869074702262878e-02
5.205380171537399292e-02
3.241798654198646545e-02
-2.902756072580814362e-02
-1.216164324432611465e-02
-7.147638499736785889e-02
5.633882433176040649e-02
4.967296496033668518e-02
6.253844499588012695e-02
3.115370124578475952e-02
-2.179756574332714081e-02
4.994020983576774597e-02
-1.253391243517398834e-02
-6.765691190958023071e-02
6.298661231994628906e-02
4.592627286911010742e-02
-1.829458400607109070e-02
4.601500183343887329e-02
-5.320209264755249023e-02
-3.834669291973114014e-02
-3.632912039756774902e-02
-5.886632949113845825e-02
-2.294516749680042267e-02
-4.376633465290069580e-02
-5.645083636045455933e-02
2.973585948348045349e-02
5.800914019346237183e-02
8.158552460372447968e-03
-6.122413277626037598e-02
-4.927650094032287598e-02
4.966162145137786865e-02
-3.768616169691085815e-02
-2.155924960970878601e-02
-2.775447815656661987e-02
-1.230526436120271683e-02
-4.085201025009155273e-02
-1.872726343572139740e-02
5.776046961545944214e-02
4.946327954530715942e-02
3.014140017330646515e-02
5.404549092054367065e-02
-2.328634634613990784e-02
4.936244711279869080e-02
-6.020484119653701782e-02
-4.668035358190536499e-02
-4.515906050801277161e-02
-2.740701660513877869e-02
7.252220809459686279e-02
-3.375926986336708069e-03
6.251423805952072144e-02
5.362899601459503174e-02
-2.197981439530849457e-02
5.604879558086395264e-02
-2.075199224054813385e-02
-1.810464262962341309e-02
5.178230628371238708e-02
-3.746081143617630005e-02
-4.747439920902252197e-02
-4.257399588823318481e-02
-2.694025635719299316e-02
-2.122329920530319214e-02
-4.350583255290985107e-02
-2.388701587915420532e-02
7.661642134189605713e-02
2.673044987022876740e-02
-2.678509801626205444e-02
-6.940752733498811722e-03
-6.033156812191009521e-02
-7.002842426300048828e-02
-4.822376742959022522e-02
-7.866153493523597717e-03
4.105801880359649658e-02
-3.047948703169822693e-02
-2.334569022059440613e-02
-1.807989925146102905e-02
-5.817235633730888367e-02
3.742538392543792725e-02
-6.655019521713256836e-02
-2.629394829273223877e-02
-2.487980388104915619e-02
-2.722006849944591522e-02
-5.447925068438053131e-03
4.539187252521514893e-02
-4.340145364403724670e-02
2.244507893919944763e-03
-2.211069501936435699e-02
6.991841644048690796e-02
-2.161197736859321594e-02
-2.924361638724803925e-02
-2.845362573862075806e-02
-1.205341890454292297e-02
-6.224092468619346619e-02
-1.224276516586542130e-02
4.229407012462615967e-02
4.187807440757751465e-02
-5.334164947271347046e-02
-2.305048331618309021e-02
6.731578707695007324e-02
6.451690196990966797e-02
-1.370220445096492767e-03
4.954826086759567261e-02
-3.488876670598983765e-02
9.635404683649539948e-03
-1.093136146664619446e-02
4.217412695288658142e-02
-3.498807176947593689e-02
-2.550545148551464081e-02
-3.179731592535972595e-02
7.780317962169647217e-02
-4.035999625921249390e-02
-6.341192126274108887e-02
4.507907852530479431e-02
-4.988320916891098022e-02
-5.708362907171249390e-02
2.181401476263999939e-02
6.395982578396797180e-03
2.982208132743835449e-02
-6.020567566156387329e-02
2.416196838021278381e-02
6.626664102077484131e-02
-4.863812774419784546e-02
-5.830134078860282898e-02
-4.901525378227233887e-02
3.064173832535743713e-02
3.958150744438171387e-02
7.806803565472364426e-03
5.034897103905677795e-02
4.323486983776092529e-02
-7.131037116050720215e-02
4.714589565992355347e-02
3.733861446380615234e-02
6.359504908323287964e-02
-2.131458371877670288e-02
3.364236652851104736e-02
2.561319619417190552e-02
-2.425920590758323669e-02
-2.152249589562416077e-02
-4.448537528514862061e-02
-5.136018246412277222e-02
-2.338903024792671204e-02
-4.281706362962722778e-02
-4.754202440381050110e-02
1.063783001154661179e-02
-6.729632616043090820e-02
-5.734847113490104675e-02
-2.294644154608249664e-02
-6.312537193298339844e-02
-3.331287577748298645e-02
5.794432945549488068e-03
-2.811482734978199005e-02
7.507397234439849854e-02
4.203667491674423218e-02
1.279200613498687744e-02
4.316962510347366333e-02
2.440362423658370972e-02
-2.606264129281044006e-02
2.844104170799255371e-02
4.991386458277702332e-02
-2.200265787541866302e-02
5.313393473625183105e-02
-5.716821551322937012e-02
-6.934949755668640137e-02
-2.484585344791412354e-02
-2.014938928186893463e-02
5.815996974706649780e-02
-5.054897814989089966e-02
-5.236791819334030151e-02
-3.708269819617271423e-02
-2.510314062237739563e-02
-7.309357635676860809e-03
-2.896523103117942810e-03
4.807661846280097961e-02
4.866677522659301758e-02
-2.205232344567775726e-02
-3.389568254351615906e-02
-1.202709227800369263e-02
-3.710881620645523071e-02
5.521995574235916138e-02
-5.278823897242546082e-02
-5.132753401994705200e-02
5.317052453756332397e-02
-2.205111086368560791e-02
4.592560604214668274e-02
1.321686245501041412e-02
3.862336650490760803e-02
2.606292814016342163e-02
-5.508865416049957275e-02
-4.826012998819351196e-02
-2.050070557743310928e-03
5.637717247009277344e-02
-1.984365656971931458e-02
3.864207863807678223e-02
7.778899371623992920e-02
4.244302213191986084e-02
-2.562087588012218475e-02
4.834998399019241333e-02
-4.988007247447967529e-02
-2.961438149213790894e-03
-2.820667251944541931e-02
-6.705190986394882202e-02
-7.147312164306640625e-02
3.121681511402130127e-02
-5.297687277197837830e-02
6.715564429759979248e-02
-1.617064140737056732e-02
-5.047123879194259644e-02
2.937138825654983521e-02
5.409502983093261719e-02
-2.551602013409137726e-02
-2.109912782907485962e-02
4.425096139311790466e-02
-2.076276764273643494e-02
-2.031235024333000183e-02
4.217515140771865845e-02
6.231220811605453491e-02
5.037473142147064209e-02
4.909944534301757812e-02
-4.865806549787521362e-02
-6.288835406303405762e-02
-3.988700732588768005e-02
4.626457020640373230e-02
4.226568341255187988e-02
-5.544807761907577515e-02
-2.474252320826053619e-02
-3.021639026701450348e-02
6.737132370471954346e-02
-1.650109700858592987e-02
5.898607522249221802e-02
2.880945801734924316e-03
6.984639912843704224e-03
-3.551681712269783020e-02
-4.757641628384590149e-02
-6.495461799204349518e-03
6.780087947845458984e-02
-2.248623222112655640e-02
-2.584637142717838287e-02
-1.805172115564346313e-02
1.700858213007450104e-02
-1.828671060502529144e-02
5.541894584894180298e-02
-2.429179660975933075e-02
-1.095007453113794327e-02
-3.082609549164772034e-02
5.125775933265686035e-02
-5.196666345000267029e-02
5.099402368068695068e-02
-2.066919207572937012e-02
-4.554459452629089355e-02
4.485252499580383301e-02
-3.607709705829620361e-02
-3.651323914527893066e-02
5.872872471809387207e-02
-1.844160072505474091e-02
6.435102317482233047e-03
-4.207722842693328857e-02
4.426648374646902084e-03
1.052795257419347763e-02
4.562957584857940674e-02
-6.081761419773101807e-02
-2.025867626070976257e-02
5.232967063784599304e-02
4.290651530027389526e-02
-1.517586223781108856e-02
5.043469369411468506e-02
-5.894771963357925415e-02
-1.695149391889572144e-02
5.225007981061935425e-02
6.000214070081710815e-02
6.833875179290771484e-02
3.306202590465545654e-02
6.942770630121231079e-02
-2.051728963851928711e-02
-2.393881976604461670e-02
-6.274703890085220337e-02
7.591715455055236816e-02
-6.259248405694961548e-02
-3.385559469461441040e-02
4.800762981176376343e-02
5.529540404677391052e-02
2.570290863513946533e-02
-7.137271761894226074e-02
-1.872057653963565826e-02
5.861900001764297485e-02
4.842130839824676514e-02
-4.827101528644561768e-02
-2.649721689522266388e-02
-4.649324715137481689e-02
-3.941051661968231201e-02
-2.326227538287639618e-02
-3.675772994756698608e-02
-1.108109299093484879e-02
-5.056849867105484009e-02
2.073149755597114563e-02
1.573801971971988678e-03
4.400852322578430176e-02
-3.116396814584732056e-02
-2.570003457367420197e-02
1.457480899989604950e-02
-1.404029969125986099e-02
-4.592862725257873535e-02
4.876618087291717529e-02
-1.550830993801355362e-02
2.241420745849609375e-02
-4.260006174445152283e-02
-1.988172158598899841e-02
5.286831408739089966e-02
5.620303004980087280e-02
7.654481381177902222e-02
-9.136553853750228882e-03
-5.997860338538885117e-03
-2.183109521865844727e-02
-1.444146502763032913e-03
5.842445045709609985e-02
-2.379756048321723938e-02
2.501403167843818665e-02
4.210890457034111023e-02
5.613508075475692749e-02
7.313308119773864746e-02
4.709699004888534546e-02
-5.748959258198738098e-03
1.744982972741127014e-02
1.165971346199512482e-02
-4.882957786321640015e-02
-2.037112042307853699e-02
5.606761202216148376e-02
3.100712969899177551e-02
3.774588927626609802e-02
3.925925120711326599e-04
-1.667262427508831024e-02
4.135747253894805908e-02
6.764838099479675293e-02
4.757511615753173828e-02
3.709875047206878662e-02
4.160267859697341919e-02
-2.234667167067527771e-02
-6.061886623501777649e-02
5.220977216958999634e-02
-1.274867448955774307e-03
-2.202398702502250671e-02
1.746072433888912201e-02
-2.661487087607383728e-02
4.119796305894851685e-02
-1.394607871770858765e-02
-2.400445193052291870e-02
1.708062365651130676e-03
-4.461471736431121826e-02
