-2.867355942726135254e-05
9.262189269065856934e-05
-4.176050424575805664e-06
-4.027038812637329102e-06
-1.640059053897857666e-04
-5.925074219703674316e-05
2.052634954452514648e-06
1.296028494834899902e-05
1.575015485286712646e-04
3.110923990607261658e-02
1.860575437545776367e+00
1.752004027366638184e-05
-9.212642908096313477e-06
3.826673269271850586e+00
-2.700462937355041504e-05
9.199604392051696777e-05
-3.004446625709533691e-05
-2.060085535049438477e-06
1.695007085800170898e-06
-1.955404877662658691e-05
8.466467261314392090e-05
1.502740010619163513e-02
4.135072231292724609e-07
-3.320351243019104004e-05
-3.171339631080627441e-05
2.237184762954711914e+00
-7.037073373794555664e-06
5.904507264494895935e-02
-1.562014222145080566e-05
-9.838491678237915039e-06
-4.533678293228149414e-06
1.794060692191123962e-02
1.561269164085388184e-05
-2.089887857437133789e-06
1.290068030357360840e-05
-9.004026651382446289e-06
-2.873316407203674316e-05
1.754611730575561523e-06
1.743063330650329590e-05
-1.025572419166564941e-05
-1.263990998268127441e-05
-4.065409302711486816e-05
5.659088492393493652e-05
-1.231208443641662598e-05
3.208046779036521912e-02
6.368383765220642090e-05
2.926215529441833496e-05
4.918836057186126709e-04
-1.281872391700744629e-05
5.092471837997436523e-06
6.961487233638763428e-04
-5.219131708145141602e-06
1.136037334799766541e-02
3.930181264877319336e-06
-1.564994454383850098e-05
-3.916397690773010254e-05
-1.746788620948791504e-05
-1.170374453067779541e-04
1.452863216400146484e-07
-1.642853021621704102e-06
9.201467037200927734e-07
-2.652779221534729004e-05
1.033768057823181152e-05
-1.630559563636779785e-05
-1.229345798492431641e-07
-5.999580025672912598e-05
3.069005906581878662e-04
-3.302469849586486816e-05
-3.862753510475158691e-05
2.708286046981811523e-06
2.589076757431030273e-06
-1.323595643043518066e-05
-1.648440957069396973e-05
1.161918044090270996e-05
6.842240691184997559e-05
5.515478551387786865e-04
-5.844980478286743164e-06
-9.328499436378479004e-05
7.744878530502319336e-06
8.973106741905212402e-05
-7.403269410133361816e-05
5.625188350677490234e-07
2.469867467880249023e-06
1.839660108089447021e-04
1.585111021995544434e-05
1.199385225772857666e-01
-1.315027475357055664e-06
-3.818422555923461914e-06
-6.035342812538146973e-05
-2.584233880043029785e-05
-1.147761940956115723e-05
5.807727575302124023e-06
1.901015639305114746e-05
1.650676131248474121e-05
5.718320608139038086e-06
5.825981497764587402e-05
7.573989033699035645e-02
-1.398101449012756348e-05
-2.378597855567932129e-05
-1.272894442081451416e-04
5.240008354187011719e+00
7.089227437973022461e-06
-1.573935151100158691e-05
-2.313032746315002441e-05
2.678483724594116211e-06
2.520903944969177246e-05
-3.478303551673889160e-05
-7.037073373794555664e-06
2.201646566390991211e-06
4.526227712631225586e-06
-2.304092049598693848e-05
-8.297339081764221191e-05
-1.427903771400451660e-05
-7.155910134315490723e-05
-3.878027200698852539e-06
1.629814505577087402e-05
1.868233084678649902e-05
2.946704626083374023e-06
1.528486609458923340e-05
7.238239049911499023e-06
-2.023018896579742432e-04
9.797513484954833984e-07
-8.765608072280883789e-06
6.719492375850677490e-04
-2.357736229896545410e-05
1.503191888332366943e-04
-5.805864930152893066e-05
-5.606561899185180664e-06
5.479902029037475586e-06
2.962313592433929443e-04
2.728326320648193359e-01
-2.685934305191040039e-06
2.374909818172454834e-04
-4.348531365394592285e-05
-3.639608621597290039e-06
-1.526251435279846191e-05
-5.248934030532836914e-06
1.114234328269958496e-05
-2.599135041236877441e-05
1.575797796249389648e-06
5.238875746726989746e-05
-1.027621328830718994e-04
-1.711286604404449463e-04
-1.052394509315490723e-05
-1.877918839454650879e-05
1.722536981105804443e-04
-7.623806595802307129e-05
9.980052709579467773e-06
4.764646291732788086e-06
-7.146969437599182129e-05
5.125865936279296875e+00
5.662068724632263184e-05
-3.737583756446838379e-05
5.098066329956054688e+00
-3.862753510475158691e-05
-6.306543946266174316e-05
-6.401911377906799316e-05
-2.593174576759338379e-05
-6.053596735000610352e-06
2.112239599227905273e-06
-8.374825119972229004e-05
1.901015639305114746e-05
1.757405698299407959e-04
-1.559033989906311035e-05
-6.500259041786193848e-05
1.463554799556732178e-04
1.188367605209350586e-06
-5.844980478286743164e-06
5.317293107509613037e-04
-4.938617348670959473e-05
2.804517373442649841e-02
-6.977468729019165039e-06
-1.770630478858947754e-05
-8.213892579078674316e-05
3.095716238021850586e-06
-1.523643732070922852e-06
-7.752329111099243164e-06
-2.298504114151000977e-06
-1.450218260288238525e-04
-1.785531640052795410e-05
1.456961035728454590e-05
6.207876801490783691e-01
-2.074614167213439941e-05
-1.120008528232574463e-04
8.042901754379272461e-06
-3.609806299209594727e-06
8.281320333480834961e-06
2.800473198294639587e-02
-2.527609467506408691e-05
-1.785531640052795410e-05
1.915391564369201660e+00
-9.230151772499084473e-05
-1.678243279457092285e-05
-7.189810276031494141e-07
8.102022111415863037e-04
-1.141801476478576660e-05
1.545995473861694336e-06
8.394148200750350952e-03
-1.684203743934631348e-05
9.473413228988647461e-06
-3.878027200698852539e-06
3.363937139511108398e-06
-9.158626198768615723e-05
-2.113021910190582275e-04
1.352652907371520996e-05
6.957572698593139648e-02
2.023205161094665527e-05
1.406297087669372559e-05
3.397092223167419434e-05
-9.829178452491760254e-05
3.606673330068588257e-03
-6.464496254920959473e-05
3.926427364349365234e+00
-5.519762635231018066e-05
3.844127058982849121e-05
-6.292015314102172852e-06
5.625188350677490234e-07
-1.158453524112701416e-04
-8.348003029823303223e-05
-2.238899469375610352e-06
-8.324161171913146973e-05
1.149997115135192871e-05
-3.898516297340393066e-05
-9.510666131973266602e-06
2.356991171836853027e-05
-1.946464180946350098e-05
-2.155080437660217285e-05
1.379474997520446777e-05
2.618879079818725586e-06
-2.327933907508850098e-05
-5.666166543960571289e-06
-1.547113060951232910e-05
2.544745802879333496e-05
5.509704351425170898e-06
-8.944422006607055664e-06
7.252953946590423584e-04
-4.086643457412719727e-06
1.068674027919769287e-04
6.463378667831420898e-06
-5.269423127174377441e-05
7.407627999782562256e-04
2.086721360683441162e-04
8.874759078025817871e-05
6.671994924545288086e-06
-6.332993507385253906e-08
-4.542246460914611816e-05
6.701797246932983398e-06
-4.142895340919494629e-05
2.529472112655639648e-06
1.632794737815856934e-05
-5.603209137916564941e-05
3.149732947349548340e-05
-2.846494317054748535e-05
9.950250387191772461e-06
1.689419150352478027e-05
8.728355169296264648e-06
1.421198248863220215e-05
6.016343832015991211e-06
2.097710967063903809e-05
-4.593282938003540039e-06
-6.533041596412658691e-05
-1.028552651405334473e-05
1.301853060722351074e-01
6.791204214096069336e-06
-2.840533852577209473e-05
-1.016631722450256348e-05
5.550649017095565796e-03
-1.762062311172485352e-06
-3.609806299209594727e-06
1.462921500205993652e-05
-7.543712854385375977e-06
-3.401190042495727539e-06
-1.216307282447814941e-05
-6.366148591041564941e-05
8.758157491683959961e-06
-1.263990998268127441e-05
1.913505434989929199e+00
6.821006536483764648e-06
-3.219023346900939941e-05
8.609145879745483398e-06
-1.821666955947875977e-06
9.026378393173217773e-06
-2.834573388099670410e-05
-1.578964293003082275e-04
1.607500016689300537e-04
-2.760067582130432129e-05
1.463554799556732178e-04
-3.835931420326232910e-05
1.254305243492126465e-05
-1.579895615577697754e-05
-2.715736627578735352e-06
-7.603317499160766602e-06
4.287809133529663086e-06
1.009926199913024902e-05
2.356996297836303711e+00
2.139434218406677246e-05
1.198314130306243896e-04
-4.876032471656799316e-05
-1.657381653785705566e-05
-5.546584725379943848e-05
-1.753307878971099854e-04
-8.348375558853149414e-06
1.721940934658050537e-04
1.018606126308441162e-04
1.492723822593688965e-05
-1.210346817970275879e-05
-3.594532608985900879e-05
5.259737372398376465e-05
-1.153722405433654785e-05
-6.556883454322814941e-05
-8.258968591690063477e-06
1.835450530052185059e-05
2.199038863182067871e-05
-9.715929627418518066e-05
-8.115544915199279785e-05
-9.912624955177307129e-05
-1.103319227695465088e-04
-1.171603798866271973e-05
-4.145875573158264160e-05
3.512948751449584961e-06
-4.312768578529357910e-05
2.804026007652282715e-05
5.360692739486694336e-06
1.607370376586914062e+00
-6.768852472305297852e-06
-1.193620264530181885e-04
-1.407042145729064941e-05
-1.045800745487213135e-04
7.655471563339233398e-06
7.685273885726928711e-06
5.373517990112304688e+00
2.648681402206420898e-06
-1.228228211402893066e-05
5.312960624694824219e+00
-2.047792077064514160e-05
-4.807487130165100098e-05
1.393537819385528564e-01
1.635402441024780273e-06
-4.455819725990295410e-05
1.275166869163513184e-05
3.423541784286499023e-06
1.595682144165039062e+00
-3.914866596460342407e-03
2.717599272727966309e-05
5.181878805160522461e-06
-3.689900040626525879e-05
-9.872019290924072266e-07
2.767890691757202148e-06
3.539025783538818359e-07
-8.381903171539306641e-07
-4.899874329566955566e-05
-8.756294846534729004e-05
-6.947666406631469727e-06
5.386513710021972656e+00
8.311122655868530273e-06
-1.283623278141021729e-04
-8.139759302139282227e-06
5.152076482772827148e-06
-1.204386353492736816e-05
-2.834945917129516602e-06
2.774223685264587402e-05
-1.165643334388732910e-05
2.577528357505798340e-05
1.379474997520446777e-05
-1.597777009010314941e-05
-1.344457268714904785e-05
-2.130903303623199463e-04
-7.662922143936157227e-06
-6.891787052154541016e-07
-2.060085535049438477e-06
-2.628937363624572754e-05
1.096352934837341309e-05
-1.229085028171539307e-04
-1.818574965000152588e-04
-3.252178430557250977e-06
2.008303999900817871e-05
-5.934387445449829102e-06
-6.023794412612915039e-06
-5.815178155899047852e-06
-1.174584031105041504e-05
1.993738114833831787e-04
1.873821020126342773e-06
1.963227987289428711e-06
-3.911554813385009766e-07
-1.669302582740783691e-05
5.181878805160522461e-06
1.948699355125427246e-05
-4.089251160621643066e-05
5.395375192165374756e-04
1.485310494899749756e-04
-1.702457666397094727e-06
-3.457441926002502441e-05
-5.966797471046447754e-05
5.712732672691345215e-05
1.188367605209350586e-06
-3.430992364883422852e-06
7.178634405136108398e-06
-9.704008698463439941e-05
6.314367055892944336e-06
8.353218436241149902e-05
-1.223720610141754150e-04
-1.790262758731842041e-04
-1.916661858558654785e-05
-2.566725015640258789e-06
-7.647648453712463379e-05
-3.302469849586486816e-05
-9.659677743911743164e-06
-1.732259988784790039e-06
-1.308694481849670410e-05
2.413615584373474121e-05
6.314367055892944336e-06
7.357448339462280273e-06
-6.321817636489868164e-06
1.370534300804138184e-05
-8.080154657363891602e-06
2.938173711299896240e-04
-1.404434442520141602e-06
-1.880265772342681885e-04
-1.639500260353088379e-05
4.723724365234375000e+00
1.850351691246032715e-05
1.027807593345642090e-05
-3.397837281227111816e-05
-1.525618135929107666e-04
-1.551304012537002563e-03
5.412598252296447754e-01
-1.338496804237365723e-05
2.068541944026947021e-04
2.678483724594116211e-06
4.138797521591186523e-06
5.029141902923583984e-07
-1.684203743934631348e-05
-1.556053757667541504e-05
-1.350417733192443848e-05
5.327165126800537109e-07
1.224502921104431152e-05
2.713169902563095093e-03
1.152418553829193115e-04
-2.965703606605529785e-05
2.239011228084564209e-04
-5.487352609634399414e-06
-1.103058457374572754e-05
-1.356936991214752197e-04
-1.545883715152740479e-04
-1.219287514686584473e-05
-3.323331475257873535e-05
4.623197019100189209e-04
-7.811933755874633789e-06
-1.341477036476135254e-05
3.290974721312522888e-02
5.599111318588256836e-06
7.178634405136108398e-06
3.763663053512573242e+00
5.029141902923583984e-07
-5.287304520606994629e-05
5.562295913696289062e+00
-4.661455750465393066e-05
5.956739187240600586e-06
2.261251211166381836e-06
1.038086041808128357e-02
1.087412238121032715e-05
1.373514533042907715e-05
-5.725771188735961914e-06
-4.870072007179260254e-05
7.413327693939208984e-07
-8.050352334976196289e-06
-1.132860779762268066e-05
8.490320295095443726e-03
3.969296813011169434e-05
-1.319088041782379150e-04
4.049390554428100586e-06
-4.151836037635803223e-05
-7.692724466323852539e-06
1.021847128868103027e-05
-1.823939383029937744e-04
-8.833780884742736816e-05
-1.749768853187561035e-05
-3.460422158241271973e-05
3.976784646511077881e-04
1.780058443546295166e-01
1.510605216026306152e-05
5.777925252914428711e-06
1.545995473861694336e-06
-4.807487130165100098e-05
3.302481770515441895e-01
1.069158315658569336e-06
-2.542510628700256348e-05
-1.429058611392974854e-04
-5.096569657325744629e-05
-6.157532334327697754e-05
1.844018697738647461e-06
6.192084401845932007e-03
-1.016631722450256348e-05
-1.136213541030883789e-06
5.742572247982025146e-04
-5.725771188735961914e-06
-8.368864655494689941e-05
2.064928412437438965e-05
5.029104650020599365e-04
-7.856264710426330566e-05
8.613131940364837646e-04
-4.080310463905334473e-05
7.155165076255798340e-05
4.352421760559082031e-01
1.414977014064788818e-04
7.219030857086181641e-01
2.916902303695678711e-06
2.735480666160583496e-05
1.290068030357360840e-05
-9.987130761146545410e-05
7.496293783187866211e-01
-9.340420365333557129e-05
-5.278736352920532227e-06
7.148832082748413086e-06
2.640113234519958496e-05
-1.058354973793029785e-05
3.808283805847167969e+00
1.126155257225036621e-05
2.529844641685485840e-05
6.544437259435653687e-03
-1.113153994083404541e-04
-9.212642908096313477e-06
-9.388104081153869629e-05
2.126528978347778320e+00
5.566440522670745850e-04
-4.533678293228149414e-06
-2.447515726089477539e-06
7.816776633262634277e-05
-3.967434167861938477e-06
8.009374141693115234e-07
-1.656748354434967041e-04
-3.315508365631103516e-07
-1.416541635990142822e-04
-1.032389700412750244e-04
-1.111067831516265869e-04
5.101785063743591309e-05
-2.029910683631896973e-05
5.063042044639587402e-05
-2.321973443031311035e-05
7.119029760360717773e-06
3.214925527572631836e-06
-3.075972199440002441e-05
-9.927898645401000977e-06
-5.666166543960571289e-06
-1.475587487220764160e-05
-5.934387445449829102e-06
-3.907829523086547852e-06
-6.425753235816955566e-05
-1.636520028114318848e-05
-5.636364221572875977e-06
2.419576048851013184e-05
1.689007505774497986e-02
1.248344779014587402e-05
-8.666887879371643066e-05
2.048909664154052734e-07
-3.463402390480041504e-05
-1.597777009010314941e-05
-4.742294549942016602e-06
2.323351800441741943e-04
-2.020969986915588379e-05
9.703300893306732178e-04
2.333149313926696777e-05
5.396828055381774902e-05
4.824250936508178711e-06
-7.305294275283813477e-06
1.177452504634857178e-04
1.170858740806579590e-05
-8.735805749893188477e-06
8.907541632652282715e-05
3.781169652938842773e-06
2.005323767662048340e-05
5.671642720699310303e-04
-4.834309220314025879e-05
3.859200477600097656e+00
1.901015639305114746e-05
2.231821417808532715e-05
3.959983587265014648e-06
-5.964189767837524414e-06
-9.275972843170166016e-07
-3.388896584510803223e-05
1.901015639305114746e-05
6.288550794124603271e-04
-2.834945917129516602e-06
4.478916525840759277e-05
-2.307072281837463379e-05
-4.750862717628479004e-05
-3.698840737342834473e-05
-4.127994179725646973e-05
7.804483175277709961e-06
-1.868344843387603760e-04
-8.437782526016235352e-06
3.542751073837280273e-06
-9.036436676979064941e-05
4.912279546260833740e-04
-1.258887350559234619e-04
-9.471550583839416504e-05
6.234782218933105469e+00
-1.574493944644927979e-04
1.119782924652099609e-01
1.164898276329040527e-05
-4.474073648452758789e-06
1.692399382591247559e-05
-6.411224603652954102e-06
-2.751126885414123535e-05
-5.716457962989807129e-05
2.072714269161224365e-04
1.487230882048606873e-02
5.634091794490814209e-04
2.469867467880249023e-06
-1.442804932594299316e-05
-3.838911652565002441e-05
-1.240149140357971191e-05
-4.122033715248107910e-05
2.994760870933532715e-05
7.804483175277709961e-06
1.958266139030456543e+00
1.015886664390563965e-05
1.248084008693695068e-04
-1.711025834083557129e-05
2.027712762355804443e-04
-5.686655640602111816e-05
9.682029485702514648e-06
1.993030309677124023e-06
-1.222267746925354004e-05
9.085983037948608398e-06
-6.023794412612915039e-06
-4.110112786293029785e-05
1.175519078969955444e-03
-2.816691994667053223e-05
-5.701556801795959473e-05
-1.143552362918853760e-04
-9.391456842422485352e-06
-2.328306436538696289e-06
3.078207373619079590e-05
-9.600073099136352539e-06
-1.851469278335571289e-06
1.207850873470306396e-04
-3.239884972572326660e-05
1.614913344383239746e-05
-2.533569931983947754e-05
7.268041372299194336e-06
-7.543712854385375977e-06
-1.135841012001037598e-05
1.737102866172790527e-05
9.682029485702514648e-06
-6.172806024551391602e-06
9.518489241600036621e-05
-6.977468729019165039e-06
-6.392970681190490723e-05
-2.646818757057189941e-05
1.569353044033050537e-04
-1.338496804237365723e-05
5.867332220077514648e-06
-8.419528603553771973e-05
1.743063330650329590e-05
-9.153038263320922852e-06
7.399544119834899902e-05
-4.348531365394592285e-05
1.555308699607849121e-05
-2.238526940345764160e-05
-1.553446054458618164e-06
-2.190843224525451660e-05
-1.166015863418579102e-06
1.030787825584411621e-05
-2.247467637062072754e-05
-1.800432801246643066e-05
-2.843514084815979004e-05
3.214925527572631836e-06
-5.666166543960571289e-06
-1.343227922916412354e-04
4.973262548446655273e-06
2.776164114475250244e-01
2.112239599227905273e-06
6.761401891708374023e-06
-6.292015314102172852e-06
1.263245940208435059e-05
5.450099706649780273e-06
-3.788620233535766602e-06
-1.676417887210845947e-04
2.422556281089782715e-05
-1.886859536170959473e-05
4.824250936508178711e-06
5.450099706649780273e-06
2.970360219478607178e-04
8.222088217735290527e-05
-2.193823456764221191e-05
-1.165643334388732910e-05
-5.401670932769775391e-07
2.020224928855895996e-05
-1.353397965431213379e-05
2.231448888778686523e-06
4.160031676292419434e-05
-2.283230423927307129e-05
9.562820196151733398e-06
-5.219131708145141602e-06
1.504644751548767090e-05
-2.123415470123291016e-07
-3.878027200698852539e-06
-3.716722130775451660e-05
-5.517154932022094727e-06
8.549541234970092773e-06
3.572553396224975586e-06
9.175390005111694336e-06
-6.023794412612915039e-06
-3.669410943984985352e-06
2.467259764671325684e-05
-1.464039087295532227e-06
2.171844244003295898e-06
2.568922936916351318e-04
-9.361654520034790039e-06
1.969896256923675537e-04
-3.550201654434204102e-06
-2.009049057960510254e-05
1.915916800498962402e-05
1.680813729763031006e-04
-3.654137253761291504e-05
4.546009004116058350e-04
4.019588232040405273e-06
-5.635991692543029785e-05
7.655471563339233398e-06
-6.977096199989318848e-05
-1.135841012001037598e-05
-5.338340997695922852e-06
-1.195818185806274414e-06
4.019588232040405273e-06
-9.930506348609924316e-05
-9.987503290176391602e-06
-7.901340723037719727e-06
1.888232529163360596e-01
6.817281246185302734e-07
6.723031401634216309e-05
1.247972249984741211e-06
-7.186084985733032227e-06
-6.888061761856079102e-06
-1.311637461185455322e-04
-4.503875970840454102e-06
-1.183189451694488525e-04
-2.918019890785217285e-05
-4.142895340919494629e-05
2.589076757431030273e-06
-6.023794412612915039e-06
6.755813956260681152e-05
-5.338340997695922852e-06
3.926273435354232788e-03
2.857297658920288086e-06
1.993030309677124023e-06
2.107903063297271729e-01
-1.702345907688140869e-04
-3.102794289588928223e-05
-5.695968866348266602e-06
-8.437782526016235352e-06
-2.834945917129516602e-06
1.778826117515563965e-05
-8.706003427505493164e-06
-6.023794412612915039e-06
-1.374259591102600098e-05
1.778826117515563965e-05
-2.060085535049438477e-06
5.036219954490661621e-05
4.263792991638183594e+00
4.972424358129501343e-03
4.138797521591186523e-06
-2.151168882846832275e-04
2.967938780784606934e-05
1.749023795127868652e-05
-5.337968468666076660e-05
-8.083879947662353516e-07
-1.512505114078521729e-04
3.809593617916107178e-04
1.891220927238464355e+00
8.668750524520874023e-06
6.463378667831420898e-06
-3.120675683021545410e-05
-1.749768853187561035e-05
-1.210346817970275879e-05
-1.034513115882873535e-05
-3.168359398841857910e-05
1.068972051143646240e-04
3.689788281917572021e-04
-9.337440133094787598e-05
-3.317371010780334473e-05
6.522983312606811523e-06
1.552328467369079590e-05
-6.858259439468383789e-06
3.214925527572631836e-06
2.163276076316833496e-05
1.298082172870635986e-01
-3.806129097938537598e-05
-6.143003702163696289e-06
-2.012029290199279785e-05
-3.335252404212951660e-05
-8.050352334976196289e-06
3.684695661067962646e-01
-1.758709549903869629e-05
4.049763083457946777e-05
-2.959743142127990723e-05
4.607946395874023438e+00
-1.019611954689025879e-05
-1.967884600162506104e-04
-5.934387445449829102e-06
-1.069642603397369385e-04
-4.325062036514282227e-06
-2.060085535049438477e-06
-4.623085260391235352e-06
8.489936590194702148e-06
-3.472343087196350098e-05
-6.172806024551391602e-06
-1.690164208412170410e-05
1.322850584983825684e-05
2.112239599227905273e-06
-7.015839219093322754e-05
1.260265707969665527e-05
-5.219131708145141602e-06
-1.328624784946441650e-04
1.144036650657653809e-05
3.453344106674194336e-06
5.923211574554443359e-07
6.224960088729858398e-06
-5.397945642471313477e-06
-1.372136175632476807e-04
1.063011586666107178e-04
5.837529897689819336e-06
-1.344457268714904785e-05
5.569308996200561523e-06
2.306960523128509521e-04
1.433119177818298340e-05
-1.439824700355529785e-05
8.782845735549926758e-02
-6.295740604400634766e-07
-2.999100834131240845e-03
5.521997809410095215e-05
-1.001730561256408691e-05
7.140231132507324219e-01
5.837529897689819336e-06
7.176026701927185059e-05
-3.943219780921936035e-05
2.625212073326110840e-05
7.393583655357360840e-05
1.128762960433959961e-06
-7.841736078262329102e-06
2.234801650047302246e-05
8.847936987876892090e-05
-5.099922418594360352e-06
-1.046434044837951660e-05
-3.543868660926818848e-05
8.442625403404235840e-05
6.731599569320678711e-06
4.663690924644470215e-05
-5.570426583290100098e-05
-8.556991815567016602e-06
-1.631416380405426025e-04
-1.851469278335571289e-06
-5.755573511123657227e-06
-4.682689905166625977e-06
-2.318993210792541504e-05
2.112612128257751465e-05
-5.695968866348266602e-06
-2.918019890785217285e-05
-3.788620233535766602e-06
-6.321817636489868164e-06
-1.514330506324768066e-05
-2.894550561904907227e-06
-1.031532883644104004e-05
-1.308694481849670410e-05
5.658715963363647461e-06
-2.983585000038146973e-05
5.152076482772827148e-06
-5.964189767837524414e-06
5.003064870834350586e-06
1.635402441024780273e-06
-5.612149834632873535e-05
6.433576345443725586e-06
4.785151183605194092e-01
2.365198612213134766e+00
-5.680695176124572754e-05
-4.146248102188110352e-06
9.235367178916931152e-05
2.100691199302673340e-05
9.920448064804077148e-06
-4.384666681289672852e-06
-7.376447319984436035e-05
5.459858417510986328e+00
-2.748146653175354004e-05
1.873821020126342773e-06
-1.255422830581665039e-06
-1.737512648105621338e-04
-7.484108209609985352e-06
-1.064315438270568848e-05
-1.761689782142639160e-05
2.648681402206420898e-06
3.301724791526794434e-05
2.339109778404235840e-05
-2.697482705116271973e-05
-8.706003427505493164e-06
7.417052984237670898e-06
5.963072180747985840e-05
-4.217401146888732910e-05
4.188193321228027344e+00
7.297843694686889648e-06
8.963378667831420898e-01
1.487472355365753174e-01
-1.636520028114318848e-05
-8.538737893104553223e-05
-3.812089562416076660e-05
1.991353929042816162e-04
-3.722682595252990723e-05
-8.219853043556213379e-05
-1.234188675880432129e-05
6.519258022308349609e-07
-5.713477730751037598e-05
2.678483724594116211e-06
6.642192602157592773e-06
1.090392470359802246e-05
-1.187361776828765869e-04
1.239404082298278809e-05
-5.674734711647033691e-05
1.545995473861694336e-06
-7.245689630508422852e-06
1.811608672142028809e-05
-5.194917321205139160e-05
-3.043562173843383789e-06
5.327165126800537109e-07
-5.103647708892822266e-07
-1.666881144046783447e-04
-2.685561776161193848e-05
-1.034513115882873535e-05
6.016343832015991211e-06
-1.570954918861389160e-05
-7.966533303260803223e-05
-1.165643334388732910e-05
2.246722579002380371e-05
-1.022592186927795410e-05
-5.686655640602111816e-05
5.032867193222045898e-06
-1.512505114078521729e-04
2.048909664154052734e-07
2.045892179012298584e-04
1.864992082118988037e-04
2.350658178329467773e-06
6.612390279769897461e-06
-5.189329385757446289e-06
2.672933042049407959e-04
-8.121505379676818848e-05
2.362951636314392090e-05
5.301088094711303711e-06
-8.279457688331604004e-05
-2.133585512638092041e-04
1.787766814231872559e-05
1.829490065574645996e-05
3.048405051231384277e-05
1.069158315658569336e-06
2.809986472129821777e-05
-1.366473734378814697e-04
9.433589875698089600e-04
3.453344106674194336e-06
6.774937510490417480e-01
5.718320608139038086e-06
-2.447515726089477539e-06
1.342984437942504883e+00
-3.400817513465881348e-05
-9.153038263320922852e-06
5.509704351425170898e-06
-3.967434167861938477e-06
-1.049973070621490479e-04
2.142633914947509766e+00
4.185102880001068115e-04
1.248344779014587402e-05
2.976879477500915527e-05
1.619718968868255615e-04
-7.456913590431213379e-05
2.082437276840209961e-06
3.733134984970092773e+00
-5.782023072242736816e-05
-3.600493073463439941e-05
8.877366781234741211e-06
-1.722946763038635254e-05
-4.184618592262268066e-05
-3.335252404212951660e-05
9.682029485702514648e-06
-1.675263047218322754e-05
-5.487352609634399414e-06
2.150139570236206055e+00
6.254762411117553711e-06
5.168242931365966797e+00
-2.149492502212524414e-06
-3.728643059730529785e-05
-6.840005517005920410e-05
5.625188350677490234e-07
1.695416867733001709e-04
1.424178481101989746e-05
