-1.556440256536006927e-02
7.389000616967678070e-03
8.383768610656261444e-03
3.527775406837463379e-02
1.127514895051717758e-02
-9.809728711843490601e-03
3.378473594784736633e-02
-1.326173916459083557e-02
-2.568144816905260086e-03
2.946556778624653816e-04
5.879875272512435913e-03
2.730404213070869446e-02
3.211332485079765320e-02
5.990838981233537197e-04
-1.576200127601623535e-02
-3.690482815727591515e-03
2.259582653641700745e-02
3.497882187366485596e-02
3.058807924389839172e-04
3.142427653074264526e-02
8.430051617324352264e-03
2.369442721828818321e-03
-1.659164205193519592e-03
-1.568643376231193542e-02
-1.552312076091766357e-02
1.558860996738076210e-03
-1.430775271728634834e-03
-5.592734669335186481e-04
2.366396039724349976e-02
2.701163291931152344e-03
-4.716897383332252502e-04
8.621001616120338440e-03
3.140822425484657288e-02
1.672709174454212189e-02
7.145212963223457336e-03
-1.349303312599658966e-02
-1.517053879797458649e-02
3.423330560326576233e-02
-1.028052344918251038e-02
3.077753446996212006e-02
3.548028320074081421e-02
8.741872385144233704e-03
-3.465252928435802460e-03
3.572121262550354004e-02
6.463805213570594788e-03
-5.958075635135173798e-03
1.429137494415044785e-02
-2.275102538987994194e-03
3.265035152435302734e-02
-4.977728240191936493e-03
2.933418937027454376e-02
-1.478975079953670502e-02
-1.732173957861959934e-03
-9.905903600156307220e-03
3.295658528804779053e-02
1.041432470083236694e-02
2.877010032534599304e-02
1.531484164297580719e-02
2.936992608010768890e-02
2.953963354229927063e-02
-1.438611559569835663e-02
-1.754353940486907959e-02
3.256221115589141846e-02
3.410409390926361084e-02
2.969015389680862427e-02
-6.229581311345100403e-03
6.937231868505477905e-03
-1.317309867590665817e-02
1.355991419404745102e-02
3.405814617872238159e-02
1.129424758255481720e-02
3.546957299113273621e-02
-1.729693822562694550e-02
1.824915409088134766e-02
3.182573989033699036e-02
2.781153470277786255e-02
2.458565868437290192e-02
-1.496359799057245255e-02
-1.062470674514770508e-02
1.397241093218326569e-02
-1.004345715045928955e-02
-1.566580496728420258e-02
2.203900367021560669e-02
1.937158033251762390e-02
2.947663143277168274e-02
2.215991728007793427e-03
1.440840028226375580e-02
2.850452437996864319e-02
4.215634893625974655e-03
2.796622738242149353e-02
3.565910458564758301e-02
-7.268174085766077042e-03
1.645283028483390808e-02
1.647503115236759186e-02
-6.323040928691625595e-03
-3.722002729773521423e-03
3.532678354531526566e-03
2.910904586315155029e-02
2.154610306024551392e-02
-6.100157275795936584e-03
1.113435160368680954e-02
2.024938538670539856e-02
2.910223230719566345e-02
-1.261216588318347931e-02
2.279283851385116577e-02
-7.843485102057456970e-03
-3.629366401582956314e-03
2.871435880661010742e-02
2.152856439352035522e-02
-1.000363472849130630e-02
-1.434331946074962616e-02
-1.025257632136344910e-02
3.485172986984252930e-02
-2.941073849797248840e-03
3.720078384503722191e-03
1.196717098355293274e-02
2.878265455365180969e-02
-3.064617514610290527e-03
-1.337528787553310394e-02
3.019506856799125671e-02
-5.710546392947435379e-03
-1.397138647735118866e-02
3.292999416589736938e-02
2.501188963651657104e-02
-1.290499605238437653e-02
-3.138223430141806602e-03
1.515218522399663925e-02
2.764770761132240295e-02
-1.034188549965620041e-03
4.641455598175525665e-03
3.008696716278791428e-03
1.629628427326679230e-02
-2.110731322318315506e-03
-1.095539238303899765e-02
2.623479813337326050e-02
3.340286016464233398e-02
2.703057974576950073e-02
7.283286657184362411e-03
2.588550187647342682e-02
-3.700434695929288864e-03
2.863583341240882874e-02
-1.804689131677150726e-02
-4.938452504575252533e-03
3.571646288037300110e-02
3.222145140171051025e-02
3.086704015731811523e-02
2.042731642723083496e-02
3.262494131922721863e-02
-3.227179870009422302e-03
1.580535061657428741e-02
5.165621638298034668e-03
-3.635132685303688049e-03
-1.575221307575702667e-02
9.621991775929927826e-03
-1.589104719460010529e-02
-8.864575996994972229e-03
-9.583042934536933899e-03
-1.788676157593727112e-02
3.007335588335990906e-02
2.289060130715370178e-02
-1.377893425524234772e-02
-1.276983134448528290e-02
-3.978125751018524170e-04
3.443025052547454834e-02
-1.483493950217962265e-02
2.796166762709617615e-02
3.417283296585083008e-02
-1.522475946694612503e-02
9.218944236636161804e-03
-1.007463689893484116e-02
6.954901851713657379e-03
2.518280968070030212e-02
-6.095696706324815750e-03
-7.547602057456970215e-03
3.313621878623962402e-02
2.735588327050209045e-02
3.127802163362503052e-02
2.290786709636449814e-03
-6.878149695694446564e-03
1.018372178077697754e-02
-1.233229320496320724e-02
2.024720422923564911e-03
-1.772098243236541748e-02
7.889701984822750092e-03
1.747580058872699738e-02
2.815956622362136841e-02
3.167103976011276245e-02
2.604793570935726166e-02
-8.722586557269096375e-03
3.095217794179916382e-02
4.082271363586187363e-03
-4.452120047062635422e-03
-1.377397123724222183e-02
-1.538753788918256760e-02
2.653273567557334900e-02
3.565629944205284119e-02
-3.072150517255067825e-03
2.522592432796955109e-03
2.805798873305320740e-02
3.220860660076141357e-02
1.173004973679780960e-03
1.753623411059379578e-02
-7.589993998408317566e-03
-5.108186975121498108e-03
4.980833735316991806e-03
8.410920388996601105e-03
7.767730392515659332e-03
-9.343161247670650482e-03
1.313730515539646149e-02
-5.499188322573900223e-03
1.449426822364330292e-02
2.206402644515037537e-02
9.185450617223978043e-04
9.491171687841415405e-03
3.230583667755126953e-02
-7.936539128422737122e-03
-1.475870236754417419e-02
1.682911626994609833e-02
-1.586953923106193542e-02
2.631064876914024353e-02
-1.105037797242403030e-02
2.981735020875930786e-02
1.981803774833679199e-02
-1.263706944882869720e-02
-1.168110128492116928e-02
-1.764360815286636353e-02
3.008214011788368225e-02
3.187379986047744751e-02
-1.340221427381038666e-02
2.204346470534801483e-02
2.517368644475936890e-02
-1.464692968875169754e-02
1.550649479031562805e-02
-7.730145007371902466e-03
-1.641837693750858307e-02
2.939482033252716064e-02
-1.192628871649503708e-02
6.058038678020238876e-03
2.690282836556434631e-02
1.397994812577962875e-02
2.580149099230766296e-02
1.439518760889768600e-02
2.836117334663867950e-02
3.211371973156929016e-02
3.136418014764785767e-02
-1.058632880449295044e-02
1.441956683993339539e-02
-2.175916451960802078e-03
-4.644409287720918655e-03
1.971527561545372009e-02
-1.566482149064540863e-02
-9.184147231280803680e-03
2.579221874475479126e-02
7.638311944901943207e-03
1.780006289482116699e-02
3.056082315742969513e-02
-1.411857362836599350e-02
-6.467369850724935532e-03
3.167723119258880615e-02
-1.568831130862236023e-02
-1.194784231483936310e-02
2.147460915148258209e-02
-1.186517532914876938e-03
-1.082019880414009094e-04
1.691432204097509384e-03
3.212213143706321716e-02
3.937785979360342026e-03
1.591338776051998138e-02
-1.497306395322084427e-02
-5.988799035549163818e-03
2.972025424242019653e-02
3.387694433331489563e-02
3.222892060875892639e-02
2.122524380683898926e-02
1.881355419754981995e-02
3.469806909561157227e-02
5.322862416505813599e-03
3.166085481643676758e-02
1.760204136371612549e-02
2.055162563920021057e-02
-1.491029933094978333e-02
2.765593118965625763e-02
4.682349972426891327e-04
-6.460955366492271423e-03
2.272727526724338531e-02
-1.786873117089271545e-02
4.080122336745262146e-03
-1.301684603095054626e-02
1.815154217183589935e-02
3.441185504198074341e-02
2.430786192417144775e-02
-1.315000932663679123e-02
-9.950201027095317841e-03
-1.283924188464879990e-02
9.420583955943584442e-05
2.134142816066741943e-02
-2.536512911319732666e-03
-1.274279505014419556e-02
-5.620781332254409790e-03
-9.313472546637058258e-04
-4.751528613269329071e-03
3.015169873833656311e-02
3.847947344183921814e-03
6.472828797996044159e-03
1.784595660865306854e-02
3.208965528756380081e-03
2.488155663013458252e-02
1.903312839567661285e-02
-3.989235963672399521e-03
-3.984501585364341736e-03
3.403045982122421265e-02
2.552542090415954590e-02
1.628273539245128632e-02
-4.376689437776803970e-03
3.591164946556091309e-03
-6.563181988894939423e-03
4.913932643830776215e-03
3.480992466211318970e-02
-1.024300605058670044e-02
2.640620246529579163e-02
-1.177691854536533356e-02
1.485972106456756592e-02
2.169287949800491333e-02
8.443037047982215881e-03
-4.673188086599111557e-03
-7.181806489825248718e-03
1.178790256381034851e-02
8.738864213228225708e-03
-9.516743943095207214e-03
3.239406645298004150e-02
6.776236928999423981e-03
-1.534552127122879028e-02
3.555914387106895447e-02
1.194795034825801849e-02
-1.605667173862457275e-02
-1.507512759417295456e-02
-1.210204092785716057e-03
3.141284734010696411e-02
-1.045391522347927094e-02
2.200577966868877411e-02
2.854706719517707825e-03
8.535215631127357483e-03
2.699310332536697388e-02
1.374009065330028534e-02
-1.089330390095710754e-02
-1.101621240377426147e-02
-1.560023706406354904e-02
2.254405990242958069e-02
-2.661314327269792557e-03
2.854906395077705383e-02
-1.156031433492898941e-02
-6.992075126618146896e-03
3.022728301584720612e-02
1.279981713742017746e-02
3.201093524694442749e-02
-3.988177049905061722e-03
3.034598007798194885e-02
1.894795894622802734e-02
-1.620690524578094482e-02
3.364264219999313354e-02
-1.145222317427396774e-02
2.764742821455001831e-03
1.772318780422210693e-02
2.062039449810981750e-02
2.258352935314178467e-02
3.559141233563423157e-02
-4.720723722130060196e-03
4.067559726536273956e-03
3.478629887104034424e-02
-4.309031646698713303e-03
-1.240313332527875900e-02
1.815304532647132874e-02
6.791197694838047028e-03
8.933536708354949951e-03
1.078754290938377380e-02
2.603897452354431152e-02
2.585342340171337128e-02
2.667450532317161560e-02
3.216163953766226768e-03
3.187545761466026306e-02
3.038171306252479553e-02
-1.373434439301490784e-03
-1.511392928659915924e-02
3.166900575160980225e-02
-4.837771877646446228e-03
-1.573318149894475937e-03
1.005280017852783203e-02
-5.276795476675033569e-03
1.182364183478057384e-03
3.757097991183400154e-03
2.500606141984462738e-02
-1.198697742074728012e-02
1.198172383010387421e-02
-5.438550375401973724e-03
1.935579348355531693e-04
3.423526138067245483e-02
-3.295338712632656097e-03
9.697089903056621552e-03
-8.681309409439563751e-04
1.315955258905887604e-02
1.236381102353334427e-02
7.740962784737348557e-03
-1.472451072186231613e-02
2.138556353747844696e-02
1.917812786996364594e-02
1.586393080651760101e-02
-1.540260110050439835e-02
-1.503955852240324020e-02
3.275959938764572144e-02
-1.070104353129863739e-02
2.993607707321643829e-02
3.253375366330146790e-02
2.689421549439430237e-02
3.973719663918018341e-03
-1.180457789450883865e-02
1.868540421128273010e-02
2.308999188244342804e-02
7.961861789226531982e-03
1.069888379424810410e-02
2.802433446049690247e-03
-1.358661893755197525e-02
-1.428124867379665375e-02
1.009323727339506149e-02
1.266775373369455338e-02
1.782117784023284912e-02
2.844340633600950241e-03
3.541544824838638306e-02
1.594931632280349731e-02
3.335960209369659424e-02
1.420698594301939011e-03
-1.222556736320257187e-02
2.618846297264099121e-02
3.039674088358879089e-02
3.472933545708656311e-02
2.001954801380634308e-02
1.860862039029598236e-02
-1.945024472661316395e-03
2.191774919629096985e-02
2.311925590038299561e-02
4.173972643911838531e-03
2.450649067759513855e-02
3.092042170464992523e-02
-6.675753276795148849e-03
8.385494351387023926e-03
2.246853336691856384e-02
2.337844297289848328e-02
-2.430503722280263901e-03
3.068844415247440338e-02
3.196880966424942017e-02
1.114791817963123322e-02
-1.160578150302171707e-02
1.549725141376256943e-02
4.293610400054603815e-04
-1.477274764329195023e-02
2.137546986341476440e-02
8.035031147301197052e-03
5.589008331298828125e-03
-1.484507136046886444e-02
-4.458083305507898331e-03
1.436056103557348251e-02
-1.395125407725572586e-02
1.267201080918312073e-02
2.465154416859149933e-02
-1.327668502926826477e-02
2.210349589586257935e-02
6.254584528505802155e-03
2.579697594046592712e-02
-1.714953570626676083e-03
-9.032526984810829163e-03
1.505045127123594284e-02
-4.994811490178108215e-03
-3.291260916739702225e-03
3.215877339243888855e-02
-1.471082586795091629e-02
-5.990408360958099365e-03
-8.392184972763061523e-03
5.912035237997770309e-03
-8.813774213194847107e-03
9.825459681451320648e-03
-1.249416149221360683e-03
3.117671422660350800e-02
-9.390148334205150604e-03
1.409905590116977692e-02
-1.467240229249000549e-02
2.249783137813210487e-03
2.372800372540950775e-02
-1.594286970794200897e-02
-7.164985407143831253e-03
-1.043646875768899918e-02
-9.480901993811130524e-03
2.921373024582862854e-02
-1.668066601268947124e-03
2.990584075450897217e-02
-1.630215905606746674e-03
-4.314510151743888855e-04
2.432288601994514465e-02
-1.489574369043111801e-02
3.254126012325286865e-02
2.906725555658340454e-02
1.266266033053398132e-02
2.431178651750087738e-02
-1.356363482773303986e-02
-4.615872167050838470e-03
4.290639888495206833e-03
2.889632619917392731e-02
-5.804097163490951061e-04
9.949671104550361633e-03
-1.185751240700483322e-02
-7.822005078196525574e-03
-7.569826208055019379e-03
1.078931614756584167e-03
1.022155024111270905e-02
2.139654010534286499e-02
6.935232318937778473e-03
2.783458307385444641e-02
3.525838628411293030e-02
-1.424200017936527729e-04
-1.355965062975883484e-02
1.497319154441356659e-02
2.975861774757504463e-03
1.615022495388984680e-02
-1.651779375970363617e-02
7.302111946046352386e-03
9.631068678572773933e-04
1.925966935232281685e-04
2.760289050638675690e-02
-2.466533333063125610e-04
-4.147197119891643524e-03
2.799791283905506134e-03
3.044372424483299255e-02
7.137544453144073486e-03
-1.399849355220794678e-02
9.887096472084522247e-03
-1.628716289997100830e-02
-7.823069579899311066e-03
3.155850246548652649e-02
1.956766098737716675e-02
2.961730584502220154e-02
2.047859318554401398e-02
2.378810197114944458e-02
-5.321436561644077301e-03
-9.324128739535808563e-03
1.478366926312446594e-02
-1.616432517766952515e-02
3.472018241882324219e-02
2.525443024933338165e-02
1.930389925837516785e-02
-1.687423698604106903e-02
3.228328377008438110e-02
2.773102745413780212e-02
-1.226096879690885544e-02
-1.715287799015641212e-03
-9.584216400980949402e-03
1.477608550339937210e-02
3.290869668126106262e-02
-2.955528907477855682e-04
-8.868950419127941132e-03
3.358945250511169434e-04
7.934840396046638489e-03
2.784785255789756775e-02
7.496405392885208130e-03
2.200307697057723999e-02
-3.428447991609573364e-03
-6.469173822551965714e-03
3.058152832090854645e-02
2.619450725615024567e-02
2.677361667156219482e-02
3.310630843043327332e-02
-3.697419073432683945e-03
-1.534023880958557129e-02
-4.825323354452848434e-03
-2.306934213265776634e-03
-1.423961482942104340e-02
6.961579783819615841e-04
1.563290692865848541e-02
-1.228693500161170959e-02
3.395897150039672852e-02
3.276114165782928467e-02
-9.573585353791713715e-03
7.920701988041400909e-03
-1.329808495938777924e-02
2.880102768540382385e-02
2.521125040948390961e-02
-8.908291347324848175e-03
2.955023199319839478e-02
1.103202626109123230e-02
-1.392836123704910278e-02
-1.207218412309885025e-02
-1.496493816375732422e-02
-6.087289191782474518e-03
3.393939509987831116e-02
-1.221731118857860565e-02
-6.613581441342830658e-03
7.958374917507171631e-03
9.037867188453674316e-03
-3.758538048714399338e-03
1.281811017543077469e-02
8.411468006670475006e-03
2.396914875134825706e-03
1.947568170726299286e-02
2.576229348778724670e-02
1.683660782873630524e-02
3.307952731847763062e-02
-9.915018454194068909e-03
-9.890235960483551025e-03
2.991769649088382721e-02
-1.725727925077080727e-03
5.017059855163097382e-03
3.159359470009803772e-02
2.806590311229228973e-02
-1.113129500299692154e-02
2.938301488757133484e-02
2.325950190424919128e-04
-9.380395524203777313e-03
2.729743719100952148e-02
3.426379058510065079e-03
3.192995116114616394e-02
7.860076613724231720e-03
9.473110549151897430e-04
-3.141624853014945984e-03
-8.400617167353630066e-03
2.018675021827220917e-02
-1.070744730532169342e-02
2.946710214018821716e-03
-6.990388967096805573e-03
3.326336666941642761e-02
-1.187222171574831009e-02
2.890008687973022461e-02
-1.412564702332019806e-02
-1.078260689973831177e-02
-7.415323518216609955e-03
3.161988779902458191e-02
-1.681415364146232605e-03
1.259492058306932449e-02
2.382149454206228256e-03
3.161373734474182129e-02
2.962780557572841644e-02
-1.295742485672235489e-02
5.592804402112960815e-03
-1.628728583455085754e-02
3.316913545131683350e-02
-1.438667718321084976e-02
-6.201858632266521454e-03
1.697957515716552734e-02
3.273238986730575562e-02
-1.625813916325569153e-02
-3.420769004151225090e-03
2.928111329674720764e-02
2.144309133291244507e-02
2.446776628494262695e-02
5.959966219961643219e-04
-1.553799584507942200e-02
-8.253105916082859039e-03
-8.395230397582054138e-03
1.767096668481826782e-02
-1.653254032135009766e-02
2.441501617431640625e-02
1.314846519380807877e-02
-1.402678992599248886e-02
-1.517282519489526749e-02
1.244182884693145752e-02
-1.746291667222976685e-02
3.469100594520568848e-02
3.251022472977638245e-02
-2.037581056356430054e-03
1.169343013316392899e-02
2.671796828508377075e-02
8.649516850709915161e-03
1.405006460845470428e-02
-5.284053739160299301e-03
-1.510022953152656555e-02
7.398292422294616699e-03
2.411482483148574829e-02
3.299069777131080627e-02
-1.277804840356111526e-02
8.301628753542900085e-03
1.916296780109405518e-02
2.668799273669719696e-02
9.155688807368278503e-03
1.565570756793022156e-02
1.761956140398979187e-02
-1.380491349846124649e-02
-8.386234752833843231e-03
-2.417077776044607162e-03
-4.190711304545402527e-03
-7.890657521784305573e-03
-1.453469134867191315e-02
3.234312683343887329e-02
1.923268288373947144e-02
3.455701097846031189e-02
3.083172440528869629e-02
-7.131673861294984818e-03
1.209370791912078857e-02
-1.455622911453247070e-02
-1.602138206362724304e-02
1.800538226962089539e-02
-1.571530476212501526e-02
2.195147238671779633e-02
1.948045194149017334e-02
1.375505700707435608e-03
3.268426284193992615e-02
3.405545651912689209e-02
1.009195670485496521e-02
2.879693731665611267e-02
2.224304527044296265e-02
1.904025860130786896e-02
2.337938919663429260e-02
-1.792730763554573059e-03
-2.751243533566594124e-03
2.679897472262382507e-02
3.143965732306241989e-03
2.969754859805107117e-02
2.824959903955459595e-02
2.740300446748733521e-02
3.863815916702151299e-03
-1.773659698665142059e-02
2.988128177821636200e-02
2.187214046716690063e-02
-1.482569705694913864e-02
2.561037428677082062e-02
-9.048484265804290771e-03
3.129109740257263184e-02
2.634369581937789917e-02
2.413142845034599304e-02
3.089472651481628418e-02
1.249959133565425873e-02
3.275001887232065201e-03
4.993925336748361588e-03
2.406150847673416138e-02
2.873186767101287842e-02
-1.284587197005748749e-03
2.051616087555885315e-02
2.901702746748924255e-02
-2.314902842044830322e-03
1.364519353955984116e-02
3.269090130925178528e-02
1.527606323361396790e-02
-1.218436565250158310e-02
-9.664313867688179016e-03
3.372350335121154785e-02
2.619773149490356445e-02
-4.428038373589515686e-03
-6.760936230421066284e-05
4.549817182123661041e-03
-2.257888671010732651e-03
3.276680782437324524e-02
9.199150837957859039e-03
5.154578946530818939e-03
-1.156420446932315826e-02
3.243557736277580261e-02
2.569393813610076904e-02
3.320523537695407867e-04
-5.838306620717048645e-03
3.385519981384277344e-02
3.239680826663970947e-02
-1.690371148288249969e-02
2.697582542896270752e-02
3.168844059109687805e-02
-3.672288265079259872e-03
8.453954360447824001e-04
3.471407340839505196e-03
2.465124428272247314e-02
-5.524957086890935898e-03
-1.166916824877262115e-02
2.847546339035034180e-02
4.634317476302385330e-03
1.053011417388916016e-02
-5.961412563920021057e-03
-3.011801745742559433e-04
4.448224324733018875e-03
-8.764474652707576752e-03
-6.275253370404243469e-03
2.084847539663314819e-02
-1.448081526905298233e-02
3.932354971766471863e-03
2.033337950706481934e-03
2.470708638429641724e-02
-3.304092446342110634e-03
-1.700884429737925529e-03
-1.442467141896486282e-02
2.566112019121646881e-02
3.344643115997314453e-02
2.788711711764335632e-02
2.350480481982231140e-02
3.390027955174446106e-02
2.483004890382289886e-02
1.206310093402862549e-02
1.369468867778778076e-02
3.496910631656646729e-02
2.478796988725662231e-02
1.105200964957475662e-02
3.102749958634376526e-02
5.447450093924999237e-03
2.904011309146881104e-02
-5.504898726940155029e-04
-1.297511253505945206e-02
5.012678448110818863e-03
-1.598204672336578369e-02
-5.892310291528701782e-03
2.844005450606346130e-02
-7.414506748318672180e-03
-1.540883444249629974e-02
2.802242897450923920e-02
-1.611723564565181732e-02
3.037024661898612976e-02
2.368268370628356934e-02
2.749705873429775238e-02
2.049662545323371887e-02
-1.336824987083673477e-02
1.267908513545989990e-02
-3.811619244515895844e-04
3.205821663141250610e-02
2.568103373050689697e-02
1.363757066428661346e-02
5.297636613249778748e-03
-1.073190569877624512e-02
-5.182484164834022522e-04
2.007067389786243439e-02
3.210436180233955383e-02
1.288958732038736343e-02
3.137808293104171753e-02
-1.368933916091918945e-02
3.455109521746635437e-02
3.318958729505538940e-02
9.298605844378471375e-03
1.861806586384773254e-02
-1.705457083880901337e-02
-9.484106558375060558e-04
2.980605466291308403e-03
1.956930384039878845e-02
2.630302123725414276e-02
3.549441695213317871e-02
1.299632596783339977e-03
-9.410090744495391846e-03
2.760377526283264160e-02
-1.171618979424238205e-02
-1.951969228684902191e-03
-3.493397962301969528e-03
3.013604879379272461e-02
-1.079406589269638062e-02
3.214308619499206543e-02
7.893257774412631989e-03
2.718173712491989136e-02
3.024415671825408936e-02
2.296593599021434784e-02
-3.515786956995725632e-03
3.246174007654190063e-02
-8.423076942563056946e-03
1.347383111715316772e-02
8.928977884352207184e-03
-6.700411438941955566e-03
-1.566918566823005676e-02
2.903658896684646606e-02
2.282513678073883057e-02
-1.229873578995466232e-02
1.571805775165557861e-02
2.367492392659187317e-02
-1.272765267640352249e-02
-7.082000374794006348e-04
-1.363306026905775070e-02
-1.576213166117668152e-02
3.506881743669509888e-02
2.425027638673782349e-02
3.343876823782920837e-02
-7.353567518293857574e-03
-1.188499201089143753e-02
3.224034234881401062e-02
2.599283307790756226e-02
3.169779479503631592e-02
-4.128453787416219711e-03
2.311622351408004761e-02
-1.505526900291442871e-02
3.646686673164367676e-03
7.621711120009422302e-07
-7.504480425268411636e-03
3.514253720641136169e-02
2.095756866037845612e-02
-1.292462646961212158e-02
1.960742473602294922e-02
2.539681456983089447e-02
-1.609306596219539642e-02
1.368932612240314484e-02
-1.106665749102830887e-02
-1.470373477786779404e-02
2.366898208856582642e-02
1.003376394510269165e-02
2.971598319709300995e-02
-1.643300056457519531e-02
7.288269698619842529e-03
-1.095800474286079407e-02
1.366963237524032593e-02
2.554007433354854584e-02
-1.646019145846366882e-02
3.226770833134651184e-02
5.782788153737783432e-03
-6.474657915532588959e-03
2.147572860121726990e-02
2.092138864099979401e-03
3.322853893041610718e-02
-8.595737162977457047e-04
1.129849720746278763e-02
-7.954468950629234314e-03
5.111153703182935715e-03
2.458797208964824677e-02
1.155456993728876114e-03
-7.927641272544860840e-03
1.199757680296897888e-02
-1.661838963627815247e-02
3.256122767925262451e-02
2.227899432182312012e-02
-1.283913012593984604e-02
-1.012394856661558151e-02
-1.123903971165418625e-02
-7.627947255969047546e-03
-1.152179762721061707e-02
-1.385898701846599579e-02
-2.326727379113435745e-03
3.322511911392211914e-02
-8.319014683365821838e-03
7.737482897937297821e-03
1.321961637586355209e-03
-1.286975201219320297e-02
-1.536835171282291412e-02
-5.023161880671977997e-03
2.297768741846084595e-02
1.591508090496063232e-02
-1.279170624911785126e-02
-1.708840765058994293e-02
-3.147355280816555023e-03
2.690116502344608307e-02
2.168270945549011230e-02
3.338680416345596313e-02
-1.274964772164821625e-02
3.296798095107078552e-02
4.356867168098688126e-03
3.461595624685287476e-02
-2.986756851896643639e-03
1.507365237921476364e-02
-1.069256477057933807e-02
3.188773989677429199e-02
2.601237408816814423e-02
-2.769346348941326141e-03
1.999213546514511108e-02
2.385185658931732178e-02
-4.900437779724597931e-03
-1.744751259684562683e-02
-4.981066565960645676e-03
1.380281429737806320e-02
1.440876536071300507e-02
-7.573193404823541641e-03
-1.536899991333484650e-02
-6.352862808853387833e-03
1.477927155792713165e-02
2.491450635716319084e-03
2.019251510500907898e-02
1.556675182655453682e-03
-8.547927252948284149e-03
2.869630791246891022e-02
1.103130169212818146e-02
-1.749473251402378082e-02
2.048067282885313034e-03
-5.466616712510585785e-03
1.742553431540727615e-03
1.106261461973190308e-02
2.719044452533125877e-03
-2.491292543709278107e-03
3.123344294726848602e-02
1.372183579951524734e-02
1.065536960959434509e-02
-8.576403371989727020e-03
2.647491870447993279e-03
3.553379501681774855e-04
2.033523842692375183e-02
-1.598976179957389832e-02
-1.002491265535354614e-02
-1.724530570209026337e-02
-1.243381015956401825e-02
-1.488356664776802063e-02
1.940987631678581238e-02
3.374606370925903320e-02
-1.488849706947803497e-02
6.799153052270412445e-04
1.959622651338577271e-02
1.035912707448005676e-02
2.561262249946594238e-02
-1.683576405048370361e-02
2.178665623068809509e-02
2.307198382914066315e-02
1.422248594462871552e-02
3.140839561820030212e-02
