8.207118371501564980e-04
-1.748984213918447495e-04
2.711571054533123970e-03
-1.687383055686950684e-01
1.251534558832645416e-03
2.751470357179641724e-02
4.285781644284725189e-03
2.701544761657714844e-02
8.426664397120475769e-03
3.917563706636428833e-03
1.811292371712625027e-03
-6.742530968040227890e-05
6.178572308272123337e-03
5.724395159631967545e-04
-3.186365589499473572e-03
-5.423562228679656982e-02
-1.678614765405654907e-01
-2.405446171760559082e-01
-9.304627031087875366e-02
1.950985868461430073e-03
2.708407118916511536e-04
3.610164299607276917e-02
2.118832431733608246e-03
2.187441103160381317e-02
2.873378619551658630e-02
-6.661814451217651367e-01
-1.090406626462936401e-02
-1.706273294985294342e-03
2.738598268479108810e-04
8.490923047065734863e-02
-7.000181358307600021e-04
-3.504780121147632599e-03
5.868368316441774368e-04
-1.383733469992876053e-04
4.952630773186683655e-02
2.768571302294731140e-02
6.236748397350311279e-02
4.544598050415515900e-03
1.616416266188025475e-04
1.240611635148525238e-02
-8.079750835895538330e-02
5.769613012671470642e-02
-8.682894706726074219e-02
-3.582541272044181824e-02
5.949207767844200134e-02
-4.141827225685119629e-01
7.240658625960350037e-03
3.015101514756679535e-02
-2.920629456639289856e-03
2.136885887011885643e-03
3.255504183471202850e-03
2.183569595217704773e-04
-5.299111362546682358e-04
1.188219338655471802e-02
4.106453061103820801e-02
2.426724135875701904e-02
2.181167900562286377e-02
1.025873869657516479e-01
2.049005357548594475e-03
3.146087983623147011e-03
2.342967549338936806e-03
1.318862736225128174e-01
1.261818222701549530e-02
-4.166836291551589966e-02
1.091513872146606445e+00
1.844466198235750198e-03
1.001925859600305557e-02
1.002290844917297363e-02
-1.851745843887329102e-01
2.534893453121185303e-01
1.475562108680605888e-03
2.451756736263632774e-03
3.201485425233840942e-02
-4.171864129602909088e-03
7.248995453119277954e-02
4.091438651084899902e-02
-3.348652273416519165e-03
-7.344579789787530899e-04
3.895048424601554871e-02
8.489089086651802063e-03
-3.009271342307329178e-03
3.589033707976341248e-02
-2.401461824774742126e-05
3.291324898600578308e-02
-2.931580543518066406e-01
-3.855540417134761810e-04
4.292081668972969055e-02
2.088686265051364899e-02
8.192296326160430908e-02
-1.456874655559659004e-03
2.247790247201919556e-02
2.273603808134794235e-03
1.186931692063808441e-02
1.146893948316574097e-03
-3.424868918955326080e-03
1.782798906788229942e-03
7.595919817686080933e-02
-2.080486297607421875e+00
-1.688241213560104370e-01
6.435246020555496216e-02
-1.487109344452619553e-03
8.817990310490131378e-03
1.029514707624912262e-03
2.049919217824935913e-03
4.507692996412515640e-03
1.611109524965286255e-01
5.077428184449672699e-03
-5.063070356845855713e-02
-4.877876490354537964e-04
2.068807836621999741e-03
1.157623052597045898e+00
-5.557106733322143555e-01
2.078096382319927216e-03
2.139053493738174438e-02
-1.725039482116699219e-01
5.043179262429475784e-03
3.299747779965400696e-02
5.574517697095870972e-02
2.887580730020999908e-02
7.403153926134109497e-02
2.374315634369850159e-03
5.709803663194179535e-04
1.020055823028087616e-02
-1.809237301349639893e-01
2.697888761758804321e-02
4.120215773582458496e-02
3.350111655890941620e-04
2.644914202392101288e-03
-2.174851298332214355e-02
7.327280472964048386e-03
2.071031369268894196e-03
1.450305222533643246e-03
-4.649829119443893433e-02
-4.830925725400447845e-03
-1.071557849645614624e-01
-1.235022693872451782e-01
-3.834857791662216187e-02
-4.504619240760803223e-01
-1.036152988672256470e-01
-1.828027423471212387e-03
2.065343316644430161e-03
-1.631368184462189674e-03
-2.016659127548336983e-03
-3.923652227967977524e-03
1.668186187744140625e-01
2.749211490154266357e-01
-4.364107735455036163e-04
1.860297471284866333e-02
-1.692689489573240280e-03
1.990608405321836472e-03
-3.223919868469238281e-02
1.408846117556095123e-03
6.683876737952232361e-03
3.410681337118148804e-02
1.022495627403259277e-01
-1.536199357360601425e-03
1.504513435065746307e-03
2.071609953418374062e-03
5.955298431217670441e-03
1.127142831683158875e-02
1.636011898517608643e-01
4.542008973658084869e-04
-9.245865792036056519e-02
-1.002535596489906311e-01
3.996608406305313110e-02
2.069696784019470215e-03
1.186999678611755371e-02
4.144180566072463989e-02
-2.475817203521728516e+00
5.370718240737915039e-01
1.744315586984157562e-02
4.422674537636339664e-04
2.385464962571859360e-03
2.570268139243125916e-02
3.641586750745773315e-03
4.296817816793918610e-03
2.831057179719209671e-03
-4.003872722387313843e-02
3.010549210011959076e-02
-2.621972002089023590e-03
-1.879961639642715454e-01
5.193953588604927063e-02
-1.125332200899720192e-03
5.696341977454721928e-04
1.733243912458419800e-01
3.052287921309471130e-02
6.030222866684198380e-04
-1.342873871326446533e-01
5.330382846295833588e-04
2.426782157272100449e-03
4.194763489067554474e-03
2.274317294359207153e-02
-3.376824781298637390e-03
4.077676683664321899e-03
-1.433064043521881104e-01
-1.049994826316833496e-01
4.455167800188064575e-04
7.011513691395521164e-03
-5.701138079166412354e-02
-1.924700103700160980e-03
3.135022241622209549e-03
-4.979922622442245483e-02
6.051387172192335129e-03
3.120171604678034782e-04
3.946292400360107422e-02
1.189345493912696838e-04
-9.874494373798370361e-02
4.320456087589263916e-01
9.550441056489944458e-03
2.922578454017639160e-01
7.914060354232788086e-02
-1.787243178114295006e-03
-1.378385424613952637e-01
4.092514887452125549e-02
8.278908208012580872e-03
-9.202855289913713932e-04
1.508116424083709717e-01
2.006477676331996918e-03
2.729590050876140594e-04
-1.517383032478392124e-03
-3.469409421086311340e-05
-2.188211074098944664e-03
1.580231487751007080e-01
-1.840909477323293686e-03
3.829189576208591461e-03
6.904816254973411560e-03
1.417089137248694897e-03
-1.883829012513160706e-03
4.036142677068710327e-02
1.517590880393981934e-02
-7.839361205697059631e-04
-2.011148691177368164e+00
2.059911563992500305e-02
1.411518082022666931e-03
4.778300598263740540e-02
-4.239982366561889648e-01
-7.580292294733226299e-04
-7.295305840671062469e-04
-9.698024988174438477e-01
5.977302789688110352e-04
1.704309601336717606e-03
8.608410134911537170e-03
2.360569778829813004e-03
4.261793196201324463e-02
-9.778520092368125916e-03
1.584385056048631668e-03
2.492388710379600525e-03
2.736797556281089783e-02
6.130100227892398834e-03
-2.133050002157688141e-03
3.064281539991497993e-03
1.199872046709060669e-02
-2.131521701812744141e-02
4.806511569768190384e-03
-8.613481186330318451e-04
-6.991301197558641434e-04
8.434515446424484253e-03
4.686076659709215164e-03
9.946476668119430542e-02
2.369968220591545105e-02
5.507175996899604797e-02
4.460858553647994995e-02
2.110875770449638367e-02
1.439989660866558552e-03
-2.295987680554389954e-03
7.085811346769332886e-03
6.591383367776870728e-03
2.296950435265898705e-03
9.943060576915740967e-03
1.406430244445800781e+01
1.106411218643188477e-06
2.205373346805572510e-02
1.821039011701941490e-03
-2.500331029295921326e-04
2.393967006355524063e-03
-2.779688220471143723e-03
2.956528589129447937e-02
-1.100996136665344238e-01
4.599858075380325317e-04
-4.174842312932014465e-02
1.551882456988096237e-02
-1.173656702041625977e+00
-4.089469462633132935e-02
-2.299533225595951080e-02
-2.444084733724594116e-03
4.663028288632631302e-03
2.254678495228290558e-02
3.050298430025577545e-02
-1.834462629631161690e-03
-4.498472553677856922e-04
7.411947473883628845e-03
5.474479403346776962e-04
1.879445742815732956e-03
-1.523892395198345184e-03
-4.052808508276939392e-04
1.734413802623748779e-01
3.100228961557149887e-03
5.603737756609916687e-02
-1.574886083602905273e+00
2.155964821577072144e-02
-3.127102274447679520e-03
-1.638281643390655518e-01
1.189140677452087402e-01
5.128054320812225342e-02
1.932020857930183411e-02
2.363456413149833679e-03
-7.931661605834960938e-01
-3.044710457324981689e-01
-1.896066367626190186e-01
-1.455240845680236816e-01
2.529001981019973755e-02
2.292845770716667175e-02
8.340110629796981812e-02
1.203339919447898865e-01
6.238328758627176285e-03
-2.592159900814294815e-03
4.674712941050529480e-02
-6.447725463658571243e-04
9.357021190226078033e-03
3.152616694569587708e-02
4.334573168307542801e-05
-8.419060707092285156e-02
-2.810971345752477646e-03
5.040197819471359253e-02
-6.749237421900033951e-03
1.229662261903285980e-02
-8.462541736662387848e-04
-4.007081985473632812e-01
1.102387714385986328e+01
2.666814625263214111e-02
-1.779155731201171875e+00
3.367123007774353027e-02
3.993270546197891235e-02
-7.578157819807529449e-04
-2.208896577358245850e-01
2.655836753547191620e-03
-4.310349375009536743e-02
3.598383069038391113e-02
2.057898789644241333e-03
-1.619963347911834717e-01
4.334253259003162384e-03
-3.768024034798145294e-04
8.391104638576507568e-03
-1.581421121954917908e-03
-6.195995956659317017e-05
3.848770633339881897e-03
-1.577972024679183960e-01
1.977872336283326149e-03
3.410177528858184814e-01
6.464775651693344116e-04
-5.401660501956939697e-02
-8.420676738023757935e-02
6.447592377662658691e-02
9.484867751598358154e-02
3.898448077961802483e-03
1.761070918291807175e-03
6.176933273673057556e-02
1.111578429117798805e-03
-1.908159017562866211e+00
-3.746596165001392365e-03
1.208385545760393143e-02
-3.907162696123123169e-03
4.694620147347450256e-04
-7.690113037824630737e-02
8.506909012794494629e-03
-4.250899655744433403e-04
-2.993663772940635681e-03
-3.893477097153663635e-02
8.168932981789112091e-03
1.578118465840816498e-02
4.432716220617294312e-02
4.165763407945632935e-02
2.990921735763549805e-01
6.774701178073883057e-04
3.086713328957557678e-02
-1.876251073554158211e-03
1.317269634455442429e-04
2.990593910217285156e-01
2.704440616071224213e-03
2.027706708759069443e-03
9.259359911084175110e-03
1.945529133081436157e-03
-1.295318943448364735e-03
3.643417358398437500e-01
-1.407654024660587311e-03
4.743310157209634781e-03
9.995081927627325058e-05
6.424703635275363922e-03
5.348883569240570068e-03
3.897558199241757393e-03
-1.358806621283292770e-03
-8.301904890686273575e-04
-2.798657864332199097e-03
4.897676780819892883e-02
2.000390319153666496e-03
2.168996259570121765e-02
