1.344488188624382019e-02
1.485881954431533813e-02
2.082207426428794861e-02
1.665294542908668518e-02
1.466780155897140503e-02
1.407340168952941895e-02
1.455129310488700867e-02
2.109362185001373291e-02
1.879329979419708252e-02
1.648905500769615173e-02
1.919949054718017578e-02
2.063830196857452393e-02
2.562991529703140259e-02
1.331484690308570862e-02
1.355305314064025879e-02
2.239825576543807983e-02
1.618577539920806885e-02
1.635723002254962921e-02
2.529001981019973755e-02
2.300439774990081787e-02
1.524692401289939880e-02
1.323730871081352234e-02
3.356658294796943665e-02
1.315709203481674194e-02
1.324670761823654175e-02
1.573124527931213379e-02
2.127495035529136658e-02
1.530709862709045410e-02
1.594026759266853333e-02
3.524194285273551941e-02
3.341095522046089172e-02
1.672530919313430786e-02
1.375341042876243591e-02
1.418203674256801605e-02
1.846949197351932526e-02
1.543196290731430054e-02
1.345079764723777771e-02
1.606701686978340149e-02
2.458555623888969421e-02
1.675393618643283844e-02
1.837380602955818176e-02
1.303501054644584656e-02
2.784849703311920166e-02
1.874458976089954376e-02
1.569753885269165039e-02
2.385709062218666077e-02
1.299608312547206879e-02
1.380813121795654297e-02
1.920722052454948425e-02
2.215288579463958740e-02
3.241746872663497925e-02
1.564411446452140808e-02
1.380480453372001648e-02
1.792089454829692841e-02
2.381876111030578613e-02
2.639893069863319397e-02
2.226059138774871826e-02
1.643045246601104736e-02
1.304776780307292938e-02
1.323334686458110809e-02
1.641402766108512878e-02
1.357880979776382446e-02
1.452342793345451355e-02
2.169331163167953491e-02
1.313474029302597046e-02
1.706797629594802856e-02
2.927517145872116089e-02
1.339118182659149170e-02
1.404305920004844666e-02
1.492360047996044159e-02
1.980920881032943726e-02
1.876422576606273651e-02
1.431317627429962158e-02
1.295990869402885437e-02
2.674235403537750244e-02
2.678973972797393799e-02
1.298265159130096436e-02
3.449800610542297363e-02
2.224019169807434082e-02
1.732444018125534058e-02
3.123430162668228149e-02
1.697443425655364990e-02
1.468005776405334473e-02
1.964485645294189453e-02
1.508975587785243988e-02
1.344027370214462280e-02
1.377289555966854095e-02
1.324341073632240295e-02
3.020711243152618408e-02
2.555975317955017090e-02
1.873349212110042572e-02
1.864220388233661652e-02
1.351151615381240845e-02
1.744120195508003235e-02
2.754199504852294922e-02
1.879348605871200562e-02
1.421008259057998657e-02
1.735922880470752716e-02
1.569367945194244385e-02
1.575685292482376099e-02
2.063131704926490784e-02
1.337720081210136414e-02
1.768770441412925720e-02
1.447665691375732422e-02
1.402801461517810822e-02
2.658686041831970215e-02
2.505994215607643127e-02
1.448378525674343109e-02
1.337594725191593170e-02
1.867515221238136292e-02
1.396507024765014648e-02
3.296091780066490173e-02
2.113482356071472168e-02
3.158089518547058105e-02
3.017447888851165771e-02
1.314004324376583099e-02
1.469489745795726776e-02
3.182051330804824829e-02
1.837659627199172974e-02
1.687221229076385498e-02
1.324974745512008667e-02
1.642138883471488953e-02
1.952946931123733521e-02
2.478651702404022217e-02
1.430470496416091919e-02
1.290317624807357788e-02
3.393946588039398193e-02
1.467308774590492249e-02
2.212826907634735107e-02
2.677364647388458252e-02
1.803102716803550720e-02
2.035775780677795410e-02
1.552891731262207031e-02
1.378470659255981445e-02
1.283047348260879517e-02
2.107775211334228516e-02
1.315564289689064026e-02
1.450949162244796753e-02
2.457982301712036133e-02
2.630932629108428955e-02
3.418982774019241333e-02
3.620729595422744751e-02
1.457395032048225403e-02
1.834254898130893707e-02
2.301738783717155457e-02
2.794055640697479248e-02
1.766198873519897461e-02
1.389384642243385315e-02
3.186106309294700623e-02
1.700959354639053345e-02
1.767719537019729614e-02
1.457115635275840759e-02
1.293179020285606384e-02
1.964218169450759888e-02
1.287018880248069763e-02
1.551387459039688110e-02
1.393890380859375000e-02
1.361213065683841705e-02
1.397447846829891205e-02
1.468140818178653717e-02
3.271620348095893860e-02
2.169439196586608887e-02
2.311405539512634277e-02
2.110200375318527222e-02
2.943428233265876770e-02
3.858621418476104736e-02
1.493187621235847473e-02
1.563856005668640137e-02
1.644159108400344849e-02
1.470579952001571655e-02
1.593356579542160034e-02
2.043282240629196167e-02
1.804257556796073914e-02
3.312733024358749390e-02
1.405731029808521271e-02
1.282748021185398102e-02
1.482591778039932251e-02
2.869688346982002258e-02
1.336394250392913818e-02
2.277246490120887756e-02
2.230189740657806396e-02
1.367004215717315674e-02
1.399701461195945740e-02
1.320400089025497437e-02
1.403396390378475189e-02
1.314844563603401184e-02
1.603534817695617676e-02
3.865449503064155579e-02
1.705842465162277222e-02
2.228687703609466553e-02
1.548729464411735535e-02
1.512114703655242920e-02
1.462001353502273560e-02
1.697008684277534485e-02
2.679624408483505249e-02
1.799514144659042358e-02
2.016377821564674377e-02
1.878830045461654663e-02
1.735644787549972534e-02
1.340085454285144806e-02
3.004980832338333130e-02
1.418152637779712677e-02
1.574958860874176025e-02
1.396110653877258301e-02
1.845477521419525146e-02
2.242728322744369507e-02
1.739872246980667114e-02
2.548073977231979370e-02
1.283423788845539093e-02
3.739727288484573364e-02
1.964223384857177734e-02
1.733538508415222168e-02
1.366733759641647339e-02
1.327513530850410461e-02
2.567947283387184143e-02
1.803891360759735107e-02
1.640724763274192810e-02
1.616600900888442993e-02
3.256314992904663086e-02
1.945888996124267578e-02
3.290811181068420410e-02
1.602393575012683868e-02
2.771098911762237549e-02
1.568002998828887939e-02
1.918896287679672241e-02
1.403827965259552002e-02
2.558871358633041382e-02
1.375429332256317139e-02
1.795547641813755035e-02
2.367980778217315674e-02
1.298304460942745209e-02
1.459708437323570251e-02
1.307737641036510468e-02
2.156201004981994629e-02
1.539069786667823792e-02
3.426759317517280579e-02
1.645427197217941284e-02
1.435373723506927490e-02
1.784287206828594208e-02
3.042107075452804565e-02
2.573814243078231812e-02
1.877536997199058533e-02
2.242960408329963684e-02
2.176730707287788391e-02
1.354287564754486084e-02
1.420532166957855225e-02
1.364789344370365143e-02
2.613053098320960999e-02
2.876340970396995544e-02
1.713103614747524261e-02
2.805443108081817627e-02
2.464783191680908203e-02
1.734867319464683533e-02
1.887783780694007874e-02
1.350354775786399841e-02
2.118217945098876953e-02
1.875948533415794373e-02
1.947791501879692078e-02
2.241433411836624146e-02
1.611709222197532654e-02
2.957643568515777588e-02
1.525583863258361816e-02
1.380185782909393311e-02
3.572349250316619873e-02
2.425133064389228821e-02
1.646669209003448486e-02
1.406382769346237183e-02
1.403693854808807373e-02
1.587414741516113281e-02
2.894707024097442627e-02
1.504780352115631104e-02
1.791307702660560608e-02
2.050717547535896301e-02
1.672417297959327698e-02
1.296026818454265594e-02
1.802117191255092621e-02
1.878417655825614929e-02
1.320376992225646973e-02
2.544225007295608521e-02
1.403064653277397156e-02
1.666985079646110535e-02
1.716890186071395874e-02
2.422613278031349182e-02
1.492631435394287109e-02
2.574567124247550964e-02
1.349935308098793030e-02
1.356545090675354004e-02
1.303834468126296997e-02
1.389131322503089905e-02
2.170496061444282532e-02
1.526568830013275146e-02
1.566940173506736755e-02
1.828725822269916534e-02
2.107589691877365112e-02
1.407628506422042847e-02
1.599718630313873291e-02
2.062056586146354675e-02
2.692245692014694214e-02
2.251460403203964233e-02
2.860936522483825684e-02
1.425175368785858154e-02
1.595164090394973755e-02
2.924771234393119812e-02
1.451261341571807861e-02
1.305880397558212280e-02
3.736093640327453613e-02
1.878669485449790955e-02
1.877742260694503784e-02
2.186158299446105957e-02
1.395615190267562866e-02
2.238160371780395508e-02
1.575761847198009491e-02
1.328187063336372375e-02
3.747243806719779968e-02
3.565183281898498535e-02
3.732193633913993835e-02
1.327855885028839111e-02
1.956641301512718201e-02
2.588825672864913940e-02
2.012766152620315552e-02
1.298754662275314331e-02
1.298639923334121704e-02
1.433911919593811035e-02
1.801672950387001038e-02
2.123526856303215027e-02
1.308245211839675903e-02
1.344448328018188477e-02
1.337477937340736389e-02
2.366447448730468750e-02
1.351666264235973358e-02
1.878205314278602600e-02
1.698311418294906616e-02
1.914829760789871216e-02
2.118407189846038818e-02
1.407469436526298523e-02
2.686560899019241333e-02
1.367043703794479370e-02
1.342303119599819183e-02
1.452603191137313843e-02
1.746790669858455658e-02
2.442716807126998901e-02
2.118092030286788940e-02
3.865469247102737427e-02
1.310501247644424438e-02
1.953351497650146484e-02
1.451464742422103882e-02
1.639176532626152039e-02
1.388389244675636292e-02
2.742233499884605408e-02
1.297076605260372162e-02
2.696198225021362305e-02
1.623733714222908020e-02
1.429165154695510864e-02
2.178288251161575317e-02
2.670508995652198792e-02
1.333177834749221802e-02
1.547530293464660645e-02
1.278490014374256134e-02
1.494723930954933167e-02
2.308810129761695862e-02
2.234809100627899170e-02
3.736524656414985657e-02
1.574129238724708557e-02
1.746117323637008667e-02
1.569829136133193970e-02
1.916939392685890198e-02
1.357124745845794678e-02
3.350035846233367920e-02
1.583112776279449463e-02
1.737628877162933350e-02
1.431793719530105591e-02
1.815778203308582306e-02
1.298645883798599243e-02
1.405560597777366638e-02
1.316364109516143799e-02
1.529684662818908691e-02
1.316056959331035614e-02
1.386608555912971497e-02
3.166943788528442383e-02
1.736055687069892883e-02
3.238452970981597900e-02
2.528252452611923218e-02
1.668657362461090088e-02
1.366453990340232849e-02
2.252767607569694519e-02
1.968986913561820984e-02
1.740949228405952454e-02
1.737609505653381348e-02
1.879006624221801758e-02
1.367717981338500977e-02
1.506274566054344177e-02
1.376143842935562134e-02
3.202939033508300781e-02
2.563815563917160034e-02
2.019162476062774658e-02
1.516913250088691711e-02
3.190272301435470581e-02
1.356996595859527588e-02
2.150135487318038940e-02
1.701077073812484741e-02
1.449787616729736328e-02
1.357734203338623047e-02
1.425578817725181580e-02
1.288564503192901611e-02
1.617202162742614746e-02
1.449731737375259399e-02
1.516884565353393555e-02
1.613059639930725098e-02
1.879286020994186401e-02
2.378515154123306274e-02
1.718412153422832489e-02
1.578832045197486877e-02
1.347516290843486786e-02
1.844847574830055237e-02
1.618940383195877075e-02
2.012263983488082886e-02
1.349110156297683716e-02
1.380187273025512695e-02
1.325818151235580444e-02
1.596026867628097534e-02
1.961550861597061157e-02
1.959366351366043091e-02
1.326723769307136536e-02
1.503480225801467896e-02
3.244491666555404663e-02
1.421269029378890991e-02
1.958980783820152283e-02
1.877546310424804688e-02
1.421225257217884064e-02
2.357136085629463196e-02
1.666385866701602936e-02
2.223380655050277710e-02
2.163057774305343628e-02
1.877957768738269806e-02
1.279395818710327148e-02
1.315974444150924683e-02
1.278738304972648621e-02
2.012493833899497986e-02
3.408817946910858154e-02
2.794461697340011597e-02
1.282860897481441498e-02
1.704975962638854980e-02
1.531857252120971680e-02
1.357596740126609802e-02
2.155167981982231140e-02
3.223112598061561584e-02
1.299061998724937439e-02
1.483484916388988495e-02
1.840478926897048950e-02
2.478528022766113281e-02
1.734639704227447510e-02
1.893810927867889404e-02
1.310285180807113647e-02
1.728348061442375183e-02
1.644501090049743652e-02
1.964257657527923584e-02
1.368410140275955200e-02
1.730801165103912354e-02
2.632300555706024170e-02
2.799078822135925293e-02
2.005800232291221619e-02
1.812462881207466125e-02
1.316299289464950562e-02
2.690614759922027588e-02
1.942607015371322632e-02
2.138169109821319580e-02
1.619970798492431641e-02
1.408648490905761719e-02
2.060826495289802551e-02
1.567398011684417725e-02
2.357919514179229736e-02
2.609950304031372070e-02
1.501454599201679230e-02
1.836173236370086670e-02
1.315579935908317566e-02
1.336675137281417847e-02
2.271265536546707153e-02
2.492146939039230347e-02
3.076154738664627075e-02
1.319581642746925354e-02
2.177272737026214600e-02
2.047539502382278442e-02
1.983409374952316284e-02
2.687194943428039551e-02
1.735981926321983337e-02
1.468219049274921417e-02
1.366942375898361206e-02
1.382852345705032349e-02
1.334872096776962280e-02
1.471547782421112061e-02
1.288758218288421631e-02
1.439531147480010986e-02
1.675421930849552155e-02
2.866511791944503784e-02
1.840429753065109253e-02
1.306929811835289001e-02
3.263427689671516418e-02
2.566785365343093872e-02
3.862637281417846680e-02
1.418793201446533203e-02
2.574247121810913086e-02
2.580689638853073120e-02
2.116241678595542908e-02
1.506864652037620544e-02
3.628598526120185852e-02
1.393628120422363281e-02
1.979673653841018677e-02
2.171497792005538940e-02
1.878954470157623291e-02
3.724673762917518616e-02
1.292869821190834045e-02
1.367778331041336060e-02
1.505343616008758545e-02
1.930421590805053711e-02
3.417249396443367004e-02
1.732444018125534058e-02
1.280237361788749695e-02
2.055362612009048462e-02
1.318823732435703278e-02
1.920206844806671143e-02
1.567545160651206970e-02
1.537452638149261475e-02
1.298299804329872131e-02
1.321303471922874451e-02
1.769320666790008545e-02
1.315230876207351685e-02
3.550846129655838013e-02
2.471812069416046143e-02
3.010335192084312439e-02
1.322276331484317780e-02
1.329102367162704468e-02
1.696549914777278900e-02
1.392126828432083130e-02
3.640868514776229858e-02
1.358333602547645569e-02
2.389422059059143066e-02
1.838327571749687195e-02
3.234278410673141479e-02
2.366394549608230591e-02
1.819136925041675568e-02
2.749301120638847351e-02
1.648431643843650818e-02
2.147957682609558105e-02
1.585296541452407837e-02
2.055628970265388489e-02
1.316210441291332245e-02
2.038343250751495361e-02
2.935768291354179382e-02
2.165622636675834656e-02
1.335521787405014038e-02
2.170869708061218262e-02
1.342551782727241516e-02
1.839796453714370728e-02
1.484561339020729065e-02
2.176095545291900635e-02
2.514245361089706421e-02
2.247459441423416138e-02
3.160248696804046631e-02
3.237696364521980286e-02
2.914395183324813843e-02
1.569162309169769287e-02
1.551441289484500885e-02
1.321437954902648926e-02
2.637816220521926880e-02
1.445998065173625946e-02
2.178573608398437500e-02
1.685197837650775909e-02
1.567583903670310974e-02
2.387242019176483154e-02
1.762741059064865112e-02
1.879319548606872559e-02
1.279157400131225586e-02
2.688084170222282410e-02
1.342738419771194458e-02
1.711348630487918854e-02
1.918603479862213135e-02
1.512211374938488007e-02
1.479556225240230560e-02
1.768819987773895264e-02
2.530662715435028076e-02
1.917975395917892456e-02
2.928766608238220215e-02
1.526772975921630859e-02
2.237413078546524048e-02
2.462308853864669800e-02
1.356019452214241028e-02
1.302019506692886353e-02
2.583742886781692505e-02
1.835455745458602905e-02
1.440843939781188965e-02
1.910024881362915039e-02
1.831201091408729553e-02
3.514297679066658020e-02
2.678968757390975952e-02
1.357348635792732239e-02
1.311448588967323303e-02
2.314489334821701050e-02
1.434664428234100342e-02
1.355351507663726807e-02
1.375225558876991272e-02
1.992865651845932007e-02
1.277888379991054535e-02
1.499353162944316864e-02
1.621471345424652100e-02
1.317149773240089417e-02
3.423413634300231934e-02
1.354673132300376892e-02
2.390888333320617676e-02
2.117826417088508606e-02
2.160464227199554443e-02
1.419389247894287109e-02
1.965322718024253845e-02
2.619331330060958862e-02
1.963537931442260742e-02
1.749669015407562256e-02
1.507486402988433838e-02
1.531456783413887024e-02
3.619011864066123962e-02
2.263141423463821411e-02
1.343658566474914551e-02
2.833904698491096497e-02
1.375076919794082642e-02
1.665450632572174072e-02
2.197072654962539673e-02
2.759561687707901001e-02
2.116759866476058960e-02
1.314208656549453735e-02
3.634233772754669189e-02
1.358542963862419128e-02
2.823890745639801025e-02
1.317312195897102356e-02
1.594305969774723053e-02
3.168041631579399109e-02
1.293903589248657227e-02
3.523952141404151917e-02
1.380190812051296234e-02
2.390906214714050293e-02
1.350244879722595215e-02
1.808082684874534607e-02
1.366719603538513184e-02
1.510891132056713104e-02
1.541122049093246460e-02
2.183307334780693054e-02
1.286870241165161133e-02
1.403824426233768463e-02
1.585463434457778931e-02
1.706874370574951172e-02
1.414071768522262573e-02
1.801484823226928711e-02
2.456467598676681519e-02
2.569557726383209229e-02
1.476173102855682373e-02
2.363260090351104736e-02
1.317759975790977478e-02
1.338549330830574036e-02
1.538489013910293579e-02
2.063851058483123779e-02
2.761790156364440918e-02
1.917291060090065002e-02
1.394500210881233215e-02
1.343673653900623322e-02
1.395132392644882202e-02
1.663010567426681519e-02
1.375803165137767792e-02
2.333429455757141113e-02
2.279148250818252563e-02
1.802918128669261932e-02
1.978431269526481628e-02
2.088184654712677002e-02
1.553507894277572632e-02
1.730380952358245850e-02
1.673050969839096069e-02
1.899868249893188477e-02
2.471392974257469177e-02
1.591871678829193115e-02
1.847765594720840454e-02
1.287076808512210846e-02
1.506255008280277252e-02
1.392324268817901611e-02
1.624327152967453003e-02
1.467025466263294220e-02
1.872111484408378601e-02
1.950138807296752930e-02
1.706697419285774231e-02
2.175383269786834717e-02
2.321825176477432251e-02
1.498121768236160278e-02
1.789057441055774689e-02
1.652957685291767120e-02
1.963511109352111816e-02
1.321758516132831573e-02
2.560913562774658203e-02
1.616622507572174072e-02
1.915688067674636841e-02
1.585475355386734009e-02
1.316167786717414856e-02
1.667508855462074280e-02
1.288968883454799652e-02
1.546059921383857727e-02
3.159713372588157654e-02
1.376102305948734283e-02
1.533968560397624969e-02
1.889734715223312378e-02
1.370801404118537903e-02
1.297499053180217743e-02
1.574400998651981354e-02
1.361384242773056030e-02
3.361234813928604126e-02
1.623940467834472656e-02
1.620320416986942291e-02
1.316140592098236084e-02
2.917585149407386780e-02
2.296436578035354614e-02
1.508599705994129181e-02
1.326384395360946655e-02
1.300565898418426514e-02
3.240754082798957825e-02
1.450539007782936096e-02
2.807796001434326172e-02
1.783460378646850586e-02
1.490379497408866882e-02
2.049462124705314636e-02
1.401430554687976837e-02
1.506139524281024933e-02
1.312021538615226746e-02
1.591312140226364136e-02
3.527132421731948853e-02
2.136501669883728027e-02
3.244839608669281006e-02
1.289154961705207825e-02
2.917174249887466431e-02
1.296617463231086731e-02
1.430786959826946259e-02
2.126303687691688538e-02
1.503458991646766663e-02
1.866125315427780151e-02
1.544921100139617920e-02
1.416879147291183472e-02
1.572952046990394592e-02
1.632649451494216919e-02
1.325870305299758911e-02
2.565132826566696167e-02
3.338199108839035034e-02
1.435953378677368164e-02
2.437803149223327637e-02
1.391790807247161865e-02
1.766490563750267029e-02
1.319698244333267212e-02
1.450247690081596375e-02
1.460821926593780518e-02
1.594854332506656647e-02
2.072315290570259094e-02
2.897873148322105408e-02
1.590990275144577026e-02
1.907584071159362793e-02
1.463022455573081970e-02
1.552351377904415131e-02
2.669169753789901733e-02
1.474510878324508667e-02
1.422210782766342163e-02
1.964404806494712830e-02
1.858733221888542175e-02
1.382752507925033569e-02
2.113654464483261108e-02
1.508770138025283813e-02
2.876206859946250916e-02
2.030387893319129944e-02
1.532138139009475708e-02
2.011622488498687744e-02
1.571071520447731018e-02
1.840072870254516602e-02
1.862985640764236450e-02
2.547940611839294434e-02
1.442664116621017456e-02
3.750536218285560608e-02
3.743056952953338623e-02
1.703309267759323120e-02
1.737555116415023804e-02
1.649777218699455261e-02
3.454634174704551697e-02
1.767746172845363617e-02
1.471542939543724060e-02
1.576400920748710632e-02
1.547714881598949432e-02
1.472839899361133575e-02
1.529507711529731750e-02
1.919533312320709229e-02
2.644860744476318359e-02
1.793698780238628387e-02
1.645980589091777802e-02
2.535597980022430420e-02
1.503310725092887878e-02
1.570395380258560181e-02
1.803505048155784607e-02
3.218529745936393738e-02
1.373611018061637878e-02
1.674215495586395264e-02
1.483868435025215149e-02
1.335570961236953735e-02
1.358287222683429718e-02
1.300251483917236328e-02
1.611977815628051758e-02
1.297433674335479736e-02
1.611162722110748291e-02
2.919089421629905701e-02
3.057184815406799316e-02
1.347053796052932739e-02
1.525199413299560547e-02
1.800808310508728027e-02
1.982169970870018005e-02
3.168116137385368347e-02
1.350870169699192047e-02
1.373484730720520020e-02
1.591198891401290894e-02
1.435651630163192749e-02
1.792963594198226929e-02
2.628889679908752441e-02
1.433812640607357025e-02
1.443110778927803040e-02
1.484507694840431213e-02
2.675355970859527588e-02
1.700917258858680725e-02
2.172665670514106750e-02
1.579527743160724640e-02
3.420919552445411682e-02
1.362440921366214752e-02
1.461617834866046906e-02
1.455670595169067383e-02
2.748356014490127563e-02
3.861916437745094299e-02
3.854876011610031128e-02
1.731410808861255646e-02
1.311939954757690430e-02
2.100986614823341370e-02
2.178369089961051941e-02
1.342561468482017517e-02
3.211023658514022827e-02
1.920473575592041016e-02
1.312983222305774689e-02
1.674848794937133789e-02
2.671803534030914307e-02
1.504733413457870483e-02
1.548573374748229980e-02
2.048210054636001587e-02
2.775024250149726868e-02
1.677815616130828857e-02
1.604208163917064667e-02
2.307252585887908936e-02
1.418638974428176880e-02
2.141515910625457764e-02
1.440642774105072021e-02
1.666972786188125610e-02
2.012758702039718628e-02
1.297763921320438385e-02
1.465839892625808716e-02
1.339990645647048950e-02
1.289959438145160675e-02
1.387155801057815552e-02
3.163151443004608154e-02
1.565899699926376343e-02
1.457209140062332153e-02
1.609845273196697235e-02
3.618833050131797791e-02
1.920399814844131470e-02
1.905321702361106873e-02
1.433099061250686646e-02
1.659147627651691437e-02
1.360301859676837921e-02
1.330677792429924011e-02
2.873762696981430054e-02
1.766916736960411072e-02
1.763714849948883057e-02
1.469882577657699585e-02
1.393371075391769409e-02
2.837543934583663940e-02
1.610995642840862274e-02
1.964623481035232544e-02
2.112148702144622803e-02
1.337834261357784271e-02
1.548326946794986725e-02
3.087896108627319336e-02
2.243457734584808350e-02
2.397914603352546692e-02
1.761651039123535156e-02
1.374348253011703491e-02
1.434285938739776611e-02
1.465487107634544373e-02
1.515361294150352478e-02
2.273295074701309204e-02
1.735201478004455566e-02
1.282096467912197113e-02
1.469303108751773834e-02
1.354983448982238770e-02
1.545340754091739655e-02
1.929387077689170837e-02
2.174701169133186340e-02
1.618082821369171143e-02
1.470942795276641846e-02
1.435878500342369080e-02
1.288586482405662537e-02
1.877681910991668701e-02
1.769511774182319641e-02
3.796515613794326782e-02
1.734419912099838257e-02
2.475184202194213867e-02
1.706250756978988647e-02
1.404764130711555481e-02
1.494560018181800842e-02
1.754172891378402710e-02
1.702360808849334717e-02
1.795021072030067444e-02
2.159948647022247314e-02
2.295540273189544678e-02
1.473713666200637817e-02
2.296925708651542664e-02
2.811195328831672668e-02
2.016874402761459351e-02
1.908795908093452454e-02
2.654168382287025452e-02
2.883201837539672852e-02
2.073553949594497681e-02
1.696068979799747467e-02
1.639605313539505005e-02
1.474728807806968689e-02
2.454901486635208130e-02
1.418279856443405151e-02
1.956053078174591064e-02
1.457430422306060791e-02
3.335769847035408020e-02
1.646822132170200348e-02
1.574935950338840485e-02
1.645441912114620209e-02
2.815591543912887573e-02
1.390591077506542206e-02
1.296142488718032837e-02
1.607684977352619171e-02
1.492538675665855408e-02
1.838038861751556396e-02
1.694617979228496552e-02
1.330244541168212891e-02
1.387066580355167389e-02
1.367981731891632080e-02
1.672001928091049194e-02
1.508202217519283295e-02
2.152852341532707214e-02
3.245588392019271851e-02
1.382527127861976624e-02
1.742809079587459564e-02
1.341341622173786163e-02
1.963923126459121704e-02
1.668199151754379272e-02
2.775756642222404480e-02
1.591195166110992432e-02
1.305893063545227051e-02
1.450307108461856842e-02
1.332554593682289124e-02
2.220001071691513062e-02
1.314416155219078064e-02
2.314228564500808716e-02
1.311827450990676880e-02
3.524482622742652893e-02
2.882084622979164124e-02
3.006089478731155396e-02
1.545143127441406250e-02
1.675423979759216309e-02
1.309511810541152954e-02
1.509538106620311737e-02
1.300706714391708374e-02
3.847821056842803955e-02
1.293805241584777832e-02
2.533611655235290527e-02
1.300269365310668945e-02
1.617617160081863403e-02
1.300150156021118164e-02
2.368076890707015991e-02
1.440698653459548950e-02
1.290652155876159668e-02
1.316549256443977356e-02
1.326583512127399445e-02
2.233736217021942139e-02
1.563143730163574219e-02
1.291657239198684692e-02
1.305741257965564728e-02
2.011894807219505310e-02
1.486756093800067902e-02
1.295180991291999817e-02
1.766533032059669495e-02
1.486562564969062805e-02
1.800827682018280029e-02
1.434653811156749725e-02
