-3.223874047398567200e-02
-1.684476435184478760e-02
-1.464234944432973862e-02
-4.224280267953872681e-02
-2.040184289216995239e-02
-2.249292284250259399e-02
-3.957054391503334045e-02
-3.753126412630081177e-02
-3.285603225231170654e-02
-2.211663872003555298e-02
-3.539280593395233154e-02
-4.991179704666137695e-02
-5.260828137397766113e-02
-4.999059718102216721e-03
-3.272959217429161072e-02
-4.392399638891220093e-02
-3.511716425418853760e-02
-4.142975062131881714e-02
-1.287163235247135162e-02
-4.507651925086975098e-02
-1.925673708319664001e-02
-5.307614803314208984e-03
-3.555578738451004028e-02
-3.189875930547714233e-02
-3.182312101125717163e-02
-1.820381730794906616e-02
-5.473443306982517242e-03
-1.614496670663356781e-02
-3.563169389963150024e-02
-1.422935258597135544e-02
-2.669932320713996887e-02
-2.559500932693481445e-02
-3.587014228105545044e-02
-2.665853872895240784e-02
-1.142501644790172577e-02
-3.184656053781509399e-02
-3.162261471152305603e-02
-3.995972871780395508e-02
-4.002206772565841675e-02
-4.231305420398712158e-02
-4.646442830562591553e-02
-1.509656570851802826e-02
-5.037642270326614380e-02
-4.623037204146385193e-02
-1.974325813353061676e-02
-4.587502032518386841e-02
-2.374628558754920959e-02
-9.113028645515441895e-03
-4.817062616348266602e-02
-2.106470242142677307e-02
-6.774561107158660889e-02
-3.329014778137207031e-02
-8.630032651126384735e-03
-2.742550522089004517e-02
-5.055391788482666016e-02
-1.993773318827152252e-02
-3.952430561184883118e-02
-2.928053215146064758e-02
-3.578991442918777466e-02
-3.621330112218856812e-02
-3.478538244962692261e-02
-3.516137227416038513e-02
-3.729162737727165222e-02
-4.814771562814712524e-02
-3.613219410181045532e-02
-2.739846520125865936e-02
-5.906629562377929688e-02
-2.806161716580390930e-02
-2.255093120038509369e-02
-3.967466205358505249e-02
-1.676353253424167633e-02
-4.708928987383842468e-02
-3.545877709984779358e-02
-2.796953171491622925e-02
-5.965540185570716858e-02
-6.284350156784057617e-02
-3.263054043054580688e-02
3.779727965593338013e-03
-3.227899968624114990e-02
-3.140142932534217834e-02
-2.108151093125343323e-04
-3.677480667829513550e-02
-3.263180330395698547e-02
-4.308158159255981445e-02
-3.352462500333786011e-02
-6.222648546099662781e-03
-2.365773357450962067e-02
-3.560923784971237183e-02
-1.382763683795928955e-02
-4.294890910387039185e-02
-4.563868045806884766e-02
-2.360806241631507874e-02
-2.626623399555683136e-02
-2.026414126157760620e-02
-3.308575972914695740e-02
-3.303831070661544800e-02
-1.091798301786184311e-02
-4.244054108858108521e-02
-3.331059962511062622e-02
-2.205163985490798950e-02
-4.273177310824394226e-02
-3.004690259695053101e-02
-4.314081370830535889e-02
-2.864245697855949402e-02
-3.277012333273887634e-02
-4.402375221252441406e-02
-5.420979578047990799e-03
-3.763060271739959717e-02
-3.109755180776119232e-02
-2.793608233332633972e-02
-3.101271204650402069e-02
2.236668951809406281e-04
-5.027562379837036133e-02
-6.395635660737752914e-03
-6.603807210922241211e-03
-2.042350172996520996e-02
-3.268805146217346191e-02
-3.580391407012939453e-02
-3.674046695232391357e-02
-3.508177772164344788e-02
-1.235282514244318008e-02
-3.422188758850097656e-02
-4.154095053672790527e-02
-5.919723585247993469e-02
-2.890455536544322968e-02
-6.269485689699649811e-03
-2.868598513305187225e-02
-3.718753904104232788e-02
-1.434514764696359634e-02
-5.488749593496322632e-02
-2.965667657554149628e-02
-2.247357740998268127e-02
-1.788688637316226959e-02
-2.428471110761165619e-02
-3.337434679269790649e-02
-4.507341235876083374e-02
-3.453274816274642944e-02
-1.544387359172105789e-02
-3.833170980215072632e-02
-2.250138856470584869e-02
-5.659722536802291870e-02
5.588474683463573456e-03
-1.573076285421848297e-02
-4.517017304897308350e-02
-4.670521989464759827e-02
-6.234921514987945557e-02
-3.711035847663879395e-02
-3.756177425384521484e-02
-3.790032491087913513e-02
-3.157669678330421448e-02
-2.850954048335552216e-02
-1.422316860407590866e-02
-3.151139244437217712e-02
-3.845643624663352966e-02
-3.155137598514556885e-02
-2.464248239994049072e-02
-2.177601307630538940e-02
-3.550519794225692749e-02
-3.768723830580711365e-02
-3.342321142554283142e-02
2.715182956308126450e-03
-3.952895104885101318e-02
-4.635606706142425537e-02
-4.749176278710365295e-02
3.025489393621683121e-03
-6.010248512029647827e-02
-4.003586992621421814e-02
-3.403071314096450806e-02
-2.472199685871601105e-02
-2.439572662115097046e-02
-2.110614627599716187e-02
-3.254206106066703796e-02
-3.100139275193214417e-02
-1.966695301234722137e-03
-3.886167705059051514e-02
-3.409450501203536987e-02
-3.959856927394866943e-02
-1.009730435907840729e-02
-1.506438385695219040e-02
-1.788377389311790466e-02
-3.809317573904991150e-02
-7.314554415643215179e-03
-3.579919412732124329e-02
-1.347999554127454758e-02
-2.750138565897941589e-02
-3.522992879152297974e-02
-3.642913699150085449e-02
-7.465532422065734863e-02
-2.940702438354492188e-02
-4.295197501778602600e-02
-1.753762550652027130e-02
-1.762012392282485962e-02
-3.099786862730979919e-02
-3.597905114293098450e-02
-6.292217224836349487e-02
-4.559318721294403076e-02
-3.003751160576939583e-03
-3.292017802596092224e-02
-4.175164178013801575e-02
-3.735347092151641846e-02
-1.423639990389347076e-02
-2.761355787515640259e-02
-2.372003719210624695e-02
-1.346686296164989471e-02
-9.248821996152400970e-03
-4.745199531316757202e-02
-1.124784722924232483e-02
-3.871700912714004517e-02
-2.231581881642341614e-02
-2.988789230585098267e-03
-4.059644043445587158e-02
-3.736533224582672119e-02
-6.975307129323482513e-03
-1.630240492522716522e-02
-5.812708660960197449e-02
-3.199055790901184082e-02
-3.528492897748947144e-02
-2.983833476901054382e-02
3.966352436691522598e-03
-3.281451389193534851e-02
8.251648396253585815e-04
-3.417959809303283691e-02
-3.242663294076919556e-02
-3.090016171336174011e-02
-3.720459714531898499e-02
-3.548323363065719604e-02
-4.706827551126480103e-02
-3.648948296904563904e-02
-3.321139886975288391e-02
-3.210566937923431396e-02
-3.301215916872024536e-02
-3.249204158782958984e-02
-2.519894205033779144e-02
-2.561965584754943848e-02
-3.588610514998435974e-02
-6.847159564495086670e-02
-3.145572915673255920e-02
-1.363221835345029831e-02
-3.194357082247734070e-02
-2.575401775538921356e-02
-6.111445277929306030e-02
-3.725755959749221802e-02
-5.473516881465911865e-02
-5.354185402393341064e-02
-3.767784684896469116e-02
-2.427906729280948639e-02
-2.368868514895439148e-02
-6.989541463553905487e-03
-3.056071512401103973e-02
-2.350828424096107483e-02
3.548081265762448311e-03
-4.388675093650817871e-02
-4.016178846359252930e-02
-1.226122584193944931e-02
-2.776711434125900269e-02
-5.223324149847030640e-02
-3.768023848533630371e-02
-2.257928252220153809e-02
-5.483775958418846130e-02
-3.551364690065383911e-02
1.059588976204395294e-03
-3.264516964554786682e-02
-8.241278119385242462e-03
-4.445351660251617432e-02
-1.010389812290668488e-02
-4.255853593349456787e-02
-1.050678733736276627e-02
-2.562315389513969421e-02
-3.486465290188789368e-02
-4.173238575458526611e-02
-3.904316946864128113e-02
-4.083230718970298767e-02
-4.200289770960807800e-02
-3.510645031929016113e-02
-2.846052870154380798e-02
-4.612918570637702942e-02
-3.349217399954795837e-02
-3.715729713439941406e-02
-2.794529497623443604e-02
-3.075944073498249054e-02
-3.472748026251792908e-02
-3.229740262031555176e-02
-8.925626054406166077e-03
-1.919114589691162109e-02
-6.052548065781593323e-02
-3.531124815344810486e-02
-8.433807641267776489e-03
-2.730145305395126343e-02
-2.823081985116004944e-02
-4.927895218133926392e-02
-3.528056293725967407e-02
-3.170295432209968567e-02
-2.767077274620532990e-02
-3.581502661108970642e-02
-9.281023405492305756e-03
-2.472212351858615875e-02
-3.930070996284484863e-02
1.679922454059123993e-03
-2.545615192502737045e-03
-8.430780842900276184e-03
-1.410939451307058334e-02
-4.062075167894363403e-02
-5.706351995468139648e-02
-1.465218793600797653e-02
-2.766014076769351959e-02
-1.389500685036182404e-02
-4.342226684093475342e-02
-3.989645838737487793e-02
-3.562994068488478661e-03
-1.179144158959388733e-02
-5.297980085015296936e-02
-2.920626103878021240e-02
-2.607823163270950317e-02
-4.076230339705944061e-03
-1.315421983599662781e-02
-2.000261098146438599e-03
-8.484155870974063873e-03
-4.491451382637023926e-02
-3.907410427927970886e-05
-4.811672866344451904e-02
-2.495903149247169495e-02
-2.444912120699882507e-02
-3.204416111111640930e-02
-3.122098371386528015e-02
-2.468130784109234810e-03
-1.532293856143951416e-02
-1.997180655598640442e-02
-1.501063164323568344e-02
-3.227718546986579895e-02
-3.771037608385086060e-02
-3.391743451356887817e-02
-3.666296228766441345e-02
-4.613628983497619629e-02
-4.495092108845710754e-02
-3.402068093419075012e-02
3.289951011538505554e-03
-7.546439766883850098e-03
-3.749936819076538086e-02
-2.468441240489482880e-02
-2.619633823633193970e-02
-7.819183170795440674e-03
-4.364645481109619141e-02
-7.414764910936355591e-02
-2.298201806843280792e-02
-2.989533916115760803e-02
-2.571588195860385895e-02
-3.634456917643547058e-02
-3.242974728345870972e-02
-2.152464911341667175e-02
-3.514507785439491272e-02
8.073095232248306274e-04
-2.485092915594577789e-02
-3.824713826179504395e-02
-4.721500724554061890e-02
-5.550113692879676819e-02
-9.266393259167671204e-03
-4.003337025642395020e-02
-2.838730439543724060e-02
-3.547909483313560486e-02
-5.412322655320167542e-02
-4.142741858959197998e-02
-1.753513887524604797e-02
-2.079659327864646912e-02
-2.469107136130332947e-02
-3.428666293621063232e-02
-4.732714965939521790e-02
-1.138647552579641342e-02
-5.753345321863889694e-03
-4.096148163080215454e-02
-2.755064889788627625e-02
-2.798195928335189819e-02
-2.255628816783428192e-02
-1.138941291719675064e-02
-1.613545976579189301e-02
-1.854388788342475891e-02
-2.966891787946224213e-02
-3.378809988498687744e-02
-3.544417023658752441e-02
-8.808886632323265076e-03
-4.402178525924682617e-02
-6.356427073478698730e-02
-1.626587286591529846e-02
-3.609573841094970703e-02
-3.800306841731071472e-02
-3.245092928409576416e-03
-3.974786028265953064e-03
-1.358180120587348938e-02
-2.802770584821701050e-02
-3.277366980910301208e-02
-8.587682619690895081e-03
-3.564645349979400635e-02
-2.630310133099555969e-02
-2.355169132351875305e-02
-4.788011685013771057e-02
-6.107091903686523438e-03
-4.098276048898696899e-02
-3.995561599731445312e-02
-1.666495017707347870e-02
-1.402624323964118958e-02
-2.965447679162025452e-02
-2.141739241778850555e-02
-1.354446262121200562e-02
-3.211490809917449951e-02
-3.032068908214569092e-02
-3.200316801667213440e-02
-2.578324638307094574e-02
-3.456143662333488464e-02
-3.530362993478775024e-02
-4.730703309178352356e-02
-4.175686836242675781e-02
-3.498762845993041992e-02
-3.743235766887664795e-02
-3.499163687229156494e-02
-8.243922144174575806e-03
-3.069756180047988892e-02
-4.435998201370239258e-02
-3.242488577961921692e-02
-1.426762063056230545e-02
-1.833607628941535950e-02
-1.955500617623329163e-02
-3.848823904991149902e-02
-3.728824853897094727e-02
-1.732764765620231628e-02
-2.283028513193130493e-02
-6.806662678718566895e-02
-1.053687371313571930e-02
-4.666853323578834534e-02
-3.810817748308181763e-02
-3.909977525472640991e-02
-1.034474745392799377e-02
-3.024422563612461090e-02
-3.591258078813552856e-02
-4.099433124065399170e-02
-4.750736430287361145e-02
-2.920638211071491241e-02
-2.843050658702850342e-02
-3.896368201822042465e-03
-4.596972838044166565e-02
-4.264074191451072693e-02
-5.606782063841819763e-02
-3.225469961762428284e-02
-4.292921721935272217e-02
-2.097887359559535980e-02
-1.456570532172918320e-02
-3.051077947020530701e-02
-4.166608676314353943e-02
-5.441775079816579819e-03
-3.929939121007919312e-02
-4.619748517870903015e-02
-5.431672185659408569e-02
-3.309645131230354309e-02
-2.038466557860374451e-02
-3.831290174275636673e-03
-3.510736301541328430e-02
-3.458004072308540344e-02
-3.787064179778099060e-02
-1.067806128412485123e-02
-3.652690723538398743e-02
-2.439443767070770264e-02
-6.130750849843025208e-02
-3.716000169515609741e-02
-1.678444072604179382e-02
-3.300891071557998657e-02
2.062283921986818314e-03
-2.795585989952087402e-02
-1.294091437011957169e-02
-3.785037249326705933e-02
-1.010854914784431458e-02
-3.951130434870719910e-02
-2.687284350395202637e-02
-2.211897261440753937e-02
-5.963801871985197067e-03
-4.030386358499526978e-02
-3.747465088963508606e-02
-1.276290975511074066e-02
-1.833008974790573120e-02
-1.348742283880710602e-02
-9.395829401910305023e-04
-6.220100820064544678e-02
-5.067826714366674423e-03
-5.359872803092002869e-02
-2.784981951117515564e-02
-1.969102211296558380e-02
3.023859811946749687e-03
-2.642336487770080566e-02
-3.416642174124717712e-02
-3.320199623703956604e-02
-1.671239547431468964e-02
-2.264296635985374451e-02
-2.335609495639801025e-02
-3.539643436670303345e-02
-1.172424666583538055e-02
-4.178155586123466492e-02
-2.061152085661888123e-02
-3.109248727560043335e-02
-3.262428939342498779e-02
3.407076001167297363e-03
-5.698815360665321350e-02
-6.732773780822753906e-02
-2.142797037959098816e-02
-6.088431179523468018e-02
2.462872304022312164e-03
-4.076214507222175598e-02
-1.555856037884950638e-02
-6.085387989878654480e-02
-8.684637024998664856e-03
-1.537928730249404907e-02
-4.084916785359382629e-02
-3.431868925690650940e-02
-1.103674061596393585e-03
-2.971443347632884979e-03
-1.754255965352058411e-02
-3.234667330980300903e-02
-1.192045584321022034e-02
-5.397035926580429077e-02
-4.477729275822639465e-02
-2.325544133782386780e-03
-3.697295486927032471e-02
-2.453755028545856476e-02
-3.472102805972099304e-02
-2.796750888228416443e-02
-3.635332733392715454e-02
-1.239373721182346344e-02
-4.479490220546722412e-03
-2.791697159409523010e-02
-3.488848358392715454e-02
-3.535798192024230957e-02
-4.780780896544456482e-02
-9.391829371452331543e-03
-3.670260682702064514e-02
-1.218691375106573105e-02
-3.342183679342269897e-02
-1.725749112665653229e-02
4.879255779087543488e-03
-1.747907698154449463e-02
-5.735658109188079834e-02
-3.887235000729560852e-02
-5.741875618696212769e-02
-3.012913465499877930e-02
-2.871078066527843475e-02
-2.928587421774864197e-02
-2.823739498853683472e-02
-2.181125618517398834e-02
-3.644187375903129578e-02
-4.689448326826095581e-02
-3.340242058038711548e-02
-2.576287277042865753e-02
4.231989383697509766e-03
-4.411652684211730957e-02
-3.532123193144798279e-02
-4.049181193113327026e-02
-6.647171452641487122e-03
-3.410584479570388794e-02
-2.487845718860626221e-02
-5.334803462028503418e-02
-8.511815220117568970e-03
2.804184332489967346e-04
-1.904193311929702759e-02
-6.207937374711036682e-02
-4.757486283779144287e-02
-2.037279866635799408e-02
-2.530689164996147156e-02
-7.889014668762683868e-03
-3.003615699708461761e-02
-3.869019821286201477e-02
-5.258977040648460388e-02
-3.108698502182960510e-02
-4.171697422862052917e-02
-4.677916318178176880e-02
-3.692230954766273499e-02
-3.328524157404899597e-02
-4.452942870557308197e-03
2.731949556618928909e-03
-5.626390688121318817e-03
-1.917580142617225647e-02
-3.748611360788345337e-02
-3.937905654311180115e-02
-4.020266607403755188e-02
-3.208066523075103760e-02
-1.679568178951740265e-02
-3.790754079818725586e-02
-6.566526740789413452e-02
-3.605327382683753967e-02
-4.276081174612045288e-02
-4.440037906169891357e-02
-1.877695135772228241e-02
-2.885480597615242004e-02
1.370087731629610062e-03
-3.732978552579879761e-02
-1.668764464557170868e-02
-4.249234125018119812e-02
-3.141120821237564087e-02
-2.413960639387369156e-03
-5.653531849384307861e-02
-1.560914609581232071e-02
-8.104086853563785553e-03
-5.111648142337799072e-02
-1.617864333093166351e-02
-6.914274767041206360e-03
-2.956590987741947174e-02
-3.267522156238555908e-02
-2.655461989343166351e-02
-4.061960056424140930e-02
-2.817165106534957886e-02
-2.133208513259887695e-02
-6.351040303707122803e-02
-7.278408389538526535e-03
-4.996364191174507141e-02
-5.234733968973159790e-02
-3.762472048401832581e-02
-2.532082051038742065e-02
-4.811098799109458923e-02
-9.271312505006790161e-03
-3.728796914219856262e-02
-3.212228789925575256e-02
-1.520028430968523026e-02
-3.652235120534896851e-02
-6.314730644226074219e-02
-8.612783625721931458e-03
-8.360101841390132904e-03
-1.734329853206872940e-03
-3.025038912892341614e-02
-2.786347270011901855e-02
-1.011391635984182358e-02
-3.669978678226470947e-02
-5.219110846519470215e-02
-2.530103176832199097e-02
-7.037429511547088623e-02
-3.006076067686080933e-02
1.504356041550636292e-04
-1.594500243663787842e-02
-4.145917296409606934e-02
-2.724931202828884125e-02
-2.149846777319908142e-02
-1.602376997470855713e-02
-3.820072859525680542e-02
-5.787912383675575256e-02
-2.781180478632450104e-02
-9.555314667522907257e-03
-3.371216356754302979e-02
-3.813880681991577148e-02
-3.328182920813560486e-02
-1.568158622831106186e-03
-2.673571184277534485e-02
-3.766044601798057556e-02
-3.634754195809364319e-02
-2.583736926317214966e-02
-3.748159110546112061e-02
-3.890939429402351379e-02
-3.625440970063209534e-02
-5.138924717903137207e-02
-3.420980647206306458e-02
-2.906209602952003479e-02
-1.811875402927398682e-02
-2.760449051856994629e-02
-3.614571318030357361e-02
-4.871570691466331482e-02
-2.362174540758132935e-02
-3.807279840111732483e-02
-3.240734338760375977e-02
-2.096254006028175354e-02
-3.567305207252502441e-02
-4.100130125880241394e-02
-3.745720162987709045e-02
-6.207184866070747375e-03
-1.948580704629421234e-02
-4.246203973889350891e-02
-1.405189651995897293e-02
-2.053633332252502441e-02
-2.028909698128700256e-02
-3.675589337944984436e-02
-2.497524768114089966e-02
-2.980702370405197144e-02
-5.563180893659591675e-02
-3.158242255449295044e-02
-1.259703282266855240e-02
-2.865767106413841248e-02
-3.698366880416870117e-02
-1.620499044656753540e-02
-1.877773553133010864e-02
-2.798721008002758026e-02
-3.463710099458694458e-02
-2.565245144069194794e-02
-2.546309120953083038e-02
-4.232264310121536255e-02
-9.975493885576725006e-04
-3.287699446082115173e-02
-3.863877803087234497e-02
-2.267413958907127380e-02
-4.907742515206336975e-02
-3.689094632863998413e-02
-4.631876945495605469e-02
-2.572060003876686096e-02
-3.735830634832382202e-02
-3.628954663872718811e-02
-2.786357328295707703e-02
-3.670855611562728882e-02
-3.071433119475841522e-02
-3.092933818697929382e-02
-1.529606338590383530e-02
-3.780896216630935669e-02
-3.952714428305625916e-02
-1.476017292588949203e-02
-3.654061630368232727e-02
-3.106396645307540894e-02
-2.219145372509956360e-02
-3.279329091310501099e-02
-3.776358067989349365e-02
-2.170701697468757629e-02
-3.864634409546852112e-02
-5.692780483514070511e-03
-5.225833132863044739e-02
-3.975756093859672546e-02
-3.115847520530223846e-02
-6.973547860980033875e-03
-3.408396989107131958e-02
-6.659244000911712646e-02
-3.233565390110015869e-02
3.016838803887367249e-03
-3.046247549355030060e-02
-2.311724796891212463e-02
-4.056388884782791138e-02
-3.542885929346084595e-02
-3.489901125431060791e-02
-3.674951940774917603e-02
-2.518675290048122406e-02
-1.092937961220741272e-02
-1.168343611061573029e-02
-6.990677118301391602e-02
-3.510581701993942261e-02
-5.278469994664192200e-02
-2.982055395841598511e-02
-3.756742551922798157e-02
-4.645111039280891418e-03
-2.391842938959598541e-02
-3.999022394418716431e-02
-2.656600251793861389e-02
-2.731743827462196350e-02
-2.644147910177707672e-02
-3.930258005857467651e-02
-3.418372571468353271e-02
-4.860610887408256531e-02
-2.454476058483123779e-02
-1.234232541173696518e-02
-1.740314438939094543e-02
-3.869630768895149231e-02
-3.002302907407283783e-02
-8.643031120300292969e-03
-2.672378718852996826e-02
-3.979162499308586121e-02
-3.736728057265281677e-02
-6.689819041639566422e-03
-4.336904734373092651e-02
-4.231955483555793762e-02
-4.011008143424987793e-02
-3.538281098008155823e-02
-3.075907379388809204e-02
-5.379263684153556824e-02
-1.509401574730873108e-02
-1.004167553037405014e-02
-3.658735379576683044e-02
-3.002789989113807678e-02
-1.367475185543298721e-02
-4.042098671197891235e-02
-3.237209096550941467e-02
-1.414026413112878799e-02
-1.639894209802150726e-02
-2.012072876095771790e-02
-3.778605163097381592e-02
-1.879368349909782410e-02
-3.361583873629570007e-02
-2.208963781595230103e-02
-3.215042874217033386e-02
-3.194872662425041199e-02
-6.557615473866462708e-03
-2.368327230215072632e-02
-3.862744197249412537e-02
-2.714286372065544128e-02
-2.254831045866012573e-02
3.464698325842618942e-03
-4.086960852146148682e-02
-3.858155384659767151e-02
-3.185378015041351318e-02
-3.482403978705406189e-02
-3.948114812374114990e-02
-2.833677455782890320e-02
-3.773761913180351257e-02
-2.376369200646877289e-02
-4.267606139183044434e-02
-3.749405965209007263e-02
-2.021611481904983521e-02
-3.977428376674652100e-02
-1.921500824391841888e-02
-4.389457404613494873e-02
-5.258286371827125549e-02
-2.817123383283615112e-02
-2.403958886861801147e-02
-3.402374684810638428e-02
-1.297595631331205368e-02
-3.612888231873512268e-02
-1.578536257147789001e-02
-3.499532490968704224e-02
-3.482084721326828003e-02
-3.644770756363868713e-02
-5.444519221782684326e-02
-4.083151742815971375e-02
-3.536549955606460571e-02
-3.167009353637695312e-02
-3.613432496786117554e-02
-1.820195838809013367e-02
-8.938800543546676636e-03
-3.686353936791419983e-02
-3.459092974662780762e-02
-2.619976177811622620e-02
-1.294116303324699402e-02
-2.873897366225719452e-02
-1.519631128758192062e-02
-3.045069798827171326e-02
-3.938604518771171570e-02
-2.267201617360115051e-02
-6.067806482315063477e-02
-3.480719774961471558e-02
-5.117411166429519653e-02
-3.831518068909645081e-02
-6.405634433031082153e-02
-2.865292504429817200e-02
-3.570466488599777222e-02
-1.223426032811403275e-02
-7.939714007079601288e-03
-7.348620146512985229e-02
-5.436479300260543823e-02
-4.457776993513107300e-02
-4.068634938448667526e-03
-2.828066609799861908e-02
-5.300901830196380615e-02
-2.531971037387847900e-02
-4.932688549160957336e-02
-3.452894836664199829e-02
-3.637700527906417847e-02
-3.071802854537963867e-02
-5.705679580569267273e-02
-1.802214980125427246e-02
-3.789414837956428528e-02
-3.905623778700828552e-02
-3.714461997151374817e-02
-2.457809820771217346e-02
-3.743941336870193481e-02
-4.383964091539382935e-02
-2.251482754945755005e-02
-1.565198600292205811e-02
-1.765451207756996155e-02
-3.620314598083496094e-02
-4.920569062232971191e-02
-3.146261721849441528e-02
-2.838066965341567993e-02
-2.540313638746738434e-02
-3.187125921249389648e-02
-2.789789438247680664e-02
-2.305288612842559814e-02
-3.245979174971580505e-02
-3.429577872157096863e-02
-4.167788475751876831e-02
-4.679189622402191162e-02
-4.831533879041671753e-02
-2.385698072612285614e-02
-2.701932564377784729e-02
-3.744272887706756592e-02
-3.460684418678283691e-02
-3.738152608275413513e-02
-2.855984680354595184e-02
-3.905935958027839661e-02
-3.702965378761291504e-02
-1.340134814381599426e-02
-8.503750897943973541e-03
-2.476647496223449707e-03
-4.207330942153930664e-02
-4.392401874065399170e-02
-3.970798105001449585e-02
-2.948273718357086182e-02
-3.647327050566673279e-02
3.885334823280572891e-03
-4.951525479555130005e-02
1.220171805471181870e-03
-3.531486541032791138e-02
-3.316657990217208862e-02
-1.817494630813598633e-02
-3.848366066813468933e-02
-3.603770956397056580e-02
-1.488269120454788208e-02
-3.244036063551902771e-02
-2.302200905978679657e-02
-2.906297333538532257e-02
-3.375669941306114197e-02
-4.102465510368347168e-02
-1.076347101479768753e-02
-4.204410314559936523e-02
-3.411071747541427612e-02
-1.286891382187604904e-02
-3.834296762943267822e-02
-3.175593446940183640e-03
-3.570803999900817871e-02
-3.086896426975727081e-02
-1.502393465489149094e-02
-3.927534073591232300e-02
-5.014847591519355774e-02
-2.870546281337738037e-02
-2.039717510342597961e-02
-3.602484613656997681e-02
-3.859357908368110657e-02
-3.670997545123100281e-02
-3.222756460309028625e-02
-3.025730699300765991e-02
-3.565650060772895813e-02
-2.026942744851112366e-02
-3.685506805777549744e-02
2.374625764787197113e-03
-3.705646377056837082e-03
-4.134317114949226379e-02
-4.146981984376907349e-02
-1.759395189583301544e-02
-7.642138749361038208e-03
-3.153364732861518860e-02
-3.606975823640823364e-02
-1.658356934785842896e-02
-3.417418897151947021e-02
-2.566630020737648010e-02
-3.344227373600006104e-02
-3.609219938516616821e-02
-5.993615835905075073e-03
-3.917446732521057129e-02
-2.501631528139114380e-02
-4.308452457189559937e-02
1.602336298674345016e-03
-3.847551718354225159e-02
-6.722727790474891663e-03
-4.062212631106376648e-02
-1.538398303091526031e-02
-3.611874952912330627e-02
-2.806717157363891602e-02
-3.738673031330108643e-02
-3.500659763813018799e-02
-8.997696451842784882e-03
-3.406522050499916077e-02
-2.724188566207885742e-02
-2.063979580998420715e-02
4.770910367369651794e-03
-1.274922676384449005e-02
-1.746055856347084045e-02
-2.373979613184928894e-02
-3.676680848002433777e-02
-3.638554364442825317e-02
-4.580057412385940552e-02
-2.725130878388881683e-02
-4.551772493869066238e-03
-3.067536093294620514e-02
-5.274856463074684143e-03
-2.775233611464500427e-02
-3.555376082658767700e-02
-5.040172487497329712e-02
-3.415288403630256653e-02
-1.790979690849781036e-02
-3.448812291026115417e-02
-1.253681629896163940e-02
-2.236056327819824219e-02
-2.353660389780998230e-02
-5.970945581793785095e-03
-3.561619296669960022e-02
-2.300609275698661804e-02
-6.642687320709228516e-02
-1.837000995874404907e-02
-8.260704576969146729e-03
-3.288109321147203445e-03
-3.306951746344566345e-02
-3.200600296258926392e-02
-3.378014266490936279e-02
-3.603800758719444275e-02
-2.608398348093032837e-02
-3.067360818386077881e-02
-2.922627143561840057e-02
-4.887092113494873047e-02
-3.440031036734580994e-02
-2.823141869157552719e-03
-2.920681238174438477e-02
-4.056495055556297302e-02
-3.592174500226974487e-02
-3.298007696866989136e-02
-3.809610381722450256e-02
-3.375671058893203735e-02
-3.418696671724319458e-02
-3.579695895314216614e-02
