1.349915936589241028e-02
1.486597582697868347e-02
2.093915268778800964e-02
1.660244911909103394e-02
1.467645913362503052e-02
1.405473798513412476e-02
1.449446193873882294e-02
2.100551128387451172e-02
1.880466565489768982e-02
1.649801060557365417e-02
1.921981945633888245e-02
2.066890522837638855e-02
2.561028674244880676e-02
1.332405209541320801e-02
1.362738758325576782e-02
2.236014977097511292e-02
1.622363179922103882e-02
1.630304381251335144e-02
2.526725083589553833e-02
2.300510928034782410e-02
1.525799930095672607e-02
1.326296105980873108e-02
3.355578705668449402e-02
1.316986605525016785e-02
1.326989009976387024e-02
1.573399081826210022e-02
2.129842713475227356e-02
1.530369371175765991e-02
1.597371324896812439e-02
3.544786944985389709e-02
3.346310928463935852e-02
1.674730703234672546e-02
1.377101987600326538e-02
1.417694427073001862e-02
1.852303557097911835e-02
1.553974300622940063e-02
1.349288225173950195e-02
1.601251959800720215e-02
2.447298541665077209e-02
1.677648350596427917e-02
1.835847087204456329e-02
1.303352788090705872e-02
2.776121720671653748e-02
1.871931180357933044e-02
1.570804789662361145e-02
2.378816157579421997e-02
1.294877007603645325e-02
1.378077641129493713e-02
1.922611519694328308e-02
2.198135852813720703e-02
3.231105580925941467e-02
1.571258157491683960e-02
1.378239318728446960e-02
1.780051179230213165e-02
2.380299195647239685e-02
2.655989676713943481e-02
2.228412404656410217e-02
1.646436378359794617e-02
1.300529949367046356e-02
1.318168640136718750e-02
1.652987673878669739e-02
1.370510831475257874e-02
1.449242793023586273e-02
2.167518064379692078e-02
1.308938488364219666e-02
1.709533110260963440e-02
2.920261770486831665e-02
1.336337253451347351e-02
1.403858885169029236e-02
1.486644707620143890e-02
1.991295069456100464e-02
1.875014603137969971e-02
1.445701159536838531e-02
1.288872025907039642e-02
2.670126035809516907e-02
2.674993500113487244e-02
1.290976814925670624e-02
3.434516489505767822e-02
2.210331335663795471e-02
1.736111938953399658e-02
3.123437613248825073e-02
1.707209646701812744e-02
1.468463242053985596e-02
1.968720927834510803e-02
1.509531028568744659e-02
1.345581188797950745e-02
1.375862024724483490e-02
1.318582706153392792e-02
3.034133836627006531e-02
2.558777853846549988e-02
1.870395243167877197e-02
1.845410652458667755e-02
1.348061300814151764e-02
1.752062328159809113e-02
2.746945247054100037e-02
1.880491152405738831e-02
1.421236991882324219e-02
1.739632152020931244e-02
1.572411693632602692e-02
1.577308401465415955e-02
2.065485343337059021e-02
1.332638785243034363e-02
1.772644557058811188e-02
1.453619450330734253e-02
1.400480791926383972e-02
2.648657932877540588e-02
2.516880258917808533e-02
1.445809938013553619e-02
1.332139782607555389e-02
1.854434609413146973e-02
1.403557136654853821e-02
3.291347995400428772e-02
2.111852541565895081e-02
3.165487945079803467e-02
3.044505789875984192e-02
1.311441883444786072e-02
1.472256146371364594e-02
3.179431334137916565e-02
1.841824129223823547e-02
1.685351133346557617e-02
1.315455511212348938e-02
1.653121784329414368e-02
1.950785145163536072e-02
2.477424219250679016e-02
1.436106860637664795e-02
1.284418627619743347e-02
3.398606926202774048e-02
1.466018520295619965e-02
2.195204794406890869e-02
2.671889588236808777e-02
1.804828643798828125e-02
2.046019956469535828e-02
1.552848890423774719e-02
1.375689730048179626e-02
1.277233101427555084e-02
2.106188982725143433e-02
1.309289969503879547e-02
1.451523229479789734e-02
2.463172376155853271e-02
2.625717595219612122e-02
3.411090373992919922e-02
3.602885827422142029e-02
1.455520838499069214e-02
1.831075362861156464e-02
2.301112934947013855e-02
2.788710966706275940e-02
1.770969480276107788e-02
1.387029141187667847e-02
3.182401880621910095e-02
1.704835519194602966e-02
1.769693195819854736e-02
1.455265283584594727e-02
1.289757341146469116e-02
1.966862380504608154e-02
1.282363757491111755e-02
1.554865017533302307e-02
1.390642300248146057e-02
1.374404318630695343e-02
1.392455399036407471e-02
1.468447037041187286e-02
3.263205289840698242e-02
2.160944789648056030e-02
2.307983860373497009e-02
2.108194306492805481e-02
2.940209954977035522e-02
3.843438625335693359e-02
1.487348973751068115e-02
1.572524756193161011e-02
1.646303758025169373e-02
1.472963020205497742e-02
1.594671607017517090e-02
2.047717198729515076e-02
1.806443184614181519e-02
3.311158716678619385e-02
1.400580257177352905e-02
1.278153806924819946e-02
1.479560136795043945e-02
2.884935215115547180e-02
1.326727867126464844e-02
2.292137965559959412e-02
2.219376340508460999e-02
1.367706805467605591e-02
1.414917223155498505e-02
1.321011409163475037e-02
1.402254588901996613e-02
1.309113949537277222e-02
1.600288413465023041e-02
3.844619914889335632e-02
1.710120961070060730e-02
2.229149267077445984e-02
1.549192517995834351e-02
1.511684432625770569e-02
1.471448317170143127e-02
1.704569533467292786e-02
2.675789222121238708e-02
1.797182112932205200e-02
2.007170766592025757e-02
1.880401000380516052e-02
1.739719510078430176e-02
1.339003816246986389e-02
3.018159046769142151e-02
1.417530886828899384e-02
1.577643677592277527e-02
1.391793414950370789e-02
1.847782358527183533e-02
2.242844179272651672e-02
1.744329743087291718e-02
2.537073940038681030e-02
1.278627105057239532e-02
3.725407645106315613e-02
1.967823132872581482e-02
1.738300547003746033e-02
1.366830244660377502e-02
1.326969638466835022e-02
2.564648911356925964e-02
1.806698366999626160e-02
1.652834191918373108e-02
1.619986817240715027e-02
3.247357159852981567e-02
1.948663219809532166e-02
3.285129368305206299e-02
1.601143553853034973e-02
2.780654281377792358e-02
1.577320322394371033e-02
1.919971778988838196e-02
1.417740434408187866e-02
2.559378370642662048e-02
1.375841163098812103e-02
1.792905107140541077e-02
2.376667782664299011e-02
1.291267760097980499e-02
1.471330970525741577e-02
1.302763074636459351e-02
2.139357849955558777e-02
1.553357578814029694e-02
3.413850441575050354e-02
1.653466746211051941e-02
1.435861364006996155e-02
1.785572804510593414e-02
3.053092211484909058e-02
2.571341767907142639e-02
1.881420612335205078e-02
2.243883907794952393e-02
2.176954969763755798e-02
1.349205523729324341e-02
1.420776918530464172e-02
1.362923905253410339e-02
2.626520022749900818e-02
2.872380986809730530e-02
1.719848625361919403e-02
2.801550924777984619e-02
2.454887330532073975e-02
1.739441789686679840e-02
1.894559338688850403e-02
1.346784643828868866e-02
2.119748294353485107e-02
1.878356561064720154e-02
1.927522569894790649e-02
2.241227403283119202e-02
1.622248440980911255e-02
2.957706153392791748e-02
1.527724042534828186e-02
1.378433033823966980e-02
3.566922619938850403e-02
2.439932525157928467e-02
1.647415198385715485e-02
1.406842097640037537e-02
1.402830146253108978e-02
1.600956544280052185e-02
2.886637300252914429e-02
1.503665931522846222e-02
1.787348836660385132e-02
2.049610018730163574e-02
1.676771417260169983e-02
1.288682967424392700e-02
1.801845990121364594e-02
1.880458369851112366e-02
1.318665035068988800e-02
2.556525543332099915e-02
1.401304453611373901e-02
1.673201285302639008e-02
1.717386394739151001e-02
2.436507865786552429e-02
1.492419466376304626e-02
2.572366967797279358e-02
1.361986249685287476e-02
1.358021050691604614e-02
1.294262334704399109e-02
1.387288235127925873e-02
2.168606966733932495e-02
1.528362743556499481e-02
1.577196270227432251e-02
1.816169545054435730e-02
2.097311243414878845e-02
1.406684145331382751e-02
1.607026159763336182e-02
2.061165496706962585e-02
2.690564468502998352e-02
2.250439301133155823e-02
2.874538674950599670e-02
1.422177627682685852e-02
1.596350967884063721e-02
2.917048707604408264e-02
1.451772823929786682e-02
1.299631595611572266e-02
3.757037222385406494e-02
1.883370801806449890e-02
1.882324740290641785e-02
2.185699716210365295e-02
1.391870900988578796e-02
2.236573025584220886e-02
1.579661481082439423e-02
1.323996111750602722e-02
3.734250739216804504e-02
3.566079959273338318e-02
3.716550767421722412e-02
1.330165565013885498e-02
1.953822746872901917e-02
2.590017020702362061e-02
2.016450092196464539e-02
1.285086944699287415e-02
1.293501257896423340e-02
1.433200389146804810e-02
1.804343983530998230e-02
2.117070183157920837e-02
1.294734328985214233e-02
1.342939957976341248e-02
1.337506994605064392e-02
2.353465184569358826e-02
1.349126733839511871e-02
1.880530640482902527e-02
1.708808913826942444e-02
1.912095025181770325e-02
2.120478823781013489e-02
1.420463621616363525e-02
2.681153640151023865e-02
1.365294679999351501e-02
1.337811350822448730e-02
1.454651728272438049e-02
1.751945167779922485e-02
2.441017702221870422e-02
2.119435742497444153e-02
3.844759240746498108e-02
1.306673884391784668e-02
1.940800622105598450e-02
1.454391703009605408e-02
1.652193441987037659e-02
1.385438442230224609e-02
2.740823104977607727e-02
1.292553357779979706e-02
2.696730941534042358e-02
1.626584678888320923e-02
1.425054296851158142e-02
2.179975435137748718e-02
2.667455002665519714e-02
1.327016949653625488e-02
1.547335274517536163e-02
1.269820332527160645e-02
1.511047780513763428e-02
2.306964248418807983e-02
2.226592972874641418e-02
3.752298653125762939e-02
1.584501750767230988e-02
1.752187684178352356e-02
1.572829112410545349e-02
1.915070787072181702e-02
1.351140066981315613e-02
3.386923298239707947e-02
1.577413082122802734e-02
1.739621907472610474e-02
1.436339691281318665e-02
1.823212578892707825e-02
1.300592720508575439e-02
1.405910775065422058e-02
1.314693316817283630e-02
1.534182578325271606e-02
1.309409178793430328e-02
1.382357627153396606e-02
3.193084150552749634e-02
1.738227531313896179e-02
3.229267522692680359e-02
2.523332834243774414e-02
1.680280268192291260e-02
1.361197419464588165e-02
2.253779396414756775e-02
1.961362734436988831e-02
1.747679896652698517e-02
1.739905402064323425e-02
1.880401745438575745e-02
1.368865743279457092e-02
1.507328264415264130e-02
1.375116780400276184e-02
3.212397173047065735e-02
2.555411681532859802e-02
2.019422501325607300e-02
1.511579379439353943e-02
3.185593336820602417e-02
1.356699690222740173e-02
2.129800990223884583e-02
1.704427599906921387e-02
1.450405269861221313e-02
1.358282566070556641e-02
1.435773819684982300e-02
1.280235685408115387e-02
1.620868220925331116e-02
1.450214907526969910e-02
1.531630381941795349e-02
1.626229286193847656e-02
1.881214603781700134e-02
2.368161454796791077e-02
1.716836728155612946e-02
1.574748940765857697e-02
1.341721415519714355e-02
1.845284551382064819e-02
1.626970246434211731e-02
2.016132324934005737e-02
1.343933120369911194e-02
1.380636915564537048e-02
1.324436813592910767e-02
1.596643403172492981e-02
1.960455626249313354e-02
1.955733448266983032e-02
1.325759664177894592e-02
1.504920795559883118e-02
3.233937546610832214e-02
1.421327516436576843e-02
1.956455782055854797e-02
1.881704851984977722e-02
1.415856741368770599e-02
2.348244190216064453e-02
1.663235388696193695e-02
2.228019014000892639e-02
2.163824811577796936e-02
1.877875253558158875e-02
1.270575821399688721e-02
1.310086064040660858e-02
1.276423782110214233e-02
2.016518265008926392e-02
3.407610580325126648e-02
2.787825092673301697e-02
1.275598444044589996e-02
1.707505062222480774e-02
1.532920822501182556e-02
1.357876136898994446e-02
2.162579074501991272e-02
3.224518522620201111e-02
1.295323297381401062e-02
1.480944268405437469e-02
1.843010075390338898e-02
2.476694062352180481e-02
1.740927621722221375e-02
1.902699843049049377e-02
1.311976090073585510e-02
1.732401922345161438e-02
1.648599281907081604e-02
1.966558769345283508e-02
1.369475200772285461e-02
1.739800348877906799e-02
2.626137807965278625e-02
2.794026955962181091e-02
2.000012248754501343e-02
1.820732280611991882e-02
1.309437118470668793e-02
2.687961235642433167e-02
1.948586478829383850e-02
2.150235325098037720e-02
1.623408868908882141e-02
1.406632363796234131e-02
2.058336883783340454e-02
1.569968089461326599e-02
2.344740554690361023e-02
2.622304111719131470e-02
1.498255133628845215e-02
1.840045675635337830e-02
1.304686814546585083e-02
1.326536014676094055e-02
2.285790815949440002e-02
2.493793144822120667e-02
3.067761287093162537e-02
1.318280771374702454e-02
2.177943661808967590e-02
2.031769230961799622e-02
1.993686333298683167e-02
2.682290226221084595e-02
1.737475767731666565e-02
1.468344591557979584e-02
1.376244053244590759e-02
1.377284899353981018e-02
1.325841248035430908e-02
1.473164930939674377e-02
1.285941712558269501e-02
1.437874510884284973e-02
1.678190007805824280e-02
2.869168296456336975e-02
1.841830834746360779e-02
1.299731992185115814e-02
3.254431113600730896e-02
2.563630416989326477e-02
3.844477608799934387e-02
1.418813318014144897e-02
2.571928873658180237e-02
2.574535086750984192e-02
2.113978937268257141e-02
1.507139205932617188e-02
3.616363182663917542e-02
1.392318680882453918e-02
1.989750936627388000e-02
2.164528891444206238e-02
1.880517601966857910e-02
3.707739338278770447e-02
1.296491175889968872e-02
1.367416605353355408e-02
1.506989635527133942e-02
1.937614753842353821e-02
3.410596027970314026e-02
1.730390824377536774e-02
1.282722130417823792e-02
2.047583088278770447e-02
1.314739882946014404e-02
1.921686902642250061e-02
1.570258662104606628e-02
1.553806662559509277e-02
1.299693807959556580e-02
1.323039457201957703e-02
1.770807430148124695e-02
1.309203170239925385e-02
3.550636023283004761e-02
2.464884519577026367e-02
3.031356260180473328e-02
1.317939534783363342e-02
1.330178603529930115e-02
1.698685437440872192e-02
1.392179355025291443e-02
3.617589548230171204e-02
1.350645348429679871e-02
2.387778833508491516e-02
1.843044534325599670e-02
3.227732703089714050e-02
2.376379445195198059e-02
1.823087781667709351e-02
2.743534743785858154e-02
1.653411611914634705e-02
2.160121127963066101e-02
1.600324362516403198e-02
2.053397521376609802e-02
1.309434138238430023e-02
2.047032490372657776e-02
2.932658791542053223e-02
2.164917811751365662e-02
1.329518854618072510e-02
2.163417264819145203e-02
1.340267434716224670e-02
1.842592656612396240e-02
1.485821604728698730e-02
2.175867930054664612e-02
2.528616413474082947e-02
2.235859259963035583e-02
3.170717135071754456e-02
3.227790445089340210e-02
2.914617955684661865e-02
1.570412144064903259e-02
1.559576205909252167e-02
1.315854117274284363e-02
2.629480510950088501e-02
1.442237570881843567e-02
2.180668339133262634e-02
1.686568371951580048e-02
1.565361954271793365e-02
2.381477132439613342e-02
1.769069209694862366e-02
1.880512759089469910e-02
1.275680586695671082e-02
2.683810889720916748e-02
1.343338564038276672e-02
1.719615049660205841e-02
1.919677853584289551e-02
1.506673730909824371e-02
1.475094258785247803e-02
1.772968843579292297e-02
2.547467872500419617e-02
1.918898895382881165e-02
2.921796962618827820e-02
1.528364233672618866e-02
2.231136336922645569e-02
2.463828772306442261e-02
1.355127990245819092e-02
1.294720172882080078e-02
2.580905333161354065e-02
1.838552579283714294e-02
1.438499614596366882e-02
1.907050237059593201e-02
1.824222877621650696e-02
3.507271781563758850e-02
2.674300596117973328e-02
1.357344537973403931e-02
1.304747164249420166e-02
2.314778044819831848e-02
1.435215026140213013e-02
1.356559619307518005e-02
1.372429542243480682e-02
1.996446400880813599e-02
1.270114816725254059e-02
1.495120674371719360e-02
1.627032458782196045e-02
1.304637268185615540e-02
3.412440791726112366e-02
1.352359727025032043e-02
2.388470992445945740e-02
2.118892967700958252e-02
2.163195982575416565e-02
1.420485600829124451e-02
1.968624815344810486e-02
2.634626254439353943e-02
1.963369920849800110e-02
1.750517636537551880e-02
1.507595553994178772e-02
1.528328284621238708e-02
3.605909273028373718e-02
2.274213731288909912e-02
1.339234039187431335e-02
2.840039879083633423e-02
1.372084580361843109e-02
1.657474413514137268e-02
2.208321169018745422e-02
2.751229330897331238e-02
2.116830274462699890e-02
1.304017007350921631e-02
3.618088737130165100e-02
1.361138746142387390e-02
2.826454117894172668e-02
1.304888352751731873e-02
1.594356447458267212e-02
3.170937299728393555e-02
1.290070451796054840e-02
3.541901707649230957e-02
1.374708302319049835e-02
2.389837428927421570e-02
1.348455995321273804e-02
1.810412108898162842e-02
1.377074792981147766e-02
1.506312005221843719e-02
1.553763076663017273e-02
2.176221087574958801e-02
1.279696822166442871e-02
1.401002705097198486e-02
1.599457859992980957e-02
1.708588376641273499e-02
1.409921050071716309e-02
1.806368306279182434e-02
2.463013306260108948e-02
2.563754096627235413e-02
1.490643993020057678e-02
2.349965274333953857e-02
1.304903998970985413e-02
1.334387063980102539e-02
1.553599908947944641e-02
2.067339047789573669e-02
2.776058390736579895e-02
1.917802169919013977e-02
1.403892040252685547e-02
1.341836340725421906e-02
1.410667598247528076e-02
1.657752506434917450e-02
1.373966224491596222e-02
2.342743426561355591e-02
2.293735742568969727e-02
1.807511784136295319e-02
1.987976208329200745e-02
2.099891379475593567e-02
1.554281637072563171e-02
1.739419624209403992e-02
1.674997434020042419e-02
1.904039457440376282e-02
2.468777075409889221e-02
1.601492986083030701e-02
1.854284480214118958e-02
1.278967596590518951e-02
1.506760530173778534e-02
1.392542198300361633e-02
1.633880846202373505e-02
1.467874087393283844e-02
1.868407800793647766e-02
1.933026686310768127e-02
1.708206161856651306e-02
2.172337472438812256e-02
2.318500354886054993e-02
1.510577648878097534e-02
1.785955764353275299e-02
1.660620048642158508e-02
1.963446661829948425e-02
1.317942328751087189e-02
2.551623806357383728e-02
1.619174703955650330e-02
1.914301142096519470e-02
1.600494980812072754e-02
1.310530863702297211e-02
1.679248362779617310e-02
1.280707865953445435e-02
1.548673957586288452e-02
3.174806013703346252e-02
1.373362913727760315e-02
1.528381928801536560e-02
1.898173987865447998e-02
1.365453563630580902e-02
1.289655268192291260e-02
1.584049873054027557e-02
1.356801204383373260e-02
3.358871117234230042e-02
1.624911278486251831e-02
1.623519882559776306e-02
1.319332048296928406e-02
2.915356680750846863e-02
2.299397438764572144e-02
1.512007229030132294e-02
1.329014822840690613e-02
1.303588226437568665e-02
3.230471163988113403e-02
1.450419612228870392e-02
2.804512903094291687e-02
1.785833388566970825e-02
1.492261886596679688e-02
2.049008756875991821e-02
1.397939585149288177e-02
1.507399603724479675e-02
1.309276930987834930e-02
1.593723520636558533e-02
3.553422912955284119e-02
2.147774025797843933e-02
3.233799710869789124e-02
1.285597868263721466e-02
2.908563241362571716e-02
1.288834400475025177e-02
1.427383162081241608e-02
2.126604318618774414e-02
1.504980400204658508e-02
1.863418146967887878e-02
1.547218486666679382e-02
1.419913023710250854e-02
1.577766239643096924e-02
1.627632230520248413e-02
1.319473609328269958e-02
2.557216957211494446e-02
3.345293179154396057e-02
1.436265930533409119e-02
2.428684756159782410e-02
1.386591419577598572e-02
1.769242808222770691e-02
1.322226598858833313e-02
1.454124972224235535e-02
1.456142961978912354e-02
1.597884111106395721e-02
2.075517922639846802e-02
2.889467403292655945e-02
1.588409580290317535e-02
1.905393972992897034e-02
1.477273367345333099e-02
1.555119268596172333e-02
2.666736021637916565e-02
1.473084464669227600e-02
1.421565562486648560e-02
1.965737715363502502e-02
1.862217485904693604e-02
1.377559080719947815e-02
2.108542993664741516e-02
1.510717719793319702e-02
2.891553938388824463e-02
2.041548490524291992e-02
1.532779261469841003e-02
2.011818811297416687e-02
1.571753248572349548e-02
1.842584833502769470e-02
1.842211931943893433e-02
2.557630836963653564e-02
1.453094184398651123e-02
3.786667808890342712e-02
3.751967474818229675e-02
1.707826554775238037e-02
1.739305630326271057e-02
1.650813221931457520e-02
3.439459577202796936e-02
1.772456243634223938e-02
1.466710679233074188e-02
1.577637344598770142e-02
1.550162583589553833e-02
1.467224210500717163e-02
1.535446383059024811e-02
1.922858878970146179e-02
2.659447863698005676e-02
1.789520494639873505e-02
1.649947464466094971e-02
2.551614493131637573e-02
1.501182094216346741e-02
1.571256667375564575e-02
1.807480864226818085e-02
3.209744393825531006e-02
1.374672725796699524e-02
1.675726473331451416e-02
1.494102552533149719e-02
1.326764747500419617e-02
1.352691091597080231e-02
1.285186409950256348e-02
1.621235534548759460e-02
1.292363554239273071e-02
1.624341681599617004e-02
2.915811911225318909e-02
3.060448542237281799e-02
1.341232843697071075e-02
1.527379266917705536e-02
1.806384325027465820e-02
1.992605626583099365e-02
3.177155926823616028e-02
1.351338811218738556e-02
1.368924416601657867e-02
1.593811810016632080e-02
1.436066254973411560e-02
1.783017255365848541e-02
2.628761157393455505e-02
1.433384045958518982e-02
1.438230462372303009e-02
1.485689356923103333e-02
2.671126276254653931e-02
1.710087433457374573e-02
2.170994132757186890e-02
1.574792712926864624e-02
3.409213200211524963e-02
1.359240524470806122e-02
1.476891525089740753e-02
1.454435288906097412e-02
2.762399986386299133e-02
3.842043504118919373e-02
3.842049464583396912e-02
1.728685200214385986e-02
1.314502581954002380e-02
2.085334807634353638e-02
2.180189266800880432e-02
1.336795836687088013e-02
3.202987089753150940e-02
1.921201124787330627e-02
1.308972015976905823e-02
1.681254804134368896e-02
2.668268233537673950e-02
1.505621150135993958e-02
1.550120487809181213e-02
2.048544585704803467e-02
2.781696245074272156e-02
1.679423078894615173e-02
1.600172370672225952e-02
2.300040796399116516e-02
1.418554782867431641e-02
2.154493704438209534e-02
1.438463479280471802e-02
1.676646620035171509e-02
2.015816792845726013e-02
1.289991103112697601e-02
1.472004875540733337e-02
1.336634531617164612e-02
1.282205805182456970e-02
1.388963684439659119e-02
3.169566765427589417e-02
1.577078923583030701e-02
1.471729204058647156e-02
1.604431308805942535e-02
3.612828254699707031e-02
1.921663060784339905e-02
1.886528357863426208e-02
1.436603441834449768e-02
1.655386202037334442e-02
1.355085894465446472e-02
1.327672228217124939e-02
2.870875224471092224e-02
1.771797612309455872e-02
1.771106198430061340e-02
1.469944044947624207e-02
1.392454281449317932e-02
2.844896167516708374e-02
1.605875976383686066e-02
1.968956366181373596e-02
2.105693891644477844e-02
1.332964189350605011e-02
1.550430804491043091e-02
3.082722425460815430e-02
2.244642004370689392e-02
2.389484271407127380e-02
1.764435693621635437e-02
1.370370201766490936e-02
1.434778422117233276e-02
1.462980918586254120e-02
1.532071456313133240e-02
2.288159728050231934e-02
1.740923896431922913e-02
1.276797987520694733e-02
1.476848870515823364e-02
1.364586129784584045e-02
1.543408632278442383e-02
1.935357227921485901e-02
2.170782908797264099e-02
1.621874794363975525e-02
1.470646634697914124e-02
1.431552506983280182e-02
1.288996264338493347e-02
1.880953833460807800e-02
1.772756502032279968e-02
3.791028261184692383e-02
1.739129051566123962e-02
2.470527589321136475e-02
1.709965616464614868e-02
1.404595747590065002e-02
1.511568948626518250e-02
1.750665530562400818e-02
1.706966012716293335e-02
1.790738292038440704e-02
2.145364880561828613e-02
2.283061668276786804e-02
1.473548635840415955e-02
2.284895628690719604e-02
2.809053286910057068e-02
2.010206505656242371e-02
1.906137540936470032e-02
2.643985673785209656e-02
2.898342162370681763e-02
2.078568190336227417e-02
1.694458909332752228e-02
1.652442291378974915e-02
1.473418995738029480e-02
2.462826296687126160e-02
1.417880132794380188e-02
1.947518810629844666e-02
1.474600285291671753e-02
3.338524326682090759e-02
1.650387048721313477e-02
1.582614146173000336e-02
1.644829474389553070e-02
2.815059944987297058e-02
1.386125385761260986e-02
1.300377771258354187e-02
1.602095179259777069e-02
1.491511985659599304e-02
1.842097565531730652e-02
1.686293818056583405e-02
1.327973045408725739e-02
1.383036188781261444e-02
1.364557817578315735e-02
1.676271855831146240e-02
1.516078598797321320e-02
2.134036645293235779e-02
3.238751366734504700e-02
1.377623155713081360e-02
1.751000806689262390e-02
1.338565722107887268e-02
1.963829994201660156e-02
1.679997891187667847e-02
2.766330167651176453e-02
1.594002917408943176e-02
1.309610530734062195e-02
1.450438238680362701e-02
1.334236562252044678e-02
2.204615995287895203e-02
1.309028640389442444e-02
2.314184233546257019e-02
1.317336410284042358e-02
3.539921715855598450e-02
2.876326814293861389e-02
3.021723404526710510e-02
1.546854153275489807e-02
1.676634326577186584e-02
1.305711641907691956e-02
1.507616415619850159e-02
1.296402700245380402e-02
3.831292316317558289e-02
1.276477053761482239e-02
2.536511421203613281e-02
1.302410289645195007e-02
1.621366292238235474e-02
1.299185305833816528e-02
2.355320751667022705e-02
1.457672566175460815e-02
1.276440918445587158e-02
1.315298676490783691e-02
1.321083866059780121e-02
2.232073992490768433e-02
1.576792821288108826e-02
1.294837146997451782e-02
1.298807002604007721e-02
2.014437317848205566e-02
1.486997306346893311e-02
1.295388117432594299e-02
1.771389693021774292e-02
1.487438566982746124e-02
1.804715767502784729e-02
1.434134319424629211e-02
