3.155671432614326477e-02
-1.495439559221267700e-01
-9.541407227516174316e-03
5.831715837121009827e-02
1.485612243413925171e-01
1.004770211875438690e-02
-1.004443690180778503e-02
3.136324137449264526e-02
1.092334836721420288e-01
1.086920201778411865e-01
-2.392242252826690674e-01
-1.102057099342346191e-01
-1.593378186225891113e-02
9.572880715131759644e-02
7.453975081443786621e-02
-3.697571158409118652e-02
-2.670343406498432159e-02
-7.521928101778030396e-02
2.615852281451225281e-02
-1.479703933000564575e-02
-1.341298818588256836e-01
1.969325169920921326e-02
-6.387287378311157227e-02
-4.730089753866195679e-02
2.411158569157123566e-02
-1.553100347518920898e-01
2.111603170633316040e-01
5.122219026088714600e-02
-4.612778872251510620e-02
1.338853836059570312e-01
-1.621766835451126099e-01
-2.844694629311561584e-02
1.093304716050624847e-02
-1.923978179693222046e-01
4.473297297954559326e-02
2.162199914455413818e-01
-1.463556885719299316e-01
2.724068611860275269e-02
2.949485369026660919e-02
-1.986551433801651001e-01
-1.806605793535709381e-02
-1.787236519157886505e-02
1.672047674655914307e-01
-1.120242625474929810e-01
-9.529140591621398926e-02
8.764847368001937866e-02
4.566635936498641968e-02
1.768083870410919189e-01
1.035330966114997864e-01
-1.582381501793861389e-02
-2.112418413162231445e-02
1.525499522686004639e-01
1.438741683959960938e-01
2.375644743442535400e-01
-1.552093215286731720e-02
2.957753837108612061e-01
2.111197635531425476e-02
1.103262603282928467e-02
1.195242926478385925e-01
-7.843711227178573608e-02
-9.575767815113067627e-02
-1.537266001105308533e-02
-5.338617786765098572e-02
-1.684721000492572784e-02
-1.497217118740081787e-01
-1.192791759967803955e-02
-1.458271592855453491e-01
-3.195124566555023193e-01
2.156819961965084076e-02
5.619283020496368408e-02
-2.136751264333724976e-02
-1.271099746227264404e-01
-1.116458475589752197e-01
6.238920241594314575e-02
-1.313320398330688477e-01
5.378282442688941956e-02
-1.434125751256942749e-02
6.497445702552795410e-02
-6.056666374206542969e-02
-1.226272806525230408e-01
-1.556607186794281006e-01
4.858655035495758057e-01
-5.111199617385864258e-02
1.515717208385467529e-01
-8.660991489887237549e-02
-1.620849035680294037e-02
9.212969988584518433e-02
1.741849817335605621e-02
3.839365020394325256e-02
-1.760244667530059814e-01
-1.898134350776672363e-01
-1.445261687040328979e-01
5.747404694557189941e-02
-1.320947855710983276e-01
1.109696030616760254e-01
-5.968080088496208191e-02
-8.825285360217094421e-03
1.802478171885013580e-02
-2.361595630645751953e-02
-9.330701082944869995e-03
1.559024006128311157e-01
1.464608758687973022e-01
-1.787121593952178955e-02
-1.048669219017028809e-02
8.932170271873474121e-02
1.871435344219207764e-02
-1.613743752241134644e-01
1.556266397237777710e-01
-1.623355597257614136e-02
6.504329293966293335e-02
5.289632827043533325e-02
-3.204960525035858154e-01
2.239370718598365784e-02
-1.520718783140182495e-01
4.372781515121459961e-02
2.291152775287628174e-01
-1.557636540383100510e-02
-1.690449751913547516e-02
-8.466943353414535522e-02
4.348892346024513245e-02
1.074663847684860229e-01
-1.391072571277618408e-01
1.290586143732070923e-01
-1.868553906679153442e-01
9.370369464159011841e-02
1.195791959762573242e-01
-8.270129561424255371e-03
5.311808735132217407e-02
1.102005392313003540e-01
1.268759071826934814e-01
7.859058678150177002e-04
1.002001687884330750e-01
-1.996166072785854340e-02
-6.676933169364929199e-02
4.930225759744644165e-02
-3.676348924636840820e-02
-2.443031594157218933e-02
6.817564368247985840e-02
-1.326203532516956329e-02
1.772018074989318848e-01
-4.658697545528411865e-02
-1.237370632588863373e-02
-5.497463047504425049e-03
-1.930343173444271088e-02
9.974984079599380493e-02
-1.457142680883407593e-01
3.101086989045143127e-02
1.748942732810974121e-01
-1.675816252827644348e-02
-8.377210050821304321e-02
1.834097504615783691e-01
4.163231700658798218e-02
-1.918964646756649017e-02
-2.445803582668304443e-02
5.248471349477767944e-02
-1.321464870125055313e-02
3.876748681068420410e-02
7.456709444522857666e-02
1.432649642229080200e-01
-8.047305047512054443e-02
1.314508467912673950e-01
1.762995496392250061e-03
-3.877762705087661743e-03
-3.641460463404655457e-02
8.283986151218414307e-02
5.635078996419906616e-03
1.805272698402404785e-01
1.606293022632598877e-01
1.019409149885177612e-01
-1.220347546041011810e-02
-1.667642593383789062e-02
1.374131143093109131e-01
-1.245072670280933380e-02
2.661390043795108795e-02
1.004862189292907715e-01
2.316886372864246368e-02
-2.531315982341766357e-01
6.915530189871788025e-03
-1.490760408341884613e-02
4.269688948988914490e-02
1.054988056421279907e-01
5.652287602424621582e-02
1.037710458040237427e-01
9.371678531169891357e-02
-1.086052656173706055e-01
-1.202981919050216675e-02
-1.671845838427543640e-02
-1.635848432779312134e-01
4.787568002939224243e-02
-9.509184956550598145e-02
-6.550465524196624756e-02
1.382911503314971924e-01
2.841451168060302734e-01
-1.607249304652214050e-02
1.022902354598045349e-01
1.194420605897903442e-01
2.108500897884368896e-02
8.120319992303848267e-02
-1.580519601702690125e-02
-1.965704560279846191e-02
1.924355141818523407e-02
-1.414513960480690002e-02
-8.727293461561203003e-02
3.442099690437316895e-01
-1.844494640827178955e-01
1.901451051235198975e-01
2.325792610645294189e-01
3.081945776939392090e-01
1.993735879659652710e-02
2.297190129756927490e-01
8.015944808721542358e-02
5.981855839490890503e-02
2.273655533790588379e-01
6.005283445119857788e-02
1.269529312849044800e-01
-6.419181078672409058e-02
1.061893105506896973e-01
-1.775835901498794556e-01
-1.211300771683454514e-02
3.069073334336280823e-02
6.179001182317733765e-02
1.279362738132476807e-01
4.274789243936538696e-04
1.167080253362655640e-01
2.293617837131023407e-02
8.745799958705902100e-02
-5.781427025794982910e-03
-9.434813633561134338e-03
-9.517258405685424805e-02
2.123903110623359680e-02
1.816335506737232208e-02
-1.534445732831954956e-01
-3.214922547340393066e-02
-8.347579836845397949e-02
-2.065890580415725708e-01
-1.063914075493812561e-01
-1.070737279951572418e-02
-1.359944045543670654e-01
-1.436324790120124817e-02
-1.360926181077957153e-01
-6.509376689791679382e-03
-2.057477533817291260e-01
-1.460352838039398193e-01
4.695878177881240845e-02
-2.266167700290679932e-01
-6.211980432271957397e-02
-1.449934486299753189e-02
-3.476975485682487488e-02
7.161350548267364502e-02
-3.036268241703510284e-02
1.858853697776794434e-01
-1.121495813131332397e-01
-1.838867217302322388e-01
3.559038937091827393e-01
-1.890813559293746948e-01
-1.693609505891799927e-01
-1.253076493740081787e-01
4.871904850006103516e-03
-7.620116323232650757e-02
5.836664140224456787e-02
-5.182905495166778564e-02
-4.366123676300048828e-02
1.677880063652992249e-02
2.265663817524909973e-02
-1.072178035974502563e-01
-3.929685056209564209e-02
1.139288395643234253e-01
-2.107052318751811981e-02
4.531719908118247986e-02
-3.581787347793579102e-01
-2.666847780346870422e-02
-6.583046913146972656e-02
3.546126186847686768e-02
-8.362643420696258545e-02
-1.639357954263687134e-01
-7.756069302558898926e-02
1.556160151958465576e-01
2.257506549358367920e-02
1.161019057035446167e-01
-1.940182410180568695e-02
-3.625516593456268311e-02
5.244830250740051270e-02
-5.574757605791091919e-02
1.168964356184005737e-01
6.942170858383178711e-02
1.802392750978469849e-01
-1.666785329580307007e-01
-6.665442883968353271e-02
2.713591232895851135e-02
5.339523777365684509e-02
3.804879263043403625e-03
4.925323277711868286e-02
-8.337978273630142212e-03
-2.526128888130187988e-01
8.311183191835880280e-03
5.311624407768249512e-01
-1.671788245439529419e-01
-5.937465280294418335e-02
2.481433749198913574e-02
5.476037412881851196e-02
2.889063209295272827e-02
1.332866996526718140e-01
1.614226773381233215e-02
1.012426838278770447e-01
-8.242918550968170166e-02
1.410599648952484131e-01
-1.783670857548713684e-02
-1.293537914752960205e-01
2.336457185447216034e-02
3.538307175040245056e-02
2.293265014886856079e-01
-4.121185466647148132e-02
-4.066761583089828491e-03
-1.685720682144165039e-01
1.458139270544052124e-01
5.346567928791046143e-02
2.017823234200477600e-02
5.888684466481208801e-02
7.423190400004386902e-03
1.171639636158943176e-01
-1.862619370222091675e-01
2.907836437225341797e-02
1.049180626869201660e-01
1.122612357139587402e-01
-5.877372622489929199e-02
-1.845985651016235352e-01
-4.713954403996467590e-03
-1.220080256462097168e-01
-9.851115755736827850e-03
3.148115053772926331e-02
-2.110770940780639648e-01
1.107715517282485962e-01
1.061253901571035385e-02
5.742316320538520813e-02
6.037037447094917297e-02
-3.720923513174057007e-02
-2.561542764306068420e-02
1.283329874277114868e-01
3.561443090438842773e-02
-1.833796501159667969e-02
-3.935082256793975830e-02
1.317789778113365173e-03
-1.539122164249420166e-01
2.422365248203277588e-01
3.083883598446846008e-02
1.992276124656200409e-02
2.408724278211593628e-02
-3.110762536525726318e-01
-4.841540008783340454e-03
6.379535794258117676e-02
-1.678494513034820557e-01
2.541346102952957153e-02
1.059451550245285034e-01
1.305365562438964844e-01
5.842278152704238892e-02
-2.088557556271553040e-02
-1.268117129802703857e-01
-1.688947677612304688e-01
1.037367731332778931e-01
7.005333155393600464e-02
-1.108166798949241638e-01
2.491443417966365814e-02
2.522184513509273529e-02
1.112587228417396545e-01
2.258781902492046356e-02
-2.938611619174480438e-02
4.084668308496475220e-02
-1.545031815767288208e-01
-1.497004032135009766e-01
-1.705380342900753021e-02
-1.749287992715835571e-01
1.754542253911495209e-02
-1.558887958526611328e-01
2.578263916075229645e-02
4.795589298009872437e-02
7.711321115493774414e-02
-3.849538415670394897e-02
4.726726189255714417e-02
8.731370419263839722e-02
1.840357109904289246e-02
-1.132537722587585449e-01
1.352998614311218262e-01
-2.270744368433952332e-02
-2.140277624130249023e-02
1.598729789257049561e-01
9.144121408462524414e-02
-1.672623455524444580e-01
-1.812964305281639099e-02
-1.866849362850189209e-01
-8.023098111152648926e-02
-2.914963662624359131e-02
1.042257100343704224e-01
-1.851208508014678955e-01
-1.142330747097730637e-02
8.507300168275833130e-02
5.960885435342788696e-02
-6.399625539779663086e-02
1.535494327545166016e-01
-1.692724525928497314e-01
-1.770159900188446045e-01
4.119948297739028931e-02
2.343865036964416504e-01
-3.050458058714866638e-02
-2.616535685956478119e-02
-1.523663401603698730e-01
-9.194342419505119324e-03
-3.065363168716430664e-01
1.021208614110946655e-02
4.817836359143257141e-02
-2.491361647844314575e-02
1.192673482000827789e-02
-2.263080701231956482e-02
5.757243931293487549e-02
-8.970607817173004150e-02
-3.445536643266677856e-02
-1.657335758209228516e-01
-3.007814101874828339e-02
-1.779304742813110352e-01
-5.784560367465019226e-02
3.812906891107559204e-02
6.016692519187927246e-02
-6.957733631134033203e-02
-2.242966368794441223e-02
-2.848900109529495239e-02
5.814621970057487488e-02
-6.251910328865051270e-02
5.440715700387954712e-02
3.814837336540222168e-02
1.299788951873779297e-01
-1.029898412525653839e-02
1.771928928792476654e-02
-1.627971529960632324e-01
2.692719101905822754e-01
5.868115276098251343e-02
-1.926755607128143311e-01
-3.668234869837760925e-02
-7.004927843809127808e-02
-1.100803762674331665e-01
1.862361580133438110e-01
-1.229829341173171997e-02
2.180714532732963562e-02
8.972571790218353271e-02
6.363461911678314209e-02
1.422901451587677002e-01
-9.179281443357467651e-02
1.071797311305999756e-01
-1.505826599895954132e-02
-2.561591565608978271e-03
-4.015776887536048889e-02
1.130284518003463745e-01
-2.749905586242675781e-01
2.726354077458381653e-02
9.937269985675811768e-02
-4.634170979261398315e-02
5.514182895421981812e-02
-2.665851116180419922e-01
-2.819853089749813080e-02
-3.898615390062332153e-02
-1.096306443214416504e-01
-7.473833858966827393e-02
-3.107448481023311615e-02
-1.740486919879913330e-01
-3.907787799835205078e-02
-2.678829059004783630e-02
5.913378298282623291e-02
-2.100916206836700439e-02
-8.626109361648559570e-02
-3.654447197914123535e-02
-8.360435068607330322e-02
-2.345835603773593903e-02
-3.239049017429351807e-02
2.796413749456405640e-02
-2.246902883052825928e-02
1.114193722605705261e-01
-1.052124649286270142e-01
1.046099662780761719e-01
-1.283448934555053711e-01
2.642488293349742889e-02
6.802649796009063721e-02
9.273223578929901123e-02
-9.117042645812034607e-03
1.230195164680480957e-01
1.421032566577196121e-02
7.594786584377288818e-02
1.605364084243774414e-01
1.214515976607799530e-02
5.607626959681510925e-02
-1.176314204931259155e-01
-1.549678444862365723e-01
7.376053929328918457e-02
-3.247246891260147095e-02
-1.050408482551574707e-01
1.110193058848381042e-01
3.617912530899047852e-01
-9.954924136400222778e-02
-1.050286926329135895e-02
1.391842216253280640e-02
-2.242239005863666534e-02
2.085763961076736450e-03
5.603634938597679138e-02
6.091464310884475708e-02
2.246699482202529907e-01
-2.504593320190906525e-02
-7.804927974939346313e-02
-1.647882014513015747e-01
-1.110002398490905762e-03
4.251310974359512329e-02
5.481844395399093628e-02
2.387983724474906921e-03
-1.767234690487384796e-02
-1.151435002684593201e-01
-1.525560617446899414e-01
-1.449187397956848145e-01
7.537795603275299072e-02
-1.976737976074218750e-01
-1.541523188352584839e-01
1.084709390997886658e-01
4.445973783731460571e-02
-6.012906879186630249e-02
5.979266762733459473e-02
9.804114699363708496e-02
2.157218754291534424e-02
1.398400589823722839e-02
1.400010585784912109e-01
1.486568450927734375e-01
-4.375611245632171631e-02
1.113892160356044769e-02
-2.093949541449546814e-02
8.489651978015899658e-02
2.420241758227348328e-02
-1.444811932742595673e-02
5.053455382585525513e-02
-4.636541381478309631e-02
-2.254978008568286896e-02
-8.210030198097229004e-02
1.150658875703811646e-01
4.951732605695724487e-02
-6.796770542860031128e-02
-1.524609923362731934e-01
2.019893936812877655e-02
-1.383462846279144287e-01
8.048398792743682861e-02
4.954737052321434021e-02
-1.331509836018085480e-02
-1.429259479045867920e-01
5.213061720132827759e-02
3.729034215211868286e-03
2.095052972435951233e-03
1.103648841381072998e-01
-1.976584196090698242e-01
1.520646214485168457e-01
-1.453783661127090454e-01
1.471035368740558624e-02
-2.637338638305664062e-01
7.804113626480102539e-02
-9.029433131217956543e-02
9.297753870487213135e-02
8.052458614110946655e-02
1.857089623808860779e-02
1.722832210361957550e-02
4.215236753225326538e-02
2.621496841311454773e-02
1.373679004609584808e-02
-2.056090161204338074e-03
-1.472485437989234924e-02
2.827926538884639740e-02
9.718763828277587891e-02
-1.037206798791885376e-01
1.138913333415985107e-01
-3.806008771061897278e-02
6.241148337721824646e-03
-1.536657810211181641e-01
8.692504465579986572e-02
1.846345141530036926e-02
9.699228405952453613e-02
-1.960339210927486420e-02
2.347000241279602051e-01
-1.358683705329895020e-01
-5.808683112263679504e-03
-1.473637521266937256e-01
-1.015610322356224060e-01
5.125385150313377380e-02
-1.836560480296611786e-02
-2.352245151996612549e-01
-1.526968926191329956e-01
-3.206059336662292480e-02
-3.035942092537879944e-02
-3.684926927089691162e-01
-3.278724476695060730e-02
1.132473573088645935e-01
1.319337338209152222e-01
-2.143142819404602051e-01
-3.440076485276222229e-03
6.532169133424758911e-02
2.326922714710235596e-01
1.209241300821304321e-01
-1.550561934709548950e-01
-1.329551935195922852e-01
1.216036975383758545e-01
-1.277245283126831055e-01
-1.268863677978515625e-01
1.701120659708976746e-02
9.305125474929809570e-02
1.033375933766365051e-01
1.191247254610061646e-01
-7.697968930006027222e-02
6.464698910713195801e-02
1.468450576066970825e-01
-7.326754927635192871e-02
-1.504093036055564880e-02
1.076774969696998596e-01
1.344143897294998169e-01
-1.465147733688354492e-01
-1.074198111891746521e-01
-1.198567152023315430e-01
5.683591961860656738e-02
3.622944653034210205e-02
1.396159827709197998e-01
-1.067091226577758789e-01
-1.491611264646053314e-02
-1.376179605722427368e-01
-1.351789571344852448e-02
-1.544528827071189880e-02
-5.074124038219451904e-02
-2.707638777792453766e-02
1.627821475267410278e-02
1.251172721385955811e-01
-1.003424674272537231e-01
1.107186302542686462e-01
-7.470566034317016602e-02
-5.619504302740097046e-02
-1.596258878707885742e-01
-1.985465362668037415e-02
-2.664205431938171387e-02
7.192761451005935669e-02
1.429277956485748291e-01
-1.886756569147109985e-01
-1.727169454097747803e-01
-1.175263524055480957e-02
-4.416012763977050781e-02
4.952580854296684265e-02
-3.293113783001899719e-03
-9.371574223041534424e-02
6.592857092618942261e-02
-2.881744503974914551e-02
2.959372848272323608e-02
-1.695067584514617920e-01
-5.760414153337478638e-02
-2.706599608063697815e-02
4.715023562312126160e-02
3.595723211765289307e-02
1.129084900021553040e-01
1.750690862536430359e-02
-1.171612069010734558e-01
-6.025418639183044434e-03
-1.074477583169937134e-01
-1.137118265032768250e-01
-2.306600846350193024e-02
1.683685034513473511e-01
2.443993091583251953e-01
-3.178912401199340820e-02
1.935411989688873291e-02
4.028637334704399109e-02
-1.646651774644851685e-01
-1.578784734010696411e-01
6.684540212154388428e-02
5.976774543523788452e-02
1.554027013480663300e-02
2.902918457984924316e-01
4.564025253057479858e-02
-1.012313887476921082e-01
-2.859341911971569061e-02
-8.657525479793548584e-02
-1.159295439720153809e-03
2.145237848162651062e-02
2.058330774307250977e-01
-9.005251526832580566e-02
1.731538213789463043e-02
2.344899624586105347e-02
5.817481130361557007e-02
7.747557759284973145e-02
-2.298511937260627747e-02
6.313320249319076538e-02
1.057894825935363770e-01
5.296986922621726990e-02
-9.374338202178478241e-03
-1.734363660216331482e-02
-4.867593199014663696e-02
2.313926815986633301e-03
4.160987585783004761e-02
1.138389781117439270e-01
9.526619315147399902e-02
-1.348558627068996429e-02
-4.613992571830749512e-02
-5.080068483948707581e-03
-1.612997502088546753e-01
-1.694526225328445435e-01
8.529944717884063721e-02
-3.725093901157379150e-01
5.411726236343383789e-02
1.712487637996673584e-02
3.421239256858825684e-01
1.218297034502029419e-01
1.001028344035148621e-02
-5.872821435332298279e-03
-1.447774283587932587e-02
-4.701651632785797119e-02
2.163465917110443115e-01
1.696353591978549957e-02
-6.610356271266937256e-02
8.792934566736221313e-02
6.107638776302337646e-02
-2.030857466161251068e-02
-1.009604111313819885e-01
-6.207370012998580933e-02
-6.408447772264480591e-02
-5.579670891165733337e-02
1.923644915223121643e-02
-1.359089836478233337e-02
3.105044364929199219e-02
-2.167986705899238586e-02
-1.430487539619207382e-02
8.321130275726318359e-02
-8.731634169816970825e-02
-8.856962621212005615e-02
1.377812176942825317e-01
1.641730591654777527e-02
-2.630586177110671997e-02
-6.294305622577667236e-02
6.965541094541549683e-02
5.193873122334480286e-02
1.484625041484832764e-01
-4.444321990013122559e-02
5.396427214145660400e-02
-3.230095282196998596e-02
-1.980224810540676117e-02
-1.893799193203449249e-02
-7.013174891471862793e-02
6.798987090587615967e-02
1.103841140866279602e-02
1.677609980106353760e-01
-4.988055676221847534e-02
-5.242677778005599976e-02
9.636031836271286011e-02
5.351651459932327271e-02
-2.272882685065269470e-02
-1.195511221885681152e-01
-9.270232915878295898e-02
-1.311197411268949509e-02
-7.866228371858596802e-02
-8.494444191455841064e-02
-2.359957061707973480e-02
4.672278836369514465e-02
2.181808650493621826e-02
-2.067186832427978516e-01
6.519347429275512695e-02
-2.041509933769702911e-02
-2.927230000495910645e-01
1.018321290612220764e-01
2.891210839152336121e-02
-3.232987225055694580e-02
1.133756488561630249e-01
4.263714328408241272e-02
-1.091852113604545593e-01
1.548915654420852661e-01
6.024013459682464600e-02
1.321937441825866699e-01
-7.539262995123863220e-03
-2.760704234242439270e-02
-2.511289529502391815e-02
-1.555861085653305054e-01
-1.912919580936431885e-01
1.512529607862234116e-02
-4.158290475606918335e-02
-7.714620977640151978e-02
-3.665351867675781250e-02
-3.438700363039970398e-02
3.921392560005187988e-01
1.214481741189956665e-01
-3.619525954127311707e-02
6.693838536739349365e-02
-1.585425809025764465e-02
1.762720383703708649e-02
-1.001708488911390305e-02
2.074920013546943665e-02
2.071616053581237793e-02
1.421995311975479126e-01
3.789681196212768555e-01
-9.361405670642852783e-02
-7.428358495235443115e-02
1.451618783175945282e-02
2.594202570617198944e-02
2.402031272649765015e-01
-2.483938261866569519e-02
-1.149879582226276398e-02
-1.703225672245025635e-01
4.625339433550834656e-02
-1.365660727024078369e-01
-3.631249815225601196e-02
1.538081765174865723e-01
-8.991712331771850586e-02
3.195037692785263062e-02
-1.486219316720962524e-01
2.042385935783386230e-01
-2.165401540696620941e-02
2.845972776412963867e-02
1.696274876594543457e-01
5.979613214731216431e-02
7.498553395271301270e-02
-3.205595910549163818e-02
-1.598023250699043274e-02
-5.006287246942520142e-04
1.061789691448211670e-01
-2.694455906748771667e-02
2.664751559495925903e-02
9.417730383574962616e-03
4.819181188941001892e-02
1.641280949115753174e-02
1.057938635349273682e-01
-1.148539781570434570e-01
-1.430905237793922424e-02
8.595882356166839600e-02
1.211202442646026611e-01
2.533396780490875244e-01
5.848499014973640442e-02
-6.567742675542831421e-02
1.714116521179676056e-02
6.184538453817367554e-02
1.074260622262954712e-01
1.702899299561977386e-02
1.276733539998531342e-02
3.421303331851959229e-01
1.249820515513420105e-01
-2.064733393490314484e-02
8.325416594743728638e-02
-1.593531295657157898e-02
-8.845112472772598267e-02
-2.098141163587570190e-01
1.148339211940765381e-01
-1.352190971374511719e-02
1.781892180442810059e-01
7.717285305261611938e-02
-1.130737885832786560e-01
5.597016215324401855e-02
4.393892362713813782e-02
-2.086904458701610565e-02
5.124659091234207153e-02
-2.100503146648406982e-01
2.175869420170783997e-02
3.614448755979537964e-02
-4.547088220715522766e-02
-1.667726188898086548e-01
7.828572392463684082e-02
-1.661201193928718567e-02
1.570021733641624451e-03
1.346904039382934570e-02
1.172299906611442566e-01
1.824159361422061920e-02
8.882430382072925568e-03
5.043724179267883301e-01
1.493660360574722290e-01
-1.042688265442848206e-02
1.695599406957626343e-02
-1.369200944900512695e-01
-8.503551036119461060e-02
-6.176808103919029236e-02
5.993143469095230103e-02
-1.818765103816986084e-01
8.851128816604614258e-02
1.035133451223373413e-01
-5.102141946554183960e-02
-1.629217714071273804e-02
-2.129452377557754517e-01
-3.630289062857627869e-02
3.571185469627380371e-02
-1.919284462928771973e-02
1.408478319644927979e-01
-1.422204636037349701e-02
-9.717734530568122864e-03
2.681479454040527344e-01
-1.018899604678153992e-01
-1.172118447721004486e-02
-1.515046879649162292e-02
2.303973138332366943e-01
1.185527145862579346e-01
5.449307709932327271e-02
-6.404956430196762085e-02
-2.980625629425048828e-02
8.103834092617034912e-02
2.198270708322525024e-02
2.450818195939064026e-03
1.103746891021728516e-01
-5.236273258924484253e-02
-5.185372382402420044e-02
1.147940848022699356e-02
-1.345874965190887451e-01
1.041109710931777954e-01
3.551849722862243652e-02
-4.038172960281372070e-02
1.257877796888351440e-01
1.094253361225128174e-02
-7.213338464498519897e-02
-9.018350392580032349e-03
-2.629558183252811432e-02
2.884545363485813141e-02
1.144405454397201538e-01
-2.106096446514129639e-01
-1.801276952028274536e-02
3.768284246325492859e-02
5.255411937832832336e-02
-1.447161138057708740e-01
6.279450654983520508e-02
2.471559047698974609e-01
2.042290754616260529e-02
1.062979474663734436e-01
3.178732693195343018e-01
1.152455061674118042e-01
1.070296317338943481e-01
-4.165685176849365234e-02
-4.420977458357810974e-02
6.982627511024475098e-02
1.217575818300247192e-01
-1.659958064556121826e-02
-4.177743569016456604e-03
4.553431272506713867e-02
-2.925283834338188171e-02
1.721581816673278809e-02
1.068910807371139526e-01
-6.908657401800155640e-02
5.269510298967361450e-02
1.028315052390098572e-01
1.713285744190216064e-01
3.221046179533004761e-02
1.614094525575637817e-02
-8.243707567453384399e-02
1.382173970341682434e-02
-1.401575654745101929e-01
-1.696702241897583008e-01
1.253336966037750244e-01
1.251921616494655609e-02
-9.486429393291473389e-03
1.150634884834289551e-01
-1.106892898678779602e-01
1.625044643878936768e-01
-8.784556388854980469e-02
3.078676201403141022e-02
1.809026598930358887e-01
7.750339806079864502e-02
-9.427656233310699463e-02
3.943141549825668335e-03
1.260924246162176132e-02
8.822062611579895020e-02
6.504209712147712708e-03
3.002751991152763367e-02
-7.246893644332885742e-02
1.271589696407318115e-01
-1.254950463771820068e-02
1.297562122344970703e-01
1.383775323629379272e-01
-4.123259335756301880e-03
-5.456786230206489563e-02
-1.637794673442840576e-01
-7.544133067131042480e-02
-3.652136027812957764e-02
-4.557418450713157654e-02
1.038948968052864075e-01
9.483245015144348145e-02
-2.853977307677268982e-02
4.261150583624839783e-02
-5.078662931919097900e-02
1.641748473048210144e-02
-1.877682656049728394e-02
2.321977354586124420e-02
5.551423877477645874e-02
-2.277321517467498779e-01
-2.266914583742618561e-02
2.524427771568298340e-01
-1.410955563187599182e-02
4.228175431489944458e-02
1.031491309404373169e-01
1.269731819629669189e-01
2.433508038520812988e-01
5.916450545191764832e-02
4.386845976114273071e-03
-1.771777682006359100e-02
1.263598799705505371e-01
1.845968514680862427e-02
1.588820517063140869e-01
9.538442641496658325e-02
1.145240664482116699e-01
