7.514189928770065308e-05
3.259468376636505127e-01
1.130532473325729370e-05
-1.420546323060989380e-05
1.444307994097471237e-02
-1.295702531933784485e-04
-3.828573971986770630e-05
9.159557521343231201e-06
8.522216230630874634e-02
9.995409250259399414e-01
1.709118366241455078e+00
7.833940908312797546e-04
1.276833936572074890e-04
1.313299775123596191e+00
6.584357470273971558e-05
1.235110685229301453e-04
9.332131594419479370e-05
-2.755690366029739380e-05
-9.297300130128860474e-05
5.016755312681198120e-05
3.082939386367797852e-01
7.450084686279296875e-01
3.288220614194869995e-05
4.992913454771041870e-05
6.658863276243209839e-05
1.461121559143066406e+00
3.055762499570846558e-05
9.945919513702392578e-01
1.718802377581596375e-04
-9.392667561769485474e-05
-4.365015774965286255e-05
9.524529576301574707e-01
-1.236991956830024719e-04
3.669066354632377625e-04
1.821946352720260620e-05
1.861853525042533875e-04
1.015169546008110046e-04
-4.946161061525344849e-05
5.359482020139694214e-05
1.152558252215385437e-04
8.807610720396041870e-05
3.528995439410209656e-04
2.539856359362602234e-04
6.348919123411178589e-05
9.571126699447631836e-01
-5.351472645998001099e-05
-4.266668111085891724e-05
5.729841589927673340e-01
1.125736162066459656e-04
-7.267761975526809692e-05
5.069295875728130341e-03
-4.055071622133255005e-05
7.680189013481140137e-01
-5.443859845399856567e-05
1.172525808215141296e-04
-8.540228009223937988e-07
-4.758127033710479736e-06
3.128279373049736023e-02
-1.587439328432083130e-05
-8.066184818744659424e-06
1.119775697588920593e-04
-4.508066922426223755e-05
-8.999276906251907349e-05
8.682440966367721558e-05
-1.486111432313919067e-05
1.153833698481321335e-02
3.732423298060894012e-03
1.931292936205863953e-04
3.218157216906547546e-04
-4.630256444215774536e-05
3.556720912456512451e-06
9.907316416501998901e-05
-5.655456334352493286e-05
-1.467065885663032532e-04
-8.331704884767532349e-05
2.297477051615715027e-02
-1.271534711122512817e-05
-4.689861088991165161e-05
-5.449820309877395630e-05
2.228429466485977173e-01
-1.468230038881301880e-05
-2.126861363649368286e-05
1.001162454485893250e-04
1.453548222780227661e-01
-1.018242910504341125e-04
9.347833395004272461e-01
4.326505586504936218e-04
-1.569278538227081299e-06
4.689209163188934326e-06
5.457829684019088745e-05
4.560779780149459839e-05
-5.485583096742630005e-05
6.575416773557662964e-05
-2.350378781557083130e-05
-2.612639218568801880e-05
3.547398373484611511e-02
9.485062360763549805e-01
1.061363145709037781e-04
1.899404451251029968e-04
2.174765989184379578e-02
2.016416311264038086e+00
-9.133387356996536255e-05
7.776450365781784058e-05
1.928312703967094421e-04
-2.588797360658645630e-05
1.455051824450492859e-04
1.550745218992233276e-05
6.775371730327606201e-06
-7.497239857912063599e-05
-6.117392331361770630e-05
1.702709123492240906e-04
-2.055335789918899536e-05
1.307530328631401062e-04
-2.373941242694854736e-06
-1.172618940472602844e-04
4.010004922747612000e-04
-1.131789758801460266e-04
2.403091639280319214e-05
8.369516581296920776e-05
-7.181335240602493286e-05
1.033882331103086472e-02
1.353425905108451843e-04
-1.837778836488723755e-05
1.274004131555557251e-01
2.047223970293998718e-04
2.094377279281616211e-01
6.113480776548385620e-05
1.368951052427291870e-05
-7.041264325380325317e-05
8.120129816234111786e-03
1.337578535079956055e+00
-1.611281186342239380e-05
5.055046677589416504e-01
5.720090121030807495e-05
-1.390464603900909424e-06
3.562401980161666870e-05
-1.569278538227081299e-06
2.127272635698318481e-01
1.422595232725143433e-05
-7.914472371339797974e-05
1.264018937945365906e-04
-8.027721196413040161e-05
7.325670868158340454e-02
3.747176378965377808e-05
6.953906267881393433e-05
-9.249616414308547974e-05
6.577651016414165497e-03
-8.924771100282669067e-05
4.936289042234420776e-05
5.762664601206779480e-02
1.760885000228881836e+00
2.288518100976943970e-01
2.459716051816940308e-05
1.927256584167480469e+00
9.606592357158660889e-06
4.091663286089897156e-04
-1.536207273602485657e-04
-5.992222577333450317e-05
3.199093043804168701e-06
6.697606295347213745e-05
-3.366637974977493286e-05
6.667803972959518433e-05
7.025848142802715302e-03
7.576774805784225464e-05
-2.743769437074661255e-05
3.866385668516159058e-05
-3.605056554079055786e-05
-4.356075078248977661e-05
6.720919609069824219e-01
-9.145308285951614380e-05
9.567179679870605469e-01
-3.944803029298782349e-05
6.957004778087139130e-03
-1.337099820375442505e-05
-4.171300679445266724e-05
-6.874091923236846924e-06
1.568626612424850464e-05
-1.091556623578071594e-04
1.710156910121440887e-03
4.004687070846557617e-08
1.824926584959030151e-05
1.126714706420898438e+00
-6.108451634645462036e-05
2.212713472545146942e-03
2.390546724200248718e-04
-1.867301762104034424e-06
-7.804203778505325317e-05
2.151800155639648438e+00
2.408130094408988953e-04
2.149771898984909058e-05
1.422440528869628906e+00
1.144892051815986633e-01
1.966459676623344421e-04
-3.798771649599075317e-05
8.156604319810867310e-02
6.167124956846237183e-05
3.192853182554244995e-05
9.806103706359863281e-01
7.880758494138717651e-05
-8.585024625062942505e-05
-1.019733026623725891e-04
2.960069105029106140e-04
3.786633722484111786e-03
5.006564781069755554e-02
2.412032335996627808e-05
1.407953143119812012e+00
1.157354563474655151e-05
2.698134630918502808e-05
-3.703404217958450317e-05
-1.262594014406204224e-05
9.055390954017639160e-01
3.344221040606498718e-04
1.354246377944946289e+00
4.309220239520072937e-04
-2.007652074098587036e-05
4.577441141009330750e-04
8.569192141294479370e-05
5.502144806087017059e-03
-4.549790173768997192e-05
-4.725623875856399536e-05
-2.305675297975540161e-05
-8.364487439393997192e-05
2.131890505552291870e-05
1.664860174059867859e-04
5.082320421934127808e-05
-5.926657468080520630e-05
8.977483958005905151e-05
-1.138048246502876282e-04
-4.990864545106887817e-05
-1.390744000673294067e-05
-7.291324436664581299e-06
1.527471467852592468e-04
-9.330082684755325317e-05
-7.097888737916946411e-05
-5.080271512269973755e-05
3.264169208705425262e-03
9.773205965757369995e-05
3.498992621898651123e-01
-6.013084203004837036e-05
2.346467226743698120e-05
1.037424877285957336e-01
5.885648131370544434e-01
1.605193130671977997e-03
-8.236337453126907349e-05
-1.807976514101028442e-05
-2.743769437074661255e-05
3.995401784777641296e-04
1.061987131834030151e-05
-3.849435597658157349e-05
-4.081893712282180786e-05
-2.886820584535598755e-05
1.679761335253715515e-04
-4.385877400636672974e-05
1.717638224363327026e-05
-3.727246075868606567e-05
-2.375142648816108704e-04
5.249213427305221558e-05
-5.950499325990676880e-05
-1.653926447033882141e-04
-4.600454121828079224e-05
-1.459289342164993286e-05
2.336008474230766296e-04
9.696875214576721191e-01
1.883013173937797546e-04
1.401733607053756714e-05
8.444022387266159058e-05
7.323681116104125977e-01
3.926856443285942078e-04
9.046029299497604370e-05
8.986424654722213745e-05
2.721976488828659058e-05
-3.584194928407669067e-05
-5.115754902362823486e-06
6.954185664653778076e-06
-1.337723806500434875e-04
1.080436632037162781e-04
1.681838870048522949e+00
-6.388593465089797974e-05
-5.056150257587432861e-06
8.265487849712371826e-06
-4.454422742128372192e-05
-6.781984120607376099e-05
1.586508005857467651e-05
1.510847639292478561e-02
7.069000005722045898e-01
-5.837250500917434692e-05
3.902889788150787354e-01
1.708371564745903015e-04
1.007122918963432312e-04
1.066131517291069031e-04
1.119775697588920593e-04
1.805825158953666687e-04
-5.795527249574661255e-05
-2.430845052003860474e-05
1.321726083755493164e+00
-6.346870213747024536e-05
1.834360882639884949e-02
-8.066184818744659424e-06
2.534221857786178589e-05
3.497116267681121826e-06
8.252740651369094849e-02
7.767509669065475464e-05
-1.988010480999946594e-04
3.422317802906036377e-01
-1.447992399334907532e-04
-8.745957165956497192e-05
5.090935155749320984e-04
7.840300351381301880e-02
2.870988100767135620e-05
1.589422672986984253e-01
1.285774633288383484e-04
-8.358526974916458130e-05
-4.341173917055130005e-05
-8.483417332172393799e-06
1.625251024961471558e-05
-1.644063740968704224e-05
1.104669049382209778e-01
2.650450915098190308e-05
4.569999873638153076e-06
1.226226799190044403e-03
1.703305169939994812e-04
-9.830761700868606567e-05
3.949832171201705933e-05
1.592084288597106934e+00
2.948474138975143433e-05
5.168840289115905762e-07
4.300577566027641296e-04
1.698921434581279755e-03
-4.937220364809036255e-05
-7.103849202394485474e-05
1.864371776580810547e+00
1.589488238096237183e-05
5.451869219541549683e-05
2.065682172775268555e+00
4.980992525815963745e-05
-2.195406705141067505e-05
9.662650227546691895e-01
-2.767611294984817505e-05
-5.577970296144485474e-05
-4.767347127199172974e-05
-9.195972234010696411e-05
1.830523729324340820e+00
7.663676738739013672e-01
1.144213601946830750e-04
-6.442237645387649536e-05
2.596806734800338745e-05
1.452397555112838745e-05
-3.900099545717239380e-05
-8.185673505067825317e-05
-1.050997525453567505e-05
-3.446824848651885986e-06
7.165621034801006317e-03
6.268732249736785889e-06
2.118360042572021484e+00
1.110835000872612000e-04
1.151019707322120667e-01
4.605483263731002808e-05
-1.254277303814888000e-04
1.625251024961471558e-05
1.100106164813041687e-04
1.235706731677055359e-04
-7.422734051942825317e-05
-5.190540105104446411e-05
-4.180241376161575317e-05
1.993281766772270203e-04
9.224843233823776245e-05
5.991877242922782898e-02
-1.170234754681587219e-04
-3.101397305727005005e-05
5.722276493906974792e-02
1.852018758654594421e-04
-2.681184560060501099e-05
3.154317848384380341e-03
2.131996676325798035e-02
4.375083371996879578e-04
-9.508896619081497192e-05
-7.946975529193878174e-06
-1.268554478883743286e-05
-1.137452200055122375e-04
1.275343820452690125e-04
-1.021521165966987610e-04
-8.874107152223587036e-05
4.608463495969772339e-05
-1.712609082460403442e-05
2.596806734800338745e-05
3.282260149717330933e-05
3.675930202007293701e-06
2.469975873827934265e-02
6.303847432136535645e-01
5.484282374382019043e-01
6.936024874448776245e-05
1.717312261462211609e-04
2.796482294797897339e-05
1.648468896746635437e-04
3.210734575986862183e-05
-6.844289600849151611e-06
7.833074778318405151e-05
1.269291155040264130e-03
-6.445217877626419067e-05
2.347888052463531494e-01
2.748618833720684052e-03
1.479182671755552292e-02
1.497669145464897156e-04
-6.221700459718704224e-05
2.749068662524223328e-04
2.968115732073783875e-04
8.017849177122116089e-05
7.439684122800827026e-05
1.300973817706108093e-04
1.127226278185844421e-04
-6.853509694337844849e-05
-7.530022412538528442e-05
-7.231719791889190674e-06
2.620648592710494995e-05
9.069871157407760620e-05
2.830108106136322021e-01
-5.133915692567825317e-05
2.517251297831535339e-02
4.066629335284233093e-04
1.596584558486938477e+00
6.453227251768112183e-05
4.420988261699676514e-06
3.633303567767143250e-04
1.146567892283201218e-02
1.236129522323608398e+00
1.156634569168090820e+00
6.432365626096725464e-05
3.364429771900177002e-01
-4.055071622133255005e-05
-8.322764188051223755e-05
-4.290509968996047974e-05
-1.998711377382278442e-05
-2.016313374042510986e-06
1.295907422900199890e-04
-9.198952466249465942e-05
-1.262323930859565735e-04
6.046969294548034668e-01
5.378488823771476746e-02
1.367134973406791687e-04
8.473796769976615906e-04
-6.307847797870635986e-06
1.240773126482963562e-04
1.213098596781492233e-02
7.020692341029644012e-03
-3.000069409608840942e-05
1.127822324633598328e-04
4.414677321910858154e-01
1.693796366453170776e-05
1.226468011736869812e-04
1.405823588371276855e+00
5.419086664915084839e-05
-1.325178891420364380e-05
1.287847518920898438e+00
-4.147458821535110474e-05
-7.744599133729934692e-05
1.943836688995361328e+00
1.581121087074279785e-01
4.495214670896530151e-05
-7.383991032838821411e-05
1.366734266281127930e+00
1.410953700542449951e-06
-3.029592335224151611e-06
-2.013612538576126099e-05
-1.062918454408645630e-05
-3.798771649599075317e-05
1.571606844663619995e-05
1.384420320391654968e-04
7.648459672927856445e-01
-1.266198232769966125e-04
7.627020590007305145e-03
-7.676053792238235474e-05
1.115631312131881714e-05
1.738499850034713745e-05
2.808403223752975464e-05
5.290905945003032684e-03
-2.559917047619819641e-04
1.154374331235885620e-05
1.163315027952194214e-05
1.198438834398984909e-02
9.518820643424987793e-01
-2.039270475506782532e-04
-6.850529462099075317e-05
-7.350929081439971924e-06
-1.900363713502883911e-05
1.317052483558654785e+00
4.548858851194381714e-05
5.612801760435104370e-05
2.745340578258037567e-03
2.233218401670455933e-05
-5.506444722414016724e-05
-2.603698521852493286e-05
7.604718804359436035e-01
1.205010339617729187e-04
-8.424092084169387817e-05
3.782367706298828125e-01
-1.998711377382278442e-05
-3.950763493776321411e-05
5.618762224912643433e-05
-2.779532223939895630e-05
5.212528631091117859e-04
2.989048361778259277e-01
-9.675510227680206299e-06
8.281273767352104187e-04
1.196186423301696777e+00
2.152752131223678589e-05
1.162367224693298340e+00
8.533708751201629639e-06
1.113517209887504578e-04
7.636379450559616089e-05
-2.010632306337356567e-05
1.078542947769165039e+00
1.084010116755962372e-03
2.159280702471733093e-04
1.935195177793502808e-05
1.548929139971733093e-04
5.821418017148971558e-05
1.253869771957397461e+00
-3.059394657611846924e-06
1.833867281675338745e-05
9.735662341117858887e-01
2.626846544444561005e-03
-3.193784505128860474e-05
1.384745351970195770e-03
1.228599786758422852e+00
6.723818778991699219e-01
-9.136274456977844238e-07
4.447530955076217651e-05
-1.294808462262153625e-04
-1.123743131756782532e-04
-2.120900899171829224e-05
9.484539739787578583e-03
-4.630256444215774536e-05
4.938284866511821747e-03
-6.379652768373489380e-05
2.820892259478569031e-04
-1.909332349896430969e-04
3.658781573176383972e-02
1.042587682604789734e-04
-1.551676541566848755e-05
-4.925299435853958130e-05
-5.101133137941360474e-05
2.590846270322799683e-05
-1.167226582765579224e-05
-1.870561391115188599e-05
6.486009806394577026e-05
-1.328159123659133911e-05
-2.666283398866653442e-05
-4.233885556459426880e-05
2.775620669126510620e-05
-1.211650669574737549e-06
1.021428033709526062e-04
7.708863019943237305e-01
-1.599090173840522766e-04
5.707247182726860046e-04
2.191495150327682495e-05
1.303385943174362183e-05
1.738499850034713745e-05
-8.626747876405715942e-05
-1.525180414319038391e-04
1.191301271319389343e-04
6.944048404693603516e-01
-7.622409611940383911e-05
1.935683339834213257e-01
-5.101133137941360474e-05
8.861534297466278076e-06
9.880135767161846161e-03
-6.978679448366165161e-05
3.231596201658248901e-05
-3.278451040387153625e-04
-1.402664929628372192e-05
1.351017784327268600e-02
4.506442844867706299e-01
-1.611281186342239380e-05
1.326557636260986328e+00
-2.231169492006301880e-05
7.126759737730026245e-05
-5.539227277040481567e-05
7.818453013896942139e-06
-1.358585432171821594e-04
1.291744410991668701e-06
7.144641131162643433e-05
1.137862633913755417e-02
8.864235132932662964e-05
4.277657717466354370e-05
5.764793604612350464e-05
3.637773916125297546e-04
1.346273347735404968e-04
-1.837499439716339111e-06
5.136243999004364014e-06
2.016548439860343933e-02
-1.149345189332962036e-05
-5.664397031068801880e-05
-1.441407948732376099e-05
1.047853901982307434e-01
3.090183250606060028e-03
1.241845265030860901e-01
2.252362728118896484e+00
7.118267565965652466e-02
9.372780323028564453e-01
-2.618599683046340942e-05
-4.347134381532669067e-05
-1.884298399090766907e-04
1.017283648252487183e-05
-7.601547986268997192e-05
-4.362035542726516724e-05
-8.501578122377395630e-05
7.701586484909057617e-01
1.718689054250717163e-01
-1.197652891278266907e-04
-2.082157880067825317e-05
5.705188959836959839e-05
-2.151625230908393860e-04
8.950941264629364014e-06
-1.533227041363716125e-04
-6.391573697328567505e-05
1.391446232795715332e+00
-8.662510663270950317e-05
5.478691309690475464e-05
2.224277704954147339e-05
2.847889363765716553e-01
-1.003034412860870361e-06
-4.278589040040969849e-05
-3.885198384523391724e-05
2.146791666746139526e-05
8.444301784038543701e-06
7.383059710264205933e-05
1.759035512804985046e-04
9.946863166987895966e-03
1.698238775134086609e-04
-5.890615284442901611e-06
-3.432203084230422974e-05
6.089638918638229370e-05
-4.743505269289016724e-05
1.398129388689994812e-04
-8.796621114015579224e-05
-9.466893970966339111e-06
5.926890298724174500e-04
2.001924440264701843e-04
2.137850970029830933e-05
3.174971789121627808e-05
-7.434654980897903442e-05
1.504821702837944031e-04
2.599786967039108276e-05
-1.774625852704048157e-04
-8.698273450136184692e-05
-4.326272755861282349e-05
1.320949643850326538e-01
2.871267497539520264e-06
5.345593206584453583e-03
4.808418452739715576e-06
1.001162454485893250e-04
8.068513125181198120e-05
-6.364751607179641724e-05
-3.139870241284370422e-04
-7.205177098512649536e-05
-4.961062222719192505e-05
1.582763716578483582e-02
3.616325557231903076e-06
5.219411104917526245e-05
1.165373250842094421e-04
4.573864862322807312e-04
-4.671979695558547974e-05
-3.616977483034133911e-05
-9.145308285951614380e-05
2.248119562864303589e-05
-4.042871296405792236e-06
-1.521902158856391907e-04
1.303385943174362183e-05
-8.513219654560089111e-06
5.103607103228569031e-02
2.593826502561569214e-05
1.253364682197570801e+00
-4.585552960634231567e-05
9.195040911436080933e-05
1.656515523791313171e-04
1.449417322874069214e-05
-1.230733469128608704e-04
4.638265818357467651e-05
1.112027000635862350e-02
-3.304053097963333130e-05
3.345115110278129578e-04
-4.171300679445266724e-05
-6.427336484193801880e-05
2.521429955959320068e-01
4.267795011401176453e-04
1.926254481077194214e-05
1.530749723315238953e-04
-5.193520337343215942e-05
-4.552770406007766724e-05
1.427633687853813171e-04
-3.014970570802688599e-05
2.121729776263237000e-04
1.483779996633529663e-01
5.732290446758270264e-06
-3.893859684467315674e-06
-1.293616369366645813e-04
-8.334405720233917236e-06
-4.934240132570266724e-05
1.464290544390678406e-04
-9.833741933107376099e-05
-7.953215390443801880e-05
-5.399156361818313599e-05
8.682720363140106201e-06
2.784654498100280762e-07
-4.949141293764114380e-05
-5.801487714052200317e-05
-4.654098302125930786e-05
6.012152880430221558e-05
2.878402769565582275e-01
1.265807077288627625e-04
4.129625856876373291e-01
1.358790323138237000e-04
4.420988261699676514e-06
-1.025991514325141907e-04
2.781606018543243408e-01
-6.254483014345169067e-05
9.101433679461479187e-04
6.882380694150924683e-05
-2.296734601259231567e-05
-5.729962140321731567e-05
1.581115648150444031e-04
-1.715589314699172974e-05
-1.360941678285598755e-05
8.977483958005905151e-05
-4.174280911684036255e-05
8.103386312723159790e-02
-1.028077676892280579e-04
1.911353319883346558e-05
2.150434970855712891e+00
-1.790095120668411255e-05
2.589626237750053406e-04
-8.996296674013137817e-05
3.914348781108856201e-06
3.079604357481002808e-05
4.552285186946392059e-03
-3.789830952882766724e-05
3.209273330867290497e-03
1.745028421282768250e-04
-3.250408917665481567e-05
-5.661416798830032349e-05
-7.797963917255401611e-06
8.229445666074752808e-05
-5.646515637636184692e-05
7.266628742218017578e-01
-8.382368832826614380e-05
-3.262329846620559692e-05
1.277266144752502441e+00
6.775007396936416626e-02
1.024408265948295593e-04
5.851499736309051514e-06
1.349253579974174500e-04
3.064703196287155151e-05
1.225275918841362000e-04
3.180932253599166870e-05
-3.363657742738723755e-05
-5.390215665102005005e-05
-9.181071072816848755e-05
1.268489286303520203e-04
2.209358662366867065e-01
1.419450879096984863e+00
9.649025797843933105e-01
-4.955101758241653442e-05
2.791975066065788269e-02
9.430479258298873901e-05
-1.029567793011665344e-04
3.526918590068817139e-06
5.344860255718231201e-06
2.666310593485832214e-02
1.425780504941940308e-01
1.438701629638671875e+00
-1.392560079693794250e-04
-5.124974995851516724e-05
1.172535121440887451e-06
1.649064943194389343e-04
-1.038806512951850891e-04
-4.314351826906204224e-05
-3.542471677064895630e-05
1.226146891713142395e-01
4.636712968349456787e-01
-4.379916936159133911e-05
-1.512961462140083313e-04
-6.844568997621536255e-05
-8.814502507448196411e-05
1.663668081164360046e-04
-4.758406430482864380e-05
-9.187031537294387817e-05
1.307077288627624512e+00
-1.569278538227081299e-06
-1.292396336793899536e-05
1.181466504931449890e-04
-3.059394657611846924e-06
2.227257937192916870e-05
1.220662593841552734e+00
2.972315996885299683e-05
3.416342660784721375e-04
2.053482457995414734e-04
1.662217617034912109e+00
-4.213023930788040161e-05
9.494642727077007294e-03
-3.771856427192687988e-07
-3.015296533703804016e-04
-4.585552960634231567e-05
-5.681999027729034424e-06
-3.894139081239700317e-05
1.293523237109184265e-04
9.105633944272994995e-05
-3.417022526264190674e-06
2.578897401690483093e-04
9.451340883970260620e-05
-1.777894794940948486e-06
7.553026080131530762e-07
-1.086788251996040344e-04
-2.126861363649368286e-05
3.845907375216484070e-02
5.209007263183593750e-01
-5.557108670473098755e-05
-9.392667561769485474e-05
1.226766034960746765e-04
4.063360393047332764e-06
5.313257686793804169e-03
-1.601772382855415344e-04
1.228852197527885437e-04
1.354021951556205750e-04
-6.838608533143997192e-05
-3.577368333935737610e-04
-3.223586827516555786e-05
-5.589891225099563599e-05
9.851936101913452148e-01
-1.092748716473579407e-04
2.132471501827239990e-01
1.659197732806205750e-04
4.474353045225143433e-05
1.091773986816406250e+00
-6.874371320009231567e-05
2.364407293498516083e-03
1.635057851672172546e-04
2.711219713091850281e-04
3.069893643260002136e-02
-2.243090420961380005e-05
-3.587175160646438599e-05
7.356237620115280151e-05
3.172982931137084961e-01
7.722806185483932495e-05
-2.642441540956497192e-05
4.140567034482955933e-05
1.415438503026962280e-01
-7.291603833436965942e-05
8.160900324583053589e-05
2.921624109148979187e-04
7.580034434795379639e-06
9.448866359889507294e-03
-3.846455365419387817e-05
-2.752142027020454407e-04
-3.813672810792922974e-05
1.705689355731010437e-04
7.654260843992233276e-05
-1.900363713502883911e-05
2.035005018115043640e-04
-6.984639912843704224e-05
1.764995977282524109e-04
6.620120257139205933e-05
-1.879502087831497192e-05
1.745028421282768250e-04
1.365048810839653015e-04
-5.870033055543899536e-05
1.444024965167045593e-04
-6.796885281801223755e-05
-1.724530011415481567e-05
-4.996825009584426880e-05
-5.074311047792434692e-05
1.376075670123100281e-04
1.997780054807662964e-05
1.180124521255493164e+00
1.308589816093444824e+00
1.592561602592468262e-07
-8.304603397846221924e-06
6.175313517451286316e-02
8.205603808164596558e-05
-9.601283818483352661e-05
1.071197912096977234e-04
-4.081893712282180786e-05
2.174580574035644531e+00
6.596557796001434326e-06
-3.891158849000930786e-05
-4.058051854372024536e-05
1.773525401949882507e-02
1.249741762876510620e-05
-1.253653317689895630e-05
7.907859981060028076e-06
-1.769233494997024536e-05
-1.049237325787544250e-04
-1.110630109906196594e-04
1.827906817197799683e-05
3.109406679868698120e-05
2.263020724058151245e-05
-3.074603155255317688e-04
4.927627742290496826e-06
1.466291069984436035e+00
-7.199216634035110474e-05
1.090877890586853027e+00
1.299934387207031250e+00
7.089180871844291687e-04
3.228615969419479370e-05
-1.440541818737983704e-04
3.611098043620586395e-03
1.344393007457256317e-03
6.369156762957572937e-04
-2.025533467531204224e-05
-5.473662167787551880e-05
-8.480716496706008911e-05
-5.300808697938919067e-05
-6.445217877626419067e-05
-2.338457852602005005e-05
3.118525259196758270e-03
-6.695277988910675049e-06
-1.745391637086868286e-05
3.261398524045944214e-05
-2.365279942750930786e-05
8.068513125181198120e-05
4.450790584087371826e-06
2.924632281064987183e-05
-4.692841321229934692e-05
3.538560122251510620e-05
6.867874413728713989e-02
-2.165324985980987549e-06
4.007620736956596375e-04
-5.104113370180130005e-05
-4.394818097352981567e-05
-4.251487553119659424e-06
1.269681379199028015e-04
-6.972718983888626099e-05
6.441306322813034058e-05
-1.235771924257278442e-05
-5.408097058534622192e-05
7.775864750146865845e-02
-3.968644887208938599e-05
3.482846319675445557e-01
3.526832759380340576e-01
-4.347134381532669067e-05
-6.215739995241165161e-05
-1.793075352907180786e-05
4.084346592426300049e-01
8.778376504778862000e-04
-9.440351277589797974e-05
-6.951857358217239380e-05
-5.786586552858352661e-05
5.330548807978630066e-02
-1.158285886049270630e-05
2.640588209033012390e-04
-1.620547845959663391e-04
2.459716051816940308e-05
1.856191083788871765e-04
1.674745604395866394e-02
5.735030174255371094e-01
1.672608777880668640e-04
1.105422973632812500e+00
-6.930995732545852661e-05
-4.549510776996612549e-06
1.937445402145385742e+00
-4.889536648988723755e-05
-8.105207234621047974e-05
-7.410533726215362549e-06
-1.059668138623237610e-04
9.316460043191909790e-02
1.539194583892822266e+00
4.365592896938323975e-01
-9.517837315797805786e-05
3.338884562253952026e-05
-2.952413633465766907e-04
-2.705352380871772766e-04
-9.812880307435989380e-05
1.275614619255065918e+00
-3.500748425722122192e-05
1.872610300779342651e-05
-3.903079777956008911e-05
-4.844833165407180786e-05
1.678569242358207703e-04
9.925197809934616089e-05
-1.083808019757270813e-04
9.788107126951217651e-05
1.068217679858207703e-04
1.198178052902221680e+00
-1.146988943219184875e-04
1.970354914665222168e+00
3.934931010007858276e-05
-2.940464764833450317e-05
1.737575046718120575e-03
9.347032755613327026e-05
3.681706488132476807e-01
-1.090960577130317688e-04
