2.095285430550575256e-02
4.076089262962341309e-01
1.940326765179634094e-04
2.650176174938678741e-03
2.953521013259887695e-01
1.539602875709533691e-01
3.822790458798408508e-04
7.036660797894001007e-03
4.376649856567382812e-01
4.984926581382751465e-01
6.008178591728210449e-01
3.095375597476959229e-01
4.906157031655311584e-02
4.183832406997680664e-01
1.984107866883277893e-02
3.016886711120605469e-01
1.632289886474609375e-01
1.685340888798236847e-03
-3.205640241503715515e-04
1.052275765687227249e-02
4.152239859104156494e-01
3.916496634483337402e-01
2.900110557675361633e-04
1.688382402062416077e-02
1.931181922554969788e-02
4.971584677696228027e-01
-3.510247915983200073e-05
4.663991630077362061e-01
1.249894276261329651e-01
5.630301311612129211e-04
1.085196621716022491e-03
5.039369463920593262e-01
1.508938148617744446e-04
1.162475571036338806e-01
1.303898170590400696e-04
7.175955921411514282e-02
2.518952265381813049e-02
8.038477972149848938e-04
6.285940296947956085e-03
5.467524006962776184e-02
2.333313599228858948e-02
1.673427224159240723e-01
7.352892309427261353e-02
1.575312390923500061e-02
4.769768714904785156e-01
1.529159098863601685e-01
5.667348578572273254e-02
4.000315368175506592e-01
1.011860445141792297e-01
5.604792386293411255e-05
5.045248866081237793e-01
6.572054699063301086e-04
4.120310842990875244e-01
2.920674160122871399e-04
3.522284701466560364e-02
4.980312660336494446e-04
2.927218563854694366e-03
3.534158468246459961e-01
3.256695345044136047e-04
4.051374271512031555e-04
4.877832904458045959e-02
5.523209460079669952e-03
1.355307176709175110e-04
2.182729914784431458e-02
3.117220476269721985e-04
3.282143473625183105e-01
4.433634281158447266e-01
5.112398043274879456e-02
1.694924980401992798e-01
4.275934770703315735e-04
1.573460176587104797e-04
2.719012275338172913e-02
1.289431937038898468e-03
1.821706071496009827e-02
1.928250491619110107e-01
5.209406614303588867e-01
1.804207451641559601e-03
-3.237081691622734070e-04
6.568329408764839172e-04
4.489481151103973389e-01
5.382765084505081177e-05
1.018634904175996780e-02
6.910770386457443237e-02
4.776752591133117676e-01
5.799997597932815552e-05
4.079992175102233887e-01
1.227727755904197693e-01
7.086293771862983704e-04
8.156048133969306946e-04
6.792490370571613312e-03
1.181012857705354691e-02
1.741992309689521790e-04
6.566479057073593140e-02
5.953479558229446411e-05
3.638314083218574524e-04
4.006435871124267578e-01
4.337270259857177734e-01
1.057552173733711243e-01
1.480149030685424805e-01
3.265486955642700195e-01
6.497038006782531738e-01
2.155456319451332092e-02
1.212944462895393372e-01
8.519387990236282349e-02
2.902657166123390198e-02
1.296070683747529984e-02
8.206535130739212036e-05
1.036267448216676712e-02
1.470982003957033157e-02
3.215866163372993469e-04
4.242384806275367737e-02
1.471536234021186829e-04
4.546918347477912903e-02
6.982134655117988586e-04
-8.603138849139213562e-04
1.065970286726951599e-01
5.576480180025100708e-05
2.185003831982612610e-04
6.249389424920082092e-02
2.290504053235054016e-04
2.544484138488769531e-01
5.952200666069984436e-02
3.350888378918170929e-03
5.789224505424499512e-01
7.543758302927017212e-02
3.358346819877624512e-01
-1.305295154452323914e-04
1.864944770932197571e-02
-3.347648307681083679e-04
4.565320611000061035e-01
5.550824403762817383e-01
1.347707584500312805e-04
4.413416981697082520e-01
1.102498248219490051e-01
6.902860477566719055e-04
9.778250940144062042e-03
1.089443452656269073e-03
3.817207217216491699e-01
2.482612617313861847e-03
4.272358492016792297e-04
6.013930216431617737e-02
-5.893958732485771179e-04
3.432559370994567871e-01
1.015855837613344193e-02
1.512267161160707474e-02
2.928584814071655273e-01
3.228823840618133545e-01
1.103924587368965149e-04
-3.291200846433639526e-05
3.864638507366180420e-01
5.610948801040649414e-01
3.844756186008453369e-01
1.357347238808870316e-02
6.200966835021972656e-01
1.183525193482637405e-02
2.224066853523254395e-01
1.558998823165893555e-01
3.319834358990192413e-03
2.357949502766132355e-03
5.857648327946662903e-02
-2.540005370974540710e-04
1.647252216935157776e-02
4.032554626464843750e-01
1.868938282132148743e-02
-4.713935777544975281e-04
8.146018534898757935e-02
5.789892747998237610e-04
9.923921898007392883e-04
4.796742498874664307e-01
1.642517745494842529e-01
4.833214282989501953e-01
3.969864919781684875e-04
3.269561529159545898e-01
4.489021375775337219e-04
2.001570537686347961e-04
5.250321701169013977e-04
6.850992329418659210e-03
-4.150224849581718445e-04
2.171434164047241211e-01
3.047632053494453430e-04
6.359492428600788116e-03
4.236639142036437988e-01
2.390657551586627960e-03
2.159044146537780762e-01
9.059917181730270386e-02
6.432877853512763977e-04
2.448903396725654602e-04
1.188944697380065918e+00
2.357517182826995850e-01
6.360759027302265167e-03
4.896352291107177734e-01
3.716351389884948730e-01
5.990970507264137268e-02
4.448209889233112335e-03
5.950905084609985352e-01
1.534556318074464798e-02
-1.239730045199394226e-04
5.576101541519165039e-01
1.257436573505401611e-01
1.393305137753486633e-04
2.341317012906074524e-04
1.016339436173439026e-01
2.726227641105651855e-01
3.164375424385070801e-01
1.086788251996040344e-04
6.733424663543701172e-01
1.564519479870796204e-04
2.666939981281757355e-03
5.981162562966346741e-02
1.008306629955768585e-03
5.747342705726623535e-01
2.591458559036254883e-01
4.316480457782745361e-01
1.799418628215789795e-01
1.618042737245559692e-01
2.584208548069000244e-01
3.964066877961158752e-02
2.949782609939575195e-01
-4.595024511218070984e-04
3.146873787045478821e-04
5.500484257936477661e-05
9.946990758180618286e-05
5.636708810925483704e-04
9.651745110750198364e-02
1.041821911931037903e-01
1.160715706646442413e-03
1.595603302121162415e-02
1.398669555783271790e-04
1.371447928249835968e-03
6.074653938412666321e-04
1.428415067493915558e-03
4.219589009881019592e-02
4.750389233231544495e-02
1.477347686886787415e-04
3.084008581936359406e-03
4.891349673271179199e-01
1.208005025982856750e-01
3.968116641044616699e-01
9.513366967439651489e-05
3.721313551068305969e-04
5.872582197189331055e-01
5.296432375907897949e-01
3.453600704669952393e-01
1.761360764503479004e-01
2.891318872570991516e-04
1.345375180244445801e-01
1.103444471955299377e-01
2.483921125531196594e-04
5.303965881466865540e-04
2.728775143623352051e-07
-5.537522956728935242e-04
3.116628900170326233e-02
1.728126704692840576e-01
1.334147527813911438e-04
4.852220788598060608e-02
2.210433632135391235e-01
3.610337153077125549e-02
1.193629577755928040e-04
2.055301219224929810e-01
2.807294018566608429e-03
-2.300990745425224304e-04
1.166258081793785095e-01
4.218325316905975342e-01
-1.648182980716228485e-03
2.715932205319404602e-04
3.110939636826515198e-02
4.182758331298828125e-01
1.185109987854957581e-01
3.663862124085426331e-02
1.696948893368244171e-03
1.612641289830207825e-02
1.964871771633625031e-03
4.339043982326984406e-03
2.342336773872375488e-01
1.514417398720979691e-02
3.306214883923530579e-02
5.885905623435974121e-01
1.697884872555732727e-04
3.832178190350532532e-04
4.918049648404121399e-02
2.081816084682941437e-03
6.790924817323684692e-05
2.230750396847724915e-04
2.991212904453277588e-01
7.067223191261291504e-01
3.664706833660602570e-03
3.774107694625854492e-01
4.291239753365516663e-02
6.971090286970138550e-02
2.982741966843605042e-02
7.283527404069900513e-02
8.183050900697708130e-02
3.092037513852119446e-04
3.249411471188068390e-03
4.438803791999816895e-01
-1.112651079893112183e-05
4.054016470909118652e-01
-4.233075305819511414e-04
-1.861257478594779968e-04
5.302922800183296204e-04
3.398032188415527344e-01
3.561912849545478821e-02
2.861016392707824707e-01
4.003274440765380859e-01
2.483193948864936829e-02
5.784379318356513977e-04
2.824414372444152832e-01
4.323577582836151123e-01
-1.291139051318168640e-04
3.552963733673095703e-01
8.232171088457107544e-02
-2.963375300168991089e-05
5.184865370392799377e-02
1.126338727772235870e-03
1.257305033504962921e-03
8.844183757901191711e-04
3.234854340553283691e-01
8.713250048458576202e-03
-3.015203401446342468e-04
3.127876520156860352e-01
5.930909886956214905e-02
4.900409653782844543e-02
5.366054549813270569e-02
5.649994611740112305e-01
-1.801950857043266296e-04
1.847272813320159912e-01
1.439201980829238892e-01
2.144680321216583252e-01
4.827128723263740540e-04
1.124935224652290344e-04
5.946796536445617676e-01
2.160498872399330139e-02
1.373793650418519974e-02
6.661680340766906738e-01
1.904085651040077209e-02
-5.500717088580131531e-04
4.176195859909057617e-01
1.944499090313911438e-04
1.475031375885009766e-01
-2.479087561368942261e-05
-1.071061007678508759e-03
6.583910584449768066e-01
1.063776493072509766e+00
7.287050038576126099e-02
4.758583381772041321e-04
1.298537552356719971e-01
2.033117786049842834e-02
2.537997439503669739e-02
5.195485427975654602e-04
4.043476656079292297e-04
-3.392649814486503601e-04
2.989748120307922363e-01
4.274253733456134796e-03
6.839302182197570801e-01
8.131293207406997681e-02
3.276748359203338623e-01
2.158880606293678284e-02
9.485487826168537140e-03
1.665431633591651917e-02
9.713170677423477173e-02
3.672016039490699768e-02
9.143846109509468079e-04
7.307995110750198364e-05
-1.148413866758346558e-05
1.283107399940490723e-01
2.426542714238166809e-02
3.127090930938720703e-01
-7.295412942767143250e-04
1.211200840771198273e-03
3.928417265415191650e-01
8.763603121042251587e-02
3.500748425722122192e-05
2.177487015724182129e-01
2.934069633483886719e-01
1.338614374399185181e-01
-1.193117350339889526e-05
1.823415048420429230e-03
7.203374989330768585e-03
-3.638518974184989929e-04
5.954094603657722473e-02
2.327365875244140625e-01
9.601004421710968018e-06
2.964541688561439514e-02
3.336118534207344055e-04
-1.439852640032768250e-04
-6.749760359525680542e-05
1.489268615841865540e-04
3.607052266597747803e-01
5.337105989456176758e-01
3.942726850509643555e-01
5.373344197869300842e-02
8.431533724069595337e-02
4.928903654217720032e-04
9.769482165575027466e-02
-3.661029040813446045e-06
1.793463714420795441e-03
-2.168072387576103210e-04
2.128198891878128052e-01
-3.657294437289237976e-04
4.444521069526672363e-01
2.489786744117736816e-01
2.712601423263549805e-01
3.876442089676856995e-02
4.820828326046466827e-03
2.387839555740356445e-01
1.636074632406234741e-01
2.938992157578468323e-02
3.429496660828590393e-02
8.720431476831436157e-02
1.848450675606727600e-02
2.569006755948066711e-04
2.960907295346260071e-04
2.807919867336750031e-03
9.365845471620559692e-05
1.244190707802772522e-01
5.214430689811706543e-01
1.126851607114076614e-02
2.921368777751922607e-01
1.472595483064651489e-01
5.082652568817138672e-01
3.823537006974220276e-02
9.050999768078327179e-03
1.632176339626312256e-01
2.958670556545257568e-01
9.238324761390686035e-01
4.423593282699584961e-01
1.599479094147682190e-02
5.005021691322326660e-01
2.474682405591011047e-04
-7.317615672945976257e-04
3.707604482769966125e-04
1.260851509869098663e-03
3.872592933475971222e-03
4.481040313839912415e-02
6.357495673000812531e-03
2.374363318085670471e-02
3.706221878528594971e-01
4.413808584213256836e-01
1.972739584743976593e-03
3.738465011119842529e-01
1.191084273159503937e-03
6.307064741849899292e-02
2.995741367340087891e-01
2.516263723373413086e-01
3.271447494626045227e-04
2.564136870205402374e-03
3.652402460575103760e-01
8.750860579311847687e-03
9.211794286966323853e-02
7.324847579002380371e-01
1.291204392910003662e-01
9.192992001771926880e-05
4.101513028144836426e-01
2.810751087963581085e-03
2.094195485115051270e-01
6.207173466682434082e-01
3.480552732944488525e-01
3.175735846161842346e-02
4.511224105954170227e-04
8.108210563659667969e-01
7.526402361690998077e-03
1.171426847577095032e-04
2.980266697704792023e-03
-4.579974338412284851e-04
7.297564297914505005e-05
1.985030248761177063e-04
1.035225763916969299e-01
4.201748967170715332e-01
1.627774536609649658e-01
2.957827448844909668e-01
1.631127670407295227e-04
1.826481893658638000e-04
6.220121867954730988e-03
2.404967322945594788e-02
2.362666726112365723e-01
1.642699539661407471e-01
2.714442089200019836e-04
-2.569062635302543640e-04
5.270169377326965332e-01
4.018386006355285645e-01
2.137568891048431396e-01
2.493010833859443665e-04
1.369314268231391907e-04
-5.339039489626884460e-04
5.362138748168945312e-01
4.929456487298011780e-02
1.873481646180152893e-02
2.339002490043640137e-01
1.047948673367500305e-01
1.846458017826080322e-01
3.627436235547065735e-04
4.288018047809600830e-01
6.654603034257888794e-02
6.119357421994209290e-04
4.983084201812744141e-01
2.595444209873676300e-03
-3.697378560900688171e-04
1.240082010626792908e-01
3.041194081306457520e-01
2.074115276336669922e-01
6.508336663246154785e-01
-5.061877891421318054e-04
3.116779327392578125e-01
4.696078300476074219e-01
1.121673807501792908e-01
4.338526725769042969e-01
1.595215871930122375e-04
4.198202863335609436e-02
2.518154084682464600e-01
7.580863311886787415e-04
3.958867788314819336e-01
2.119006514549255371e-01
1.033584997057914734e-01
1.323120668530464172e-04
3.650491312146186829e-02
1.479667890816926956e-02
3.987717628479003906e-01
6.112937815487384796e-03
6.183666363358497620e-02
5.678742527961730957e-01
2.688375115394592285e-01
8.862321265041828156e-03
2.009608894586563110e-01
4.117588400840759277e-01
5.095796585083007812e-01
8.370624855160713196e-04
3.733383491635322571e-04
1.808390319347381592e-01
-4.029227420687675476e-04
2.465890720486640930e-04
2.518993020057678223e-01
1.262669451534748077e-03
2.509311437606811523e-01
-4.421724006533622742e-04
1.968312859535217285e-01
2.302843928337097168e-01
3.937541544437408447e-01
7.940889149904251099e-02
4.276679828763008118e-04
1.149345189332962036e-05
4.822956398129463196e-04
2.132614552974700928e-01
2.051191404461860657e-04
1.193577516824007034e-02
1.603138819336891174e-02
2.338786609470844269e-03
1.178579404950141907e-04
-5.780411884188652039e-04
7.998694665729999542e-03
1.418058760464191437e-03
3.121644631028175354e-02
4.005917310714721680e-01
1.916378736495971680e-01
2.238700985908508301e-01
1.429758667945861816e-01
2.611922100186347961e-04
-3.538830205798149109e-04
7.837461307644844055e-04
3.211214542388916016e-01
1.516288984566926956e-02
4.619709551334381104e-01
-3.616325557231903076e-06
3.421563804149627686e-01
3.770040348172187805e-04
5.009268410503864288e-03
3.987861275672912598e-01
7.395632565021514893e-06
9.889324195683002472e-03
2.370149195194244385e-01
1.048508752137422562e-02
3.627071976661682129e-01
3.597196340560913086e-01
-5.132360383868217468e-04
4.226753115653991699e-01
7.857847958803176880e-05
8.453128486871719360e-02
3.944085910916328430e-04
3.094156272709369659e-03
2.001256644725799561e-01
4.608230665326118469e-04
5.374637618660926819e-02
5.187942981719970703e-01
6.132844462990760803e-02
1.098615303635597229e-01
9.287019260227680206e-03
1.759187579154968262e-01
3.126711025834083557e-02
-4.239482805132865906e-04
1.411539781838655472e-02
2.977917790412902832e-01
4.042883403599262238e-03
7.667886093258857727e-04
7.099257782101631165e-04
6.047722101211547852e-01
2.320768237113952637e-01
3.242282569408416748e-01
7.249067425727844238e-01
3.384251594543457031e-01
4.119709432125091553e-01
4.508716240525245667e-02
3.544883802533149719e-04
1.997180655598640442e-02
3.649373538792133331e-03
1.904437541961669922e-01
1.085532084107398987e-01
2.040758430957794189e-01
4.043102562427520752e-01
5.777927041053771973e-01
1.840061843395233154e-01
1.762439496815204620e-03
1.183986142277717590e-01
2.033392190933227539e-01
3.702091053128242493e-04
1.758177280426025391e-01
7.996428757905960083e-05
4.766592979431152344e-01
1.721130684018135071e-04
1.198030188679695129e-01
1.310603693127632141e-04
3.623366951942443848e-01
-4.167668521404266357e-06
3.813305869698524475e-02
1.952694728970527649e-04
1.576440408825874329e-04
5.298899486660957336e-04
1.222055926918983459e-01
6.467599421739578247e-02
5.984750390052795410e-01
4.054513946175575256e-02
-2.080304548144340515e-04
1.836409568786621094e-01
2.320738509297370911e-02
9.447382763028144836e-04
7.630728930234909058e-02
7.430361583828926086e-04
5.653994157910346985e-04
3.346782326698303223e-01
5.765295401215553284e-02
1.236544921994209290e-04
1.534912455826997757e-02
2.423273399472236633e-04
5.006418004631996155e-02
-2.388013526797294617e-04
2.276826277375221252e-02
1.120911911129951477e-04
5.594437010586261749e-03
4.202670454978942871e-01
4.717652685940265656e-03
3.220438063144683838e-01
1.549740321934223175e-03
3.266116380691528320e-01
2.718821540474891663e-02
2.560364082455635071e-04
1.512305736541748047e-01
4.290914908051490784e-02
4.090373404324054718e-03
3.990587294101715088e-01
4.582898691296577454e-04
3.271001949906349182e-02
2.971163764595985413e-02
1.285939961671829224e-01
5.419080145657062531e-03
1.473550684750080109e-03
1.138048246502876282e-04
4.631746560335159302e-05
2.994881942868232727e-04
1.917512118816375732e-01
1.558111980557441711e-04
1.823799684643745422e-04
3.515799343585968018e-01
2.508968487381935120e-02
5.178650021553039551e-01
8.729565888643264771e-05
1.042472645640373230e-01
9.325046092271804810e-02
1.358734443783760071e-04
1.090214122086763382e-02
3.704680874943733215e-02
2.718875110149383545e-01
1.004533842206001282e-04
1.424839347600936890e-01
2.509032376110553741e-03
1.966850832104682922e-04
4.479895532131195068e-01
3.071423768997192383e-01
-2.817763015627861023e-04
4.595068469643592834e-02
1.043547876179218292e-03
1.484621316194534302e-05
6.094977632164955139e-02
2.043144777417182922e-04
5.205411091446876526e-02
4.066427350044250488e-01
1.066771615296602249e-02
1.513573992997407913e-02
2.825981751084327698e-02
1.459953654557466507e-02
3.890504129230976105e-03
1.722144633531570435e-01
4.685567691922187805e-04
1.045512035489082336e-04
4.766480997204780579e-04
1.392262056469917297e-04
2.248843200504779816e-03
4.467119462788105011e-03
4.263687878847122192e-05
1.297507155686616898e-02
-7.473956793546676636e-05
4.343819022178649902e-01
8.747968822717666626e-02
3.659827113151550293e-01
3.763917461037635803e-02
3.240888006985187531e-03
1.255143433809280396e-05
3.549010157585144043e-01
3.808145411312580109e-03
4.024120271205902100e-01
6.091931834816932678e-02
-5.123121663928031921e-04
3.292132169008255005e-05
2.044189572334289551e-01
3.056441433727741241e-03
1.047367323189973831e-02
6.398672610521316528e-02
2.072798088192939758e-04
3.778117597103118896e-01
1.690881326794624329e-04
1.751380041241645813e-04
9.743743538856506348e-01
3.906236961483955383e-04
8.761283010244369507e-02
8.419041521847248077e-03
7.047642953693866730e-03
-7.341336458921432495e-05
2.709825038909912109e-01
1.867731101810932159e-03
2.697119712829589844e-01
9.000343829393386841e-02
1.958689093589782715e-01
7.097171619534492493e-04
2.093111164867877960e-03
1.295992732048034668e-01
1.104806549847126007e-03
4.269429445266723633e-01
1.772213727235794067e-05
2.306597307324409485e-04
5.436205267906188965e-01
3.051875829696655273e-01
1.135707572102546692e-01
2.616395242512226105e-03
9.089840203523635864e-02
1.423526555299758911e-05
3.303681500256061554e-03
8.955379016697406769e-03
2.118279226124286652e-03
1.419638283550739288e-03
-8.250586688518524170e-06
5.813481286168098450e-02
3.874691724777221680e-01
4.516132473945617676e-01
5.787020325660705566e-01
6.588269025087356567e-05
2.951833605766296387e-01
6.168172135949134827e-02
3.245938569307327271e-05
7.003294304013252258e-04
1.775072887539863586e-04
3.250160217285156250e-01
4.888009428977966309e-01
4.965386390686035156e-01
2.223758697509765625e-01
1.411335542798042297e-04
6.376402452588081360e-04
4.424000158905982971e-02
-3.789765760302543640e-04
1.216431148350238800e-03
1.767198145389556885e-01
4.237562417984008789e-01
4.618213474750518799e-01
-2.611679956316947937e-04
1.958967149257659912e-01
2.103643491864204407e-04
9.660609066486358643e-06
9.737667441368103027e-02
3.476189449429512024e-04
-1.589488238096237183e-05
5.848199129104614258e-01
4.241960123181343079e-04
3.594388253986835480e-03
1.378055959939956665e-01
4.389034584164619446e-04
1.018392015248537064e-02
4.885857999324798584e-01
1.390529274940490723e-01
2.186009660363197327e-02
6.300408393144607544e-02
5.324128270149230957e-01
4.501389339566230774e-04
2.545227408409118652e-01
1.919244416058063507e-03
1.696625351905822754e-01
2.063100226223468781e-03
4.785703495144844055e-04
6.512259133160114288e-03
5.652635172009468079e-02
2.844144590198993683e-03
2.160225994884967804e-03
1.344479024410247803e-01
6.674463301897048950e-02
1.496868208050727844e-04
8.489685133099555969e-04
1.537250354886054993e-04
7.819582708179950714e-03
3.509495854377746582e-01
4.129590988159179688e-01
3.727125003933906555e-04
3.864057362079620361e-06
7.394602149724960327e-02
2.206345088779926300e-03
2.714094519615173340e-01
2.458019852638244629e-01
6.494829803705215454e-02
5.343395844101905823e-02
3.927843645215034485e-04
2.925790250301361084e-01
4.681896045804023743e-02
2.015595324337482452e-03
4.449058771133422852e-01
-8.563054725527763367e-04
9.400261640548706055e-01
2.380890026688575745e-02
1.133192051202058792e-02
4.032780826091766357e-01
2.526091411709785461e-04
3.489896655082702637e-01
7.905230671167373657e-02
6.612245924770832062e-03
4.022115468978881836e-01
2.589868381619453430e-04
1.596942543983459473e-01
1.109883859753608704e-01
4.113747775554656982e-01
4.872733727097511292e-02
2.120514400303363800e-03
1.642932184040546417e-03
4.167971611022949219e-01
3.403769806027412415e-04
1.010626330971717834e-01
1.870640367269515991e-01
2.265023067593574524e-04
2.753389179706573486e-01
5.103801377117633820e-03
2.332177162170410156e-01
3.582064993679523468e-03
9.612170606851577759e-02
6.751596182584762573e-02
2.011557109653949738e-03
7.102674990892410278e-02
9.626345708966255188e-04
6.881854683160781860e-02
2.363616600632667542e-02
1.926963217556476593e-03
4.438226111233234406e-03
8.208697289228439331e-02
1.658843830227851868e-04
1.011597588658332825e-01
4.461454227566719055e-04
5.348567850887775421e-03
1.461552456021308899e-04
6.248848512768745422e-04
2.566039562225341797e-01
2.285874262452125549e-02
4.581175744533538818e-01
4.389688372611999512e-01
7.121730595827102661e-05
2.594296820461750031e-03
4.384635388851165771e-01
2.660361304879188538e-02
2.584344521164894104e-02
6.996094435453414917e-02
-5.155159160494804382e-04
7.031694054603576660e-01
-4.282845184206962585e-04
3.243510611355304718e-03
1.493017841130495071e-02
2.945029735565185547e-01
9.539459832012653351e-03
1.227835286408662796e-02
2.909498289227485657e-04
1.517922282218933105e-01
5.197261646389961243e-02
2.328027039766311646e-05
1.334566343575716019e-02
1.084968913346529007e-02
1.183794811367988586e-04
2.192187011241912842e-01
1.868568956851959229e-01
4.680882096290588379e-01
1.469152048230171204e-04
3.968098759651184082e-01
5.736426115036010742e-01
2.611629366874694824e-01
1.287926919758319855e-03
1.997177898883819580e-01
3.967940807342529297e-01
2.656949758529663086e-01
2.086732089519500732e-01
1.059392560273408890e-02
9.185569360852241516e-04
2.315630465745925903e-01
9.695487096905708313e-04
3.875391557812690735e-04
1.924549229443073273e-03
2.516484260559082031e-01
3.081058152019977570e-03
-4.512472078204154968e-04
-9.534787386655807495e-05
2.939988858997821808e-03
4.978944547474384308e-03
6.790654733777046204e-04
4.841852933168411255e-05
6.366120651364326477e-04
2.558046951889991760e-02
3.449672460556030273e-01
9.706662967801094055e-04
1.321497261524200439e-01
1.523141749203205109e-03
6.166671402752399445e-03
8.556144312024116516e-04
9.987948089838027954e-02
-8.399598300457000732e-06
1.978426054120063782e-02
-3.693504258990287781e-04
1.268284395337104797e-04
3.017872869968414307e-01
1.069624908268451691e-03
4.101088047027587891e-01
4.940096735954284668e-01
2.503590658307075500e-04
1.432793214917182922e-04
9.052266366779804230e-03
3.828997611999511719e-01
2.633498311042785645e-01
-5.466863512992858887e-07
2.718437463045120239e-05
-5.663586780428886414e-04
3.152129650115966797e-01
1.063840463757514954e-04
8.879847824573516846e-02
2.434149384498596191e-01
2.357563748955726624e-02
1.490666437894105911e-02
3.233399391174316406e-01
3.749343752861022949e-01
8.349513262510299683e-02
4.110827445983886719e-01
2.037333324551582336e-04
4.969136789441108704e-04
7.138603329658508301e-01
5.196635611355304718e-03
9.038345888257026672e-04
3.239708021283149719e-04
3.366637974977493286e-05
3.732148408889770508e-01
5.282233357429504395e-01
3.680610954761505127e-01
1.199292019009590149e-04
6.519310921430587769e-02
1.422191262245178223e-01
1.270226240158081055e-01
-9.528351947665214539e-04
4.061990082263946533e-01
2.121227085590362549e-01
1.286024320870637894e-02
7.800506427884101868e-04
5.274389870464801788e-03
4.572826996445655823e-02
2.428427711129188538e-02
2.265105023980140686e-02
2.554366365075111389e-02
3.898451104760169983e-02
4.001160860061645508e-01
1.436393428593873978e-02
6.343886256217956543e-01
3.911945596337318420e-02
7.474427111446857452e-03
2.892922759056091309e-01
6.658124178647994995e-02
4.877341389656066895e-01
1.146988943219184875e-04
