8.207967504858970642e-03
-4.060173779726028442e-02
-1.693617701530456543e-01
-1.249362602829933167e-01
-4.628733545541763306e-02
-1.467362232506275177e-02
-1.252103745937347412e-01
3.029640577733516693e-02
-2.165243960916996002e-02
-3.009521402418613434e-02
-3.612748533487319946e-02
-7.679797708988189697e-02
-1.199604794383049011e-01
-3.287448734045028687e-02
9.646570309996604919e-03
-1.139103434979915619e-02
-6.671589612960815430e-02
-1.276258379220962524e-01
5.900251865386962891e-02
-1.318359375000000000e-01
-4.205249249935150146e-02
-3.415945172309875488e-02
3.709014505147933960e-02
8.437210693955421448e-03
7.617475464940071106e-03
-3.267800062894821167e-02
-1.744647324085235596e-01
-3.017432056367397308e-02
-6.959351897239685059e-02
5.436418950557708740e-02
4.588985443115234375e-02
-4.205849766731262207e-02
-1.422722637653350830e-01
-5.740239471197128296e-02
-1.740572005510330200e-01
1.676252111792564392e-03
5.949961021542549133e-03
-1.330806761980056763e-01
2.760548703372478485e-02
-8.819825202226638794e-02
-1.099353730678558350e-01
-4.206997156143188477e-02
4.248915240168571472e-03
-1.164899244904518127e-01
-3.930367529392242432e-02
-9.478311985731124878e-04
-5.562153458595275879e-02
-2.973392792046070099e-02
-9.274797141551971436e-02
5.578219890594482422e-02
-9.178019315004348755e-02
4.773666709661483765e-02
-3.036065958440303802e-02
5.474963039159774780e-02
-1.212738379836082458e-01
-1.607936322689056396e-01
-1.410275548696517944e-01
-5.251831561326980591e-02
-1.115821301937103271e-01
-1.093559265136718750e-01
9.167546406388282776e-03
2.411728166043758392e-02
-1.388609111309051514e-01
-1.224866360425949097e-01
-1.117513999342918396e-01
-1.741878502070903778e-02
-2.293384633958339691e-02
-3.815965726971626282e-03
-5.078998208045959473e-02
-1.286417990922927856e-01
-1.686634272336959839e-01
-1.098864227533340454e-01
3.977546095848083496e-02
-6.848357617855072021e-02
-1.030232682824134827e-01
-8.122812211513519287e-02
-9.213057905435562134e-02
-1.640755385160446167e-01
4.249111562967300415e-02
-5.014543980360031128e-02
-1.671168357133865356e-01
2.732007019221782684e-02
-6.901996582746505737e-02
-5.929918587207794189e-02
-1.499802321195602417e-01
-3.417443484067916870e-02
-5.312170833349227905e-02
-1.042763963341712952e-01
-1.627851873636245728e-01
-1.369167864322662354e-01
-1.197384670376777649e-01
5.813828110694885254e-02
-5.913094431161880493e-02
-1.674984842538833618e-01
4.041134566068649292e-02
-1.932324282824993134e-02
-3.573148697614669800e-02
-8.171854168176651001e-02
-6.507998704910278320e-02
-2.026331238448619843e-02
-4.395565390586853027e-02
-7.144685834646224976e-02
-8.136665821075439453e-02
-4.328327253460884094e-03
-7.466113567352294922e-02
2.039376832544803619e-02
-1.705714315176010132e-01
-9.174065291881561279e-02
-7.577134668827056885e-02
5.266396701335906982e-02
2.512304112315177917e-03
-1.661842763423919678e-01
-1.123318225145339966e-01
-1.656364947557449341e-01
5.952315777540206909e-02
-4.899402707815170288e-02
-1.516514867544174194e-01
3.687310963869094849e-02
9.281491860747337341e-03
-1.473902612924575806e-01
-2.574843727052211761e-02
6.727496162056922913e-03
-1.354079991579055786e-01
-7.204356789588928223e-02
-3.465639427304267883e-03
-3.019360639154911041e-02
-1.514386534690856934e-01
-8.639159798622131348e-02
6.078175455331802368e-02
-2.187527529895305634e-02
-3.262496739625930786e-02
-1.630148887634277344e-01
-2.765040285885334015e-02
-1.162069104611873627e-02
-1.014647111296653748e-01
-1.292700916528701782e-01
-9.924552589654922485e-02
-4.039401561021804810e-02
-1.430555433034896851e-01
5.171482264995574951e-02
-1.212830320000648499e-01
-1.601557582616806030e-01
-2.463749609887599945e-02
-1.196709349751472473e-01
-1.285906583070755005e-01
-9.727720916271209717e-02
-6.140486150979995728e-02
-1.348195374011993408e-01
3.426719456911087036e-02
-5.322719365358352661e-02
-3.635822236537933350e-02
-2.675196714699268341e-02
8.589262142777442932e-03
-4.205181449651718140e-02
9.365728124976158142e-03
-1.436864398419857025e-02
-1.556415297091007233e-02
2.911697886884212494e-02
-1.022838801145553589e-01
-7.135550677776336670e-02
-1.656283885240554810e-01
2.332126908004283905e-02
-1.757615990936756134e-02
-1.227201968431472778e-01
-1.672523468732833862e-01
-1.182351782917976379e-01
-1.258232295513153076e-01
4.535607248544692993e-02
-4.301707446575164795e-02
-1.267299242317676544e-02
-3.991958498954772949e-02
-1.513622105121612549e-01
-1.571630500257015228e-02
-1.660103499889373779e-01
-1.243090406060218811e-01
-1.062356904149055481e-01
-9.998742491006851196e-02
5.863087624311447144e-02
-2.323423884809017181e-02
-1.650315970182418823e-01
2.997896634042263031e-02
-3.408698737621307373e-02
3.403010964393615723e-02
-4.056788235902786255e-02
-5.966202914714813232e-02
-1.041788458824157715e-01
-1.439155787229537964e-01
-7.420440763235092163e-02
-1.139934547245502472e-02
-1.351931840181350708e-01
-3.619237244129180908e-02
-2.451554499566555023e-02
1.104729250073432922e-03
3.505320101976394653e-02
-7.678084820508956909e-02
-1.131768301129341125e-01
-1.766654998064041138e-01
-3.092190437018871307e-02
-7.874161750078201294e-02
-1.308516114950180054e-01
5.590396374464035034e-02
-5.932129174470901489e-02
-1.702897064387798309e-02
-2.546071074903011322e-02
-1.755163669586181641e-01
-3.708767890930175781e-02
-1.752019822597503662e-01
3.129484504461288452e-02
-5.310458689928054810e-02
-1.641123890876770020e-01
-5.042730271816253662e-02
-6.471703946590423584e-02
-3.308156877756118774e-02
-4.347019642591476440e-02
-1.042418703436851501e-01
-1.126412115991115570e-02
1.164514385163784027e-02
-5.521951615810394287e-02
-1.646709889173507690e-01
-1.512521803379058838e-01
-1.661468595266342163e-01
-1.489115506410598755e-01
-1.493640094995498657e-01
-1.560239121317863464e-03
3.758901730179786682e-03
3.907424211502075195e-02
-1.305489987134933472e-01
-1.397135704755783081e-01
4.397022724151611328e-02
-1.507991999387741089e-01
-9.445128589868545532e-02
5.596445873379707336e-03
-5.871970951557159424e-02
5.189299583435058594e-02
3.645376116037368774e-02
-9.447804838418960571e-02
-2.576975151896476746e-03
-3.875531256198883057e-02
-1.529046297073364258e-01
-1.545254290103912354e-01
-7.437726855278015137e-02
-5.052407085895538330e-02
-8.077546954154968262e-02
-9.331964701414108276e-02
-1.151388138532638550e-01
-1.208327896893024445e-02
-5.347172170877456665e-02
-1.689906716346740723e-01
4.316707700490951538e-02
-1.642893850803375244e-01
-1.677230745553970337e-01
1.570726744830608368e-02
-7.294665277004241943e-02
-1.730616837739944458e-01
-6.295337527990341187e-02
-8.669535070657730103e-02
1.581628434360027313e-02
5.776640027761459351e-02
-9.241814166307449341e-02
3.835399448871612549e-02
-1.680017113685607910e-01
-6.578946858644485474e-02
-3.095656447112560272e-02
2.588091231882572174e-02
-1.690417230129241943e-01
-9.431371092796325684e-02
-3.614493459463119507e-02
-5.590391159057617188e-02
1.139388419687747955e-02
2.776354365050792694e-02
-9.166102856397628784e-02
-1.347622871398925781e-01
-1.354882419109344482e-01
-6.330130249261856079e-02
-7.047868520021438599e-02
-1.034324243664741516e-01
-3.561334311962127686e-02
-1.249775364995002747e-01
-1.544424444437026978e-01
-6.791698932647705078e-02
4.116676002740859985e-02
-1.524344086647033691e-01
-1.697140187025070190e-01
-2.112582512199878693e-02
-6.577039510011672974e-02
2.747487090528011322e-02
-3.599911183118820190e-02
-4.714565351605415344e-03
-6.196757405996322632e-02
-1.190415844321250916e-01
-7.300186157226562500e-02
6.532538682222366333e-04
5.371354520320892334e-02
3.548759967088699341e-02
-3.208377212285995483e-02
-1.635561287403106689e-01
-1.815067045390605927e-02
-1.697936058044433594e-01
-1.740907430648803711e-01
-1.665234416723251343e-01
-2.552767656743526459e-02
-8.859135210514068604e-02
-1.472179032862186432e-02
-3.933054208755493164e-02
-6.620696932077407837e-02
5.409194529056549072e-02
-7.049405574798583984e-02
-5.870280414819717407e-02
-1.745323687791824341e-01
-2.724365703761577606e-02
-1.077204346656799316e-01
-1.575851738452911377e-01
-5.982568114995956421e-02
-1.638632118701934814e-01
-1.609854102134704590e-01
-1.642882078886032104e-01
-3.653772920370101929e-02
-1.262238174676895142e-01
-1.709733456373214722e-01
-7.433130592107772827e-02
-9.550848975777626038e-03
-5.732559412717819214e-02
-6.957583874464035034e-02
-4.119671881198883057e-02
-1.755687743425369263e-01
-2.302653901278972626e-02
-4.798330366611480713e-02
-4.209347814321517944e-02
4.206395894289016724e-02
-1.285105496644973755e-01
-3.799597918987274170e-02
1.951610483229160309e-02
-1.197646483778953552e-01
-4.501528292894363403e-02
1.313587091863155365e-02
-1.688936650753021240e-01
-3.106669150292873383e-02
-1.175716295838356018e-01
-1.188084669411182404e-02
-1.609349250793457031e-01
6.205294281244277954e-02
-3.875314444303512573e-02
-7.946673035621643066e-02
-5.360361188650131226e-02
4.845318943262100220e-02
-1.009892486035823822e-02
1.925454102456569672e-02
-7.488433271646499634e-02
5.200692266225814819e-02
-1.089222356677055359e-01
-1.699712276458740234e-01
-1.740324683487415314e-02
-9.976898878812789917e-02
-4.615140706300735474e-02
-1.152643337845802307e-01
-2.834285609424114227e-02
-9.158725291490554810e-02
-7.304069399833679199e-02
1.809799857437610626e-02
-1.070422381162643433e-01
1.585398800671100616e-02
5.187423527240753174e-02
-1.681961417198181152e-01
-1.627339273691177368e-01
-6.747009605169296265e-02
-1.131508722901344299e-01
-2.681509964168071747e-02
5.880169570446014404e-02
-1.270429641008377075e-01
-2.081251330673694611e-02
-5.477050319314002991e-03
-1.646271347999572754e-01
-3.854997456073760986e-02
-4.259277135133743286e-02
-4.623728990554809570e-02
-1.570115536451339722e-01
-9.441430866718292236e-02
-8.931618183851242065e-02
5.811943858861923218e-02
-9.090219438076019287e-02
-1.057450100779533386e-01
5.694489926099777222e-02
1.554260216653347015e-02
-1.153575927019119263e-01
-1.738863438367843628e-01
-1.768789440393447876e-01
-1.734488457441329956e-01
-1.884798891842365265e-02
-2.859997190535068512e-02
-3.575795888900756836e-02
-7.575285434722900391e-02
-8.042251691222190857e-03
-1.557168364524841309e-01
3.423990681767463684e-03
-1.753960102796554565e-01
-1.175008490681648254e-01
3.151445090770721436e-02
-4.378478229045867920e-02
6.169702112674713135e-02
-4.889988154172897339e-02
-4.815689474344253540e-02
-4.058346897363662720e-02
5.182644352316856384e-03
-8.111853152513504028e-02
-5.959226936101913452e-02
-5.483479052782058716e-02
1.211581937968730927e-02
1.277210004627704620e-02
-9.311909228563308716e-02
2.084276266396045685e-02
-1.476743966341018677e-01
-1.409659385681152344e-01
-9.438607096672058105e-02
-1.761344522237777710e-01
-3.666749224066734314e-03
-5.795631557703018188e-02
-8.006550371646881104e-02
-4.104301333427429199e-02
-4.592014104127883911e-02
-3.421083837747573853e-02
1.567134819924831390e-02
2.913709916174411774e-02
-4.465918242931365967e-02
-4.848381131887435913e-02
-4.770673811435699463e-02
-3.497361391782760620e-02
-1.197432428598403931e-01
-5.318824946880340576e-02
-1.246062144637107849e-01
6.161043792963027954e-02
5.272089689970016479e-02
-1.463630795478820801e-01
-1.383092999458312988e-01
-1.031925380229949951e-01
-7.711353898048400879e-02
-6.788060814142227173e-02
-3.149216622114181519e-02
-6.434400379657745361e-02
-1.388745605945587158e-01
-1.835539750754833221e-02
-9.450367838144302368e-02
-8.801817148923873901e-02
-1.991889439523220062e-02
-4.157713055610656738e-02
-1.535119265317916870e-01
-1.397194713354110718e-01
-3.076232783496379852e-02
-9.719782322645187378e-02
-9.014608711004257202e-02
-3.977012634277343750e-02
-1.611685380339622498e-03
-1.662019044160842896e-01
-3.278052061796188354e-02
3.895523399114608765e-02
-6.380806863307952881e-02
-3.935376554727554321e-02
-3.778830915689468384e-02
1.572750695049762726e-02
5.005692690610885620e-02
-4.327469319105148315e-02
3.043388016521930695e-02
-1.701761931180953979e-01
-8.969090133905410767e-02
-1.696610748767852783e-01
-1.576993167400360107e-01
-1.700337231159210205e-01
-7.446333020925521851e-02
-3.004371188580989838e-02
-1.469055190682411194e-03
-5.229400098323822021e-02
5.365157872438430786e-02
-1.694481968879699707e-01
-1.029007956385612488e-01
1.980497501790523529e-02
-2.539815194904804230e-02
-1.969395019114017487e-02
-1.683476716279983521e-01
-1.718491911888122559e-01
-2.798951230943202972e-02
-3.152085840702056885e-02
-8.953105658292770386e-02
5.031842738389968872e-02
-1.660882085561752319e-01
-1.691170483827590942e-01
-3.214396536350250244e-02
-7.374533265829086304e-02
1.110254041850566864e-02
-2.177317626774311066e-02
-1.389456726610660553e-02
-1.436123065650463104e-02
-1.137518361210823059e-01
-2.973248250782489777e-02
-8.522474765777587891e-02
5.220387130975723267e-02
-2.631045691668987274e-02
-8.976244181394577026e-02
-1.651938110589981079e-01
-1.083126440644264221e-01
-1.046849116683006287e-01
-4.888471961021423340e-02
-7.006334513425827026e-02
-1.704144328832626343e-01
-1.215846650302410126e-02
-3.659107536077499390e-02
-1.156232878565788269e-01
-3.147245943546295166e-02
-1.697994619607925415e-01
1.478292979300022125e-02
-9.815102443099021912e-03
-1.643974483013153076e-01
-3.311651945114135742e-02
-4.469916969537734985e-02
-6.611828505992889404e-02
-1.728762090206146240e-01
-1.251927465200424194e-01
-1.098554283380508423e-01
-3.252932429313659668e-02
3.169764578342437744e-02
-5.660157650709152222e-02
-3.117408789694309235e-02
-5.423273891210556030e-02
2.620253525674343109e-02
-3.939077258110046387e-02
-3.313694149255752563e-02
-2.841760031878948212e-02
-1.016998440027236938e-01
3.717765957117080688e-02
-3.792556002736091614e-03
5.839644372463226318e-02
-1.145131736993789673e-01
-3.944404423236846924e-02
4.490746557712554932e-02
-4.408790916204452515e-02
-1.620209068059921265e-01
-2.073496021330356598e-02
-9.426194429397583008e-02
-5.971397459506988525e-02
-1.186071187257766724e-01
-1.529993116855621338e-01
-1.573803275823593140e-01
4.482308775186538696e-02
-1.102253235876560211e-02
-1.627389937639236450e-01
2.405714429914951324e-02
-1.228812187910079956e-01
-9.203879535198211670e-02
-1.596056967973709106e-01
-1.659514605998992920e-01
-1.322879493236541748e-01
-9.933549910783767700e-02
1.765906624495983124e-02
-3.083660639822483063e-02
-5.782896652817726135e-03
-5.228009819984436035e-02
-9.709940850734710693e-02
-1.691050231456756592e-01
-1.744604557752609253e-01
5.232001841068267822e-02
-2.000932209193706512e-02
-1.318390071392059326e-01
-4.072134196758270264e-02
-1.631118059158325195e-01
-2.928904630243778229e-02
4.428128153085708618e-02
-9.984134882688522339e-02
-7.447122037410736084e-02
-1.544162929058074951e-01
-1.031961664557456970e-01
-7.499163970351219177e-03
2.756265364587306976e-02
-1.697881706058979034e-02
-3.119743801653385162e-02
-1.693207025527954102e-01
-3.293392062187194824e-02
-1.688123941421508789e-01
6.399726495146751404e-03
-1.317663937807083130e-01
-1.084592267870903015e-01
-7.543703541159629822e-03
-1.638410687446594238e-01
1.173315383493900299e-02
-8.643337339162826538e-02
-7.552406936883926392e-02
3.929531201720237732e-03
-1.342746019363403320e-01
-4.629103839397430420e-02
-7.419269531965255737e-04
-1.708259582519531250e-01
2.509871684014797211e-02
-2.285564132034778595e-02
-1.323357373476028442e-01
4.743517190217971802e-02
-1.650501936674118042e-01
-2.975341491401195526e-02
-4.264383018016815186e-02
-2.905432693660259247e-02
-4.502689838409423828e-02
-4.190570861101150513e-02
-3.438609838485717773e-02
-6.637419760227203369e-02
-1.513282656669616699e-01
-6.526371836662292480e-02
-1.086253002285957336e-01
-9.912801906466484070e-03
-1.576150022447109222e-02
-1.085150316357612610e-01
-3.067856468260288239e-02
-2.798159979283809662e-02
-9.039341658353805542e-02
-1.438706070184707642e-01
-1.032959856092929840e-02
-8.197362720966339111e-02
-1.678446829319000244e-01
-3.163186833262443542e-03
-1.526805460453033447e-01
-3.550430387258529663e-02
-1.428878009319305420e-01
-1.258257962763309479e-02
-1.714466214179992676e-01
-2.925805561244487762e-02
-1.688871830701828003e-01
-6.848914176225662231e-02
5.683275312185287476e-02
-1.712681949138641357e-01
3.547427058219909668e-02
-9.779114276170730591e-02
-9.155502542853355408e-03
-9.224633872509002686e-02
7.480178028345108032e-04
-1.690466254949569702e-01
-2.235623635351657867e-02
-9.439813345670700073e-02
4.579124599695205688e-02
-5.118706822395324707e-02
5.329520255327224731e-02
-1.128754243254661560e-01
-8.610650897026062012e-02
-4.591407254338264465e-03
-1.756953150033950806e-01
1.346849836409091949e-02
-1.372516900300979614e-01
6.283869966864585876e-03
-1.750691682100296021e-01
-6.493250280618667603e-02
-1.351612955331802368e-01
3.179224580526351929e-02
-2.305461652576923370e-02
-9.703622758388519287e-02
-6.332740187644958496e-02
-1.456925123929977417e-01
-1.412909291684627533e-02
1.170514337718486786e-02
4.640402644872665405e-02
-1.994778774678707123e-02
-6.328214704990386963e-02
3.390663862228393555e-02
-6.982085108757019043e-02
-1.572645455598831177e-01
1.710893772542476654e-02
6.999043747782707214e-03
-4.943063855171203613e-02
2.643760107457637787e-02
-1.308265030384063721e-01
-1.344807893037796021e-01
-1.719170510768890381e-01
-1.637108325958251953e-01
-7.485072314739227295e-02
-1.708396077156066895e-01
-1.644085645675659180e-01
-2.228260971605777740e-02
1.831884868443012238e-02
-4.027125239372253418e-02
-1.555762141942977905e-01
-1.092843189835548401e-01
-3.931168466806411743e-04
-1.732082813978195190e-01
-7.277399301528930664e-02
-8.089075237512588501e-02
-4.290501028299331665e-02
-1.698637902736663818e-01
-5.827251821756362915e-02
3.927544504404067993e-02
5.435450375080108643e-02
-2.486780844628810883e-02
-1.175354234874248505e-02
-1.735928058624267578e-01
5.966031923890113831e-03
-1.403853744268417358e-01
-1.656087338924407959e-01
-1.027322188019752502e-01
-1.171151995658874512e-01
1.008657179772853851e-02
-4.737567156553268433e-02
2.781251259148120880e-02
2.148525230586528778e-02
-6.589026004076004028e-02
2.327800355851650238e-02
-8.327636122703552246e-02
-6.092531979084014893e-02
5.474440753459930420e-02
-1.318193525075912476e-01
-1.320999711751937866e-01
-1.711536943912506104e-01
-9.950130432844161987e-02
-8.312164992094039917e-02
-1.666764765977859497e-01
-7.989364862442016602e-02
3.449795395135879517e-02
-2.558388002216815948e-02
-7.716815173625946045e-02
-3.467987477779388428e-02
-1.247759088873863220e-01
-1.408432424068450928e-01
-1.545566469430923462e-01
-3.544814884662628174e-02
2.255514450371265411e-02
-9.653096646070480347e-02
-6.930032372474670410e-02
-1.681884229183197021e-01
-1.551110893487930298e-01
-1.515278778970241547e-02
-1.384077072143554688e-01
-8.673937618732452393e-02
-7.325847446918487549e-02
-1.194876506924629211e-01
-4.804513603448867798e-02
5.613846331834793091e-02
-1.709039658308029175e-01
-6.727690249681472778e-02
-1.112591624259948730e-01
8.231382817029953003e-04
-7.666265964508056641e-02
-9.440674632787704468e-02
-1.748221516609191895e-01
-5.013637989759445190e-02
-1.380230039358139038e-01
-5.278999358415603638e-02
-6.606148555874824524e-03
-1.171153970062732697e-02
-1.362026780843734741e-01
-9.440136700868606567e-02
1.269020140171051025e-05
4.770126193761825562e-02
-3.692311793565750122e-02
5.677834153175354004e-02
-1.212818250060081482e-01
-4.255077242851257324e-02
-3.668043017387390137e-02
-8.244818076491355896e-03
-1.082935035228729248e-01
-7.475771754980087280e-02
-1.745154708623886108e-01
2.475446276366710663e-02
-1.062716618180274963e-01
-1.381803154945373535e-01
4.041223227977752686e-02
-1.551734507083892822e-01
-1.191291585564613342e-01
-2.641637809574604034e-02
-3.280841559171676636e-02
-3.146979957818984985e-02
-1.554520577192306519e-01
-2.499015070497989655e-02
1.082614250481128693e-02
-1.523102521896362305e-01
-1.633681654930114746e-01
-1.684933155775070190e-01
-2.137164212763309479e-02
-2.373245172202587128e-02
-3.658384084701538086e-02
-8.177032694220542908e-03
5.975398421287536621e-02
-1.501952409744262695e-01
4.258869215846061707e-03
5.763290077447891235e-02
4.751612246036529541e-02
-7.062774896621704102e-02
-2.274568192660808563e-02
-2.694191224873065948e-02
-1.643319129943847656e-01
-7.244535535573959351e-02
-1.338432729244232178e-01
-1.532657593488693237e-01
-7.024027407169342041e-02
-1.283195912837982178e-01
-1.590624600648880005e-01
-4.644010961055755615e-02
-1.577074527740478516e-01
-1.288533210754394531e-01
-7.145929336547851562e-02
-1.612278372049331665e-01
-9.723629802465438843e-02
-3.792700916528701782e-02
-8.096018433570861816e-02
8.473591879010200500e-03
-4.188546910881996155e-03
-3.681047260761260986e-02
4.684299975633621216e-02
-2.521565370261669159e-02
-9.944219142198562622e-02
-2.259710244834423065e-02
4.084733873605728149e-02
-1.064485982060432434e-01
3.070535324513912201e-02
-1.210028603672981262e-01
-1.404746323823928833e-01
-9.687357395887374878e-02
-6.351546198129653931e-02
8.053252473473548889e-03
-1.674275547266006470e-01
-1.645569354295730591e-01
-1.364331543445587158e-01
-8.691215515136718750e-02
-4.986160993576049805e-02
-3.781638294458389282e-02
5.276360362768173218e-02
5.703146755695343018e-02
-6.515488028526306152e-02
-1.081290915608406067e-01
-4.891829937696456909e-02
-9.876797348260879517e-02
6.828861311078071594e-03
-1.119328439235687256e-01
-1.382874697446823120e-01
-2.080036140978336334e-02
-6.462530046701431274e-02
3.789846599102020264e-02
-3.045782633125782013e-02
6.014423072338104248e-02
-4.785164445638656616e-02
-1.263354718685150146e-01
-1.130150035023689270e-01
-3.333441168069839478e-02
4.919788986444473267e-02
-7.820508629083633423e-02
-9.484114125370979309e-03
1.568266190588474274e-02
-1.899159513413906097e-02
-1.143150180578231812e-01
-5.927344784140586853e-03
-1.112841069698333740e-01
-4.130322486162185669e-02
-8.054517209529876709e-02
-1.412229239940643311e-01
-1.444462835788726807e-01
-2.337333001196384430e-02
-1.413035690784454346e-01
4.726072773337364197e-03
-5.043834447860717773e-02
-1.680150926113128662e-01
-2.164177410304546356e-02
3.362680971622467041e-02
-8.121667057275772095e-02
-8.533222228288650513e-02
-5.200261250138282776e-03
-5.765406042337417603e-02
-8.991471678018569946e-02
-4.990501329302787781e-03
4.934629052877426147e-02
2.921907231211662292e-03
1.268975622951984406e-02
-1.244078800082206726e-01
-1.347318589687347412e-01
-9.615974873304367065e-02
5.713170021772384644e-02
-7.421789690852165222e-03
-1.419524401426315308e-01
-8.943223208189010620e-02
-1.226165071129798889e-01
4.525725543498992920e-02
-6.679164618253707886e-02
1.970372535288333893e-02
-3.586355596780776978e-02
-3.207951784133911133e-02
-1.687386631965637207e-01
-1.214464977383613586e-01
-6.237519532442092896e-02
1.933608017861843109e-02
-6.934212893247604370e-02
-7.528409361839294434e-02
-1.655850410461425781e-01
-4.736742377281188965e-02
-1.726814061403274536e-01
3.781920671463012695e-02
-7.972211390733718872e-02
-4.433261603116989136e-02
-9.442380815744400024e-02
2.212745510041713715e-02
-1.673451364040374756e-01
-3.928767517209053040e-03
-5.470764636993408203e-02
-1.582094579935073853e-01
1.435006968677043915e-02
-1.001936867833137512e-01
-1.736778318881988525e-01
-5.789333954453468323e-03
-6.426820158958435059e-02
-3.401136398315429688e-02
-1.331587135791778564e-01
-3.209911286830902100e-02
-4.536762088537216187e-02
-1.199395023286342621e-02
-1.593960672616958618e-01
-7.013792544603347778e-02
-1.764023117721080780e-02
-1.345366425812244415e-02
-4.775267094373703003e-02
2.315745316445827484e-02
-1.401352137327194214e-01
-6.529884785413742065e-02
4.628430306911468506e-02
4.595767706632614136e-02
3.629271686077117920e-02
-1.898607052862644196e-02
3.372859209775924683e-02
-1.685710996389389038e-01
-1.764285713434219360e-01
-1.353001743555068970e-01
2.644269354641437531e-02
-1.611291319131851196e-01
-1.740091443061828613e-01
4.950471967458724976e-02
1.669394411146640778e-02
-2.418001554906368256e-02
-1.481823772192001343e-01
-5.555233359336853027e-02
4.172105342149734497e-02
2.771242149174213409e-02
-1.649180799722671509e-01
-7.688313722610473633e-02
-1.633388251066207886e-01
-1.003729030489921570e-01
-1.688539385795593262e-01
-1.267417520284652710e-01
-3.537356853485107422e-02
-1.302312761545181274e-01
-2.718672715127468109e-02
-5.176389217376708984e-02
5.583798140287399292e-02
-1.252602040767669678e-01
-8.682537823915481567e-02
-2.932634390890598297e-02
-6.085573881864547729e-02
-1.607566475868225098e-01
5.680242180824279785e-02
-1.634267121553421021e-01
-2.592404000461101532e-02
-1.701640784740447998e-01
-5.417744070291519165e-02
-8.398896083235740662e-03
1.810555346310138702e-02
1.787307299673557281e-02
-5.175106972455978394e-02
-3.406028449535369873e-02
-6.484276801347732544e-02
-3.359615057706832886e-02
4.886893182992935181e-02
-1.066814735531806946e-01
-4.143802076578140259e-02
2.096594311296939850e-02
5.209606140851974487e-02
3.856612741947174072e-02
5.685003846883773804e-02
-4.588357359170913696e-02
-3.345173597335815430e-02
-3.053630702197551727e-02
-1.450878828763961792e-01
-5.396843701601028442e-02
-1.801322214305400848e-02
-1.970763690769672394e-02
6.123257428407669067e-02
-3.274448961019515991e-02
-6.189296394586563110e-02
1.004691235721111298e-02
3.972814232110977173e-02
2.868588082492351532e-02
-7.052218541502952576e-03
4.010779783129692078e-03
-6.962607800960540771e-02
-1.221728846430778503e-01
1.002255268394947052e-02
-3.291223198175430298e-02
-7.224211096763610840e-02
-4.296902567148208618e-02
-7.848922163248062134e-02
1.543547771871089935e-02
-6.406374275684356689e-02
-7.109113782644271851e-02
-5.041886866092681885e-02
-1.436769217252731323e-01
