7.631578445434570312e-01 -2.900000095367431641e+00
6.842104792594909668e-01 2.629999876022338867e+00
6.052631735801696777e-01 2.119999885559082031e+00
7.894736528396606445e-02 5.000008642673492432e-02
3.421052694320678711e-01 3.680000066757202148e+00
2.631578966975212097e-02 3.599999904632568359e+00
3.157894611358642578e-01 -1.720000028610229492e+00
2.894736826419830322e-01 -1.740000009536743164e+00
5.000000000000000000e-01 -1.330000042915344238e+00
9.473684430122375488e-01 9.500000476837158203e-01
5.000000000000000000e-01 -3.080000162124633789e+00
0.000000000000000000e+00 3.740000009536743164e+00
2.894736826419830322e-01 -2.350000143051147461e+00
6.842104792594909668e-01 1.070000052452087402e+00
7.105262875556945801e-01 3.300000727176666260e-01
7.105262875556945801e-01 -5.800001025199890137e-01
9.736841917037963867e-01 2.660000085830688477e+00
2.631579041481018066e-01 1.490000009536743164e+00
2.631578966975212097e-02 -5.100000500679016113e-01
5.263158082962036133e-01 5.000000596046447754e-01
5.263157933950424194e-02 1.409999966621398926e+00
7.894736528396606445e-02 -4.200000762939453125e-01
1.315789520740509033e-01 1.230000019073486328e+00
9.473684430122375488e-01 6.700000762939453125e-01
3.421052694320678711e-01 -3.019999980926513672e+00
5.263157933950424194e-02 -8.200000524520874023e-01
0.000000000000000000e+00 2.329999923706054688e+00
5.263158082962036133e-01 2.039999961853027344e+00
7.368420958518981934e-01 -3.960000038146972656e+00
2.631579041481018066e-01 -1.870000123977661133e+00
5.789473652839660645e-01 5.000008642673492432e-02
5.000000000000000000e-01 -1.880000114440917969e+00
6.578947305679321289e-01 -3.900001049041748047e-01
7.894736528396606445e-02 9.800000190734863281e-01
2.631578966975212097e-02 1.680000066757202148e+00
2.368421107530593872e-01 -1.300000071525573730e+00
4.210526347160339355e-01 -3.460000038146972656e+00
2.631579041481018066e-01 6.900001168251037598e-01
6.052631735801696777e-01 -3.290000200271606445e+00
7.894736528396606445e-02 3.960000038146972656e+00
1.315789520740509033e-01 -7.300000786781311035e-01
3.947368264198303223e-01 -2.509999990463256836e+00
1.578947305679321289e-01 -7.500000596046447754e-01
2.631578966975212097e-02 2.609999895095825195e+00
2.631579041481018066e-01 3.160000085830688477e+00
5.526316165924072266e-01 -1.490000128746032715e+00
5.000000000000000000e-01 -1.210000038146972656e+00
7.894736528396606445e-02 2.900000810623168945e-01
2.368421107530593872e-01 6.200000643730163574e-01
8.684210777282714844e-01 -1.620000123977661133e+00
1.315789520740509033e-01 -7.900000810623168945e-01
2.631578966975212097e-02 -1.400000900030136108e-01
9.736841917037963867e-01 1.769999980926513672e+00
5.263158082962036133e-01 -3.730000019073486328e+00
2.631578966975212097e-02 -2.009999990463256836e+00
4.473684132099151611e-01 -3.880000114440917969e+00
8.421052694320678711e-01 2.710000038146972656e+00
1.578947305679321289e-01 -3.900001049041748047e-01
8.684210777282714844e-01 -3.650000095367431641e+00
8.421052694320678711e-01 1.730000019073486328e+00
7.894736528396606445e-02 1.130000114440917969e+00
1.842105239629745483e-01 1.500000953674316406e-01
5.000000000000000000e-01 -8.900000452995300293e-01
6.842104792594909668e-01 2.240000009536743164e+00
5.526316165924072266e-01 1.720000028610229492e+00
7.894736528396606445e-01 -9.600000381469726562e-01
6.052631735801696777e-01 2.700000047683715820e+00
1.052631586790084839e-01 2.250000000000000000e+00
8.947368264198303223e-01 -1.689999938011169434e+00
7.894736528396606445e-01 -3.600001037120819092e-01
9.736841917037963867e-01 -2.960000038146972656e+00
6.842104792594909668e-01 -1.830000042915344238e+00
1.315789520740509033e-01 7.900000810623168945e-01
2.368421107530593872e-01 3.160000085830688477e+00
7.105262875556945801e-01 1.170000076293945312e+00
8.421052694320678711e-01 -5.600000619888305664e-01
2.894736826419830322e-01 -3.700000941753387451e-01
2.631579041481018066e-01 1.190000176429748535e+00
1.578947305679321289e-01 1.399999976158142090e+00
5.526316165924072266e-01 3.599999904632568359e+00
6.842104792594909668e-01 -3.290000200271606445e+00
9.473684430122375488e-01 2.230000019073486328e+00
3.947368264198303223e-01 -2.350000143051147461e+00
8.947368264198303223e-01 1.409999966621398926e+00
5.526316165924072266e-01 2.450000047683715820e+00
9.473684430122375488e-01 7.000008970499038696e-02
3.421052694320678711e-01 -3.000000000000000000e+00
7.894736528396606445e-01 1.690000057220458984e+00
1.315789520740509033e-01 -2.330000162124633789e+00
6.052631735801696777e-01 1.310000061988830566e+00
5.789473652839660645e-01 -3.740000009536743164e+00
8.421052694320678711e-01 -2.200000047683715820e+00
7.894736528396606445e-02 -1.920000076293945312e+00
5.789473652839660645e-01 -3.650000095367431641e+00
7.631578445434570312e-01 -1.620000123977661133e+00
3.157894611358642578e-01 3.649999856948852539e+00
7.894736528396606445e-02 -3.819999933242797852e+00
2.368421107530593872e-01 -5.400000810623168945e-01
2.894736826419830322e-01 -3.340000152587890625e+00
4.736842215061187744e-01 -5.000000596046447754e-01
3.157894611358642578e-01 -3.589999914169311523e+00
1.315789520740509033e-01 1.960000038146972656e+00
2.631579041481018066e-01 3.019999980926513672e+00
9.210526347160339355e-01 -2.710000038146972656e+00
5.000000000000000000e-01 1.789999961853027344e+00
5.263158082962036133e-01 1.000000834465026855e-01
5.526316165924072266e-01 1.830000042915344238e+00
9.736841917037963867e-01 -3.720000028610229492e+00
8.947368264198303223e-01 2.069999933242797852e+00
4.736842215061187744e-01 1.000000000000000000e+00
9.736841917037963867e-01 3.589999914169311523e+00
5.789473652839660645e-01 -2.079999923706054688e+00
4.473684132099151611e-01 1.300000071525573730e+00
4.210526347160339355e-01 1.600000858306884766e-01
7.631578445434570312e-01 -3.599999904632568359e+00
1.578947305679321289e-01 2.069999933242797852e+00
2.368421107530593872e-01 -2.769999980926513672e+00
8.947368264198303223e-01 3.329999923706054688e+00
9.473684430122375488e-01 1.550000071525573730e+00
8.421052694320678711e-01 -2.590000152587890625e+00
5.526316165924072266e-01 -9.400000572204589844e-01
8.947368264198303223e-01 -1.730000019073486328e+00
1.578947305679321289e-01 7.600001096725463867e-01
2.105263173580169678e-01 1.550000071525573730e+00
9.210526347160339355e-01 -5.300000905990600586e-01
8.157894611358642578e-01 -1.590000033378601074e+00
2.105263173580169678e-01 2.500000000000000000e+00
1.000000000000000000e+00 2.000000774860382080e-01
7.894736528396606445e-01 1.330000042915344238e+00
7.894736528396606445e-02 4.300000965595245361e-01
5.263158082962036133e-01 2.309999942779541016e+00
2.105263173580169678e-01 1.000000000000000000e+00
7.894736528396606445e-02 -1.250000119209289551e+00
1.052631586790084839e-01 2.289999961853027344e+00
7.368420958518981934e-01 2.559999942779541016e+00
8.421052694320678711e-01 1.490000009536743164e+00
2.105263173580169678e-01 -8.900000452995300293e-01
9.473684430122375488e-01 2.289999961853027344e+00
2.631579041481018066e-01 7.200000882148742676e-01
1.000000000000000000e+00 -2.100000828504562378e-01
1.578947305679321289e-01 -1.100000888109207153e-01
4.736842215061187744e-01 3.000000715255737305e-01
9.210526347160339355e-01 2.339999914169311523e+00
6.842104792594909668e-01 -3.640000104904174805e+00
0.000000000000000000e+00 -1.790000081062316895e+00
5.263157933950424194e-02 -4.100000858306884766e-01
5.000000000000000000e-01 3.000000000000000000e+00
3.947368264198303223e-01 -3.700000941753387451e-01
9.736841917037963867e-01 1.620000004768371582e+00
3.947368264198303223e-01 -3.019999980926513672e+00
3.684210479259490967e-01 -8.300000429153442383e-01
5.263157933950424194e-02 3.180000066757202148e+00
6.315789222717285156e-01 1.389999985694885254e+00
4.736842215061187744e-01 2.809999942779541016e+00
1.315789520740509033e-01 2.100000828504562378e-01
5.789473652839660645e-01 -1.900000095367431641e+00
6.578947305679321289e-01 -3.279999971389770508e+00
2.105263173580169678e-01 -1.950000047683715820e+00
7.894736528396606445e-02 -3.839999914169311523e+00
8.684210777282714844e-01 -9.900000691413879395e-01
3.157894611358642578e-01 3.869999885559082031e+00
5.263157933950424194e-02 -5.200000405311584473e-01
6.842104792594909668e-01 -1.110000133514404297e+00
9.210526347160339355e-01 -2.390000104904174805e+00
2.894736826419830322e-01 -7.000008970499038696e-02
1.052631586790084839e-01 -1.340000033378601074e+00
1.578947305679321289e-01 -1.010000109672546387e+00
2.894736826419830322e-01 -1.750000000000000000e+00
9.473684430122375488e-01 3.500000000000000000e+00
5.000000000000000000e-01 -8.500000834465026855e-01
3.157894611358642578e-01 2.480000019073486328e+00
5.000000000000000000e-01 3.599999904632568359e+00
2.631579041481018066e-01 -2.529999971389770508e+00
5.000000000000000000e-01 -2.620000123977661133e+00
7.368420958518981934e-01 -3.579999923706054688e+00
8.947368264198303223e-01 -2.600000143051147461e+00
7.368420958518981934e-01 3.170000076293945312e+00
1.315789520740509033e-01 -3.100000143051147461e+00
2.631579041481018066e-01 1.200000047683715820e+00
9.473684430122375488e-01 -5.900000929832458496e-01
8.684210777282714844e-01 2.710000038146972656e+00
6.842104792594909668e-01 3.819999933242797852e+00
5.000000000000000000e-01 1.070000052452087402e+00
5.789473652839660645e-01 -3.870000123977661133e+00
1.000000000000000000e+00 -1.330000042915344238e+00
3.157894611358642578e-01 3.319999933242797852e+00
2.631579041481018066e-01 -4.800000786781311035e-01
8.157894611358642578e-01 -2.360000133514404297e+00
6.842104792594909668e-01 -2.549999952316284180e+00
6.842104792594909668e-01 -1.350000023841857910e+00
8.157894611358642578e-01 -7.600000500679016113e-01
6.315789222717285156e-01 -2.000000774860382080e-01
3.684210479259490967e-01 2.589999914169311523e+00
1.000000000000000000e+00 1.000000834465026855e-01
5.263157933950424194e-02 -1.780000090599060059e+00
4.736842215061187744e-01 2.049999952316284180e+00
2.631578966975212097e-02 3.819999933242797852e+00
5.263157933950424194e-02 -3.569999933242797852e+00
1.000000000000000000e+00 -1.070000171661376953e+00
7.105262875556945801e-01 2.059999942779541016e+00
3.684210479259490967e-01 2.180000066757202148e+00
6.315789222717285156e-01 2.740000009536743164e+00
8.947368264198303223e-01 -1.560000061988830566e+00
9.210526347160339355e-01 3.500000000000000000e+00
6.842104792594909668e-01 -6.000008806586265564e-02
1.842105239629745483e-01 3.059999942779541016e+00
1.315789520740509033e-01 3.500000834465026855e-01
7.105262875556945801e-01 -3.400000929832458496e-01
4.736842215061187744e-01 -9.600000381469726562e-01
0.000000000000000000e+00 2.539999961853027344e+00
7.105262875556945801e-01 -3.850000143051147461e+00
7.368420958518981934e-01 -3.259999990463256836e+00
5.263158082962036133e-01 -2.360000133514404297e+00
9.473684430122375488e-01 -2.309999942779541016e+00
9.736841917037963867e-01 -6.600000858306884766e-01
0.000000000000000000e+00 1.950000047683715820e+00
8.157894611358642578e-01 1.080000042915344238e+00
5.000000000000000000e-01 -3.769999980926513672e+00
9.210526347160339355e-01 -1.960000038146972656e+00
8.421052694320678711e-01 -2.870000123977661133e+00
1.000000000000000000e+00 2.500000000000000000e+00
5.526316165924072266e-01 -2.930000066757202148e+00
4.473684132099151611e-01 1.750000119209289551e+00
8.421052694320678711e-01 2.250000000000000000e+00
9.473684430122375488e-01 -3.210000038146972656e+00
1.842105239629745483e-01 3.240000009536743164e+00
5.789473652839660645e-01 1.019999980926513672e+00
6.315789222717285156e-01 -3.750000000000000000e+00
7.368420958518981934e-01 1.389999985694885254e+00
7.105262875556945801e-01 -1.320000052452087402e+00
7.894736528396606445e-02 1.799999952316284180e+00
2.894736826419830322e-01 2.269999980926513672e+00
6.315789222717285156e-01 3.140000104904174805e+00
1.842105239629745483e-01 2.480000019073486328e+00
2.368421107530593872e-01 1.870000004768371582e+00
8.157894611358642578e-01 9.000000357627868652e-01
9.473684430122375488e-01 -3.630000114440917969e+00
6.315789222717285156e-01 -3.250000000000000000e+00
8.947368264198303223e-01 -2.840000152587890625e+00
1.315789520740509033e-01 3.009999990463256836e+00
3.157894611358642578e-01 -3.060000181198120117e+00
1.842105239629745483e-01 -4.300000667572021484e-01
1.052631586790084839e-01 -3.080000162124633789e+00
6.315789222717285156e-01 2.720000028610229492e+00
2.105263173580169678e-01 3.859999895095825195e+00
0.000000000000000000e+00 7.100000977516174316e-01
1.052631586790084839e-01 3.669999837875366211e+00
7.894736528396606445e-02 1.100000888109207153e-01
4.736842215061187744e-01 -1.600000858306884766e-01
4.210526347160339355e-01 -7.000008970499038696e-02
6.578947305679321289e-01 -8.600000739097595215e-01
7.894736528396606445e-01 1.300000846385955811e-01
4.210526347160339355e-01 -3.630000114440917969e+00
5.263157933950424194e-02 -2.980000019073486328e+00
6.842104792594909668e-01 3.049999952316284180e+00
8.421052694320678711e-01 2.900000095367431641e+00
3.421052694320678711e-01 -2.150000095367431641e+00
8.947368264198303223e-01 -2.380000114440917969e+00
2.631578966975212097e-02 3.750000000000000000e+00
9.736841917037963867e-01 -3.090000152587890625e+00
2.894736826419830322e-01 3.609999895095825195e+00
4.473684132099151611e-01 3.730000019073486328e+00
0.000000000000000000e+00 7.500000596046447754e-01
7.368420958518981934e-01 -2.450000047683715820e+00
7.105262875556945801e-01 3.639999866485595703e+00
7.894736528396606445e-01 2.359999895095825195e+00
8.947368264198303223e-01 2.079999923706054688e+00
6.052631735801696777e-01 1.830000042915344238e+00
8.421052694320678711e-01 -1.330000042915344238e+00
6.052631735801696777e-01 1.480000019073486328e+00
5.526316165924072266e-01 7.700001001358032227e-01
5.263157933950424194e-02 8.100000619888305664e-01
8.684210777282714844e-01 1.540000081062316895e+00
3.421052694320678711e-01 1.389999985694885254e+00
5.263157933950424194e-02 3.200000047683715820e+00
5.263157933950424194e-02 -3.500000834465026855e-01
2.631579041481018066e-01 -9.100000262260437012e-01
4.210526347160339355e-01 1.070000052452087402e+00
8.421052694320678711e-01 6.700000762939453125e-01
2.631578966975212097e-02 4.200001060962677002e-01
5.526316165924072266e-01 -4.500000774860382080e-01
5.263158082962036133e-01 3.629999876022338867e+00
3.421052694320678711e-01 -7.600000500679016113e-01
9.473684430122375488e-01 3.210000038146972656e+00
8.157894611358642578e-01 -3.579999923706054688e+00
4.736842215061187744e-01 1.510000109672546387e+00
2.631578966975212097e-02 -1.940000057220458984e+00
9.210526347160339355e-01 3.059999942779541016e+00
1.052631586790084839e-01 2.049999952316284180e+00
9.736841917037963867e-01 1.350000143051147461e+00
1.842105239629745483e-01 -2.259999990463256836e+00
7.894736528396606445e-01 -4.300000667572021484e-01
5.263158082962036133e-01 -2.400000095367431641e+00
6.842104792594909668e-01 2.170000076293945312e+00
3.421052694320678711e-01 1.110000133514404297e+00
8.157894611358642578e-01 2.890000104904174805e+00
1.842105239629745483e-01 -2.519999980926513672e+00
7.105262875556945801e-01 1.330000042915344238e+00
8.157894611358642578e-01 -1.100000143051147461e+00
6.315789222717285156e-01 -1.200000047683715820e+00
3.684210479259490967e-01 2.849999904632568359e+00
9.210526347160339355e-01 7.500000596046447754e-01
6.315789222717285156e-01 3.769999980926513672e+00
6.052631735801696777e-01 -1.250000119209289551e+00
6.052631735801696777e-01 -3.190000057220458984e+00
3.684210479259490967e-01 3.769999980926513672e+00
6.052631735801696777e-01 -4.000008851289749146e-02
2.631578966975212097e-02 9.700000286102294922e-01
5.526316165924072266e-01 9.400000572204589844e-01
7.631578445434570312e-01 1.560000061988830566e+00
1.315789520740509033e-01 4.100000858306884766e-01
2.631578966975212097e-02 1.700000047683715820e+00
6.315789222717285156e-01 -1.700000047683715820e+00
5.000000000000000000e-01 -1.000008732080459595e-02
8.684210777282714844e-01 3.160000085830688477e+00
9.473684430122375488e-01 6.000008806586265564e-02
1.052631586790084839e-01 9.600000381469726562e-01
5.000000000000000000e-01 -1.970000028610229492e+00
9.473684430122375488e-01 -3.110000133514404297e+00
6.315789222717285156e-01 2.139999866485595703e+00
5.263158082962036133e-01 3.960000038146972656e+00
1.578947305679321289e-01 -5.700001120567321777e-01
2.894736826419830322e-01 3.569999933242797852e+00
1.578947305679321289e-01 -3.269999980926513672e+00
7.894736528396606445e-02 -1.990000009536743164e+00
1.052631586790084839e-01 2.970000028610229492e+00
2.631579041481018066e-01 -2.720000028610229492e+00
9.473684430122375488e-01 9.700000286102294922e-01
9.210526347160339355e-01 2.500000000000000000e+00
3.684210479259490967e-01 -1.900000095367431641e+00
2.631578966975212097e-02 -9.000000357627868652e-01
6.578947305679321289e-01 8.400000929832458496e-01
1.315789520740509033e-01 1.070000052452087402e+00
5.789473652839660645e-01 3.319999933242797852e+00
5.000000000000000000e-01 1.900000870227813721e-01
1.842105239629745483e-01 -3.539999961853027344e+00
8.157894611358642578e-01 1.530000090599060059e+00
2.368421107530593872e-01 -3.509999990463256836e+00
8.684210777282714844e-01 -1.300000846385955811e-01
3.157894611358642578e-01 -2.799999952316284180e+00
5.526316165924072266e-01 -3.370000123977661133e+00
3.421052694320678711e-01 -3.980000019073486328e+00
5.789473652839660645e-01 1.200000867247581482e-01
3.947368264198303223e-01 -3.050000190734863281e+00
2.894736826419830322e-01 1.629999995231628418e+00
1.052631586790084839e-01 -1.220000147819519043e+00
3.157894611358642578e-01 2.019999980926513672e+00
0.000000000000000000e+00 8.800000548362731934e-01
7.894736528396606445e-01 1.600000858306884766e-01
5.000000000000000000e-01 2.500000000000000000e+00
8.947368264198303223e-01 -1.120000123977661133e+00
2.894736826419830322e-01 -2.500000894069671631e-01
7.894736528396606445e-01 3.909999847412109375e+00
6.842104792594909668e-01 -2.590000152587890625e+00
5.263157933950424194e-02 -8.500000834465026855e-01
2.368421107530593872e-01 9.800000190734863281e-01
3.684210479259490967e-01 3.440000057220458984e+00
3.684210479259490967e-01 -3.700000941753387451e-01
7.894736528396606445e-02 1.700000047683715820e+00
8.157894611358642578e-01 -1.000000834465026855e-01
3.421052694320678711e-01 -3.240000009536743164e+00
1.842105239629745483e-01 -2.319999933242797852e+00
0.000000000000000000e+00 -2.539999961853027344e+00
5.263157933950424194e-02 -3.599999904632568359e+00
6.578947305679321289e-01 -1.110000133514404297e+00
5.526316165924072266e-01 1.889999985694885254e+00
7.105262875556945801e-01 -3.509999990463256836e+00
1.842105239629745483e-01 3.490000009536743164e+00
5.000000000000000000e-01 2.559999942779541016e+00
6.315789222717285156e-01 -1.030000090599060059e+00
3.947368264198303223e-01 1.750000119209289551e+00
2.894736826419830322e-01 -6.600000858306884766e-01
3.684210479259490967e-01 -2.420000076293945312e+00
1.578947305679321289e-01 -8.000000715255737305e-01
6.842104792594909668e-01 -1.710000038146972656e+00
1.842105239629745483e-01 -6.400001049041748047e-01
4.736842215061187744e-01 -1.950000047683715820e+00
6.578947305679321289e-01 9.900000095367431641e-01
7.368420958518981934e-01 -2.700000047683715820e+00
0.000000000000000000e+00 -2.820000171661376953e+00
2.631579041481018066e-01 2.220000028610229492e+00
8.157894611358642578e-01 -8.400000333786010742e-01
3.947368264198303223e-01 8.000008761882781982e-02
2.105263173580169678e-01 -2.200000882148742676e-01
5.263157933950424194e-02 2.920000076293945312e+00
8.684210777282714844e-01 -5.100000500679016113e-01
2.631578966975212097e-02 2.680000066757202148e+00
2.105263173580169678e-01 2.100000828504562378e-01
5.526316165924072266e-01 1.300000846385955811e-01
3.421052694320678711e-01 -3.720000028610229492e+00
7.894736528396606445e-01 1.649999976158142090e+00
1.842105239629745483e-01 3.269999980926513672e+00
5.789473652839660645e-01 -2.440000057220458984e+00
6.842104792594909668e-01 3.789999961853027344e+00
4.210526347160339355e-01 1.899999976158142090e+00
4.736842215061187744e-01 -2.259999990463256836e+00
6.052631735801696777e-01 -4.500000774860382080e-01
1.578947305679321289e-01 -1.520000100135803223e+00
1.842105239629745483e-01 3.009999990463256836e+00
7.368420958518981934e-01 -3.440000057220458984e+00
3.157894611358642578e-01 1.190000176429748535e+00
5.263158082962036133e-01 -2.420000076293945312e+00
5.526316165924072266e-01 -2.460000038146972656e+00
4.473684132099151611e-01 1.490000009536743164e+00
5.789473652839660645e-01 -1.910000085830688477e+00
4.736842215061187744e-01 1.980000019073486328e+00
1.315789520740509033e-01 -1.890000104904174805e+00
5.263158082962036133e-01 -2.640000104904174805e+00
2.105263173580169678e-01 5.200001001358032227e-01
8.157894611358642578e-01 3.069999933242797852e+00
6.578947305679321289e-01 1.220000028610229492e+00
8.157894611358642578e-01 -2.200000882148742676e-01
3.947368264198303223e-01 -1.040000081062316895e+00
4.473684132099151611e-01 -1.870000123977661133e+00
3.157894611358642578e-01 -1.220000147819519043e+00
8.421052694320678711e-01 3.649999856948852539e+00
5.526316165924072266e-01 1.220000028610229492e+00
9.473684430122375488e-01 -5.500000715255737305e-01
9.210526347160339355e-01 2.750000000000000000e+00
5.526316165924072266e-01 3.819999933242797852e+00
0.000000000000000000e+00 3.720000028610229492e+00
4.473684132099151611e-01 -2.259999990463256836e+00
2.105263173580169678e-01 1.270000100135803223e+00
1.842105239629745483e-01 8.700000643730163574e-01
3.947368264198303223e-01 3.220000028610229492e+00
6.315789222717285156e-01 2.970000028610229492e+00
8.157894611358642578e-01 5.000000596046447754e-01
1.842105239629745483e-01 3.930000066757202148e+00
9.210526347160339355e-01 1.200000867247581482e-01
0.000000000000000000e+00 -3.180000066757202148e+00
2.631579041481018066e-01 1.730000019073486328e+00
5.526316165924072266e-01 -3.890000104904174805e+00
3.157894611358642578e-01 1.070000052452087402e+00
5.263157933950424194e-02 -1.680000066757202148e+00
6.315789222717285156e-01 -2.630000114440917969e+00
2.894736826419830322e-01 -8.200000524520874023e-01
2.631578966975212097e-02 3.500000000000000000e+00
6.052631735801696777e-01 -2.039999961853027344e+00
5.000000000000000000e-01 -3.759999990463256836e+00
4.736842215061187744e-01 1.050000071525573730e+00
3.947368264198303223e-01 -8.200000524520874023e-01
2.368421107530593872e-01 -1.580000042915344238e+00
5.000000000000000000e-01 -2.319999933242797852e+00
9.473684430122375488e-01 -9.700000882148742676e-01
4.736842215061187744e-01 2.900000810623168945e-01
5.000000000000000000e-01 -3.470000028610229492e+00
2.631579041481018066e-01 3.700000047683715820e+00
6.842104792594909668e-01 2.579999923706054688e+00
1.842105239629745483e-01 -2.850000143051147461e+00
1.052631586790084839e-01 2.450000047683715820e+00
2.105263173580169678e-01 -1.759999990463256836e+00
1.578947305679321289e-01 -7.600000500679016113e-01
9.736841917037963867e-01 -3.890000104904174805e+00
3.684210479259490967e-01 -3.240000009536743164e+00
9.473684430122375488e-01 2.069999933242797852e+00
1.315789520740509033e-01 -5.700001120567321777e-01
2.368421107530593872e-01 1.300000846385955811e-01
5.263157933950424194e-02 8.000000715255737305e-01
3.157894611358642578e-01 1.610000014305114746e+00
2.631579041481018066e-01 -3.090000152587890625e+00
7.368420958518981934e-01 -1.320000052452087402e+00
7.105262875556945801e-01 -2.800000905990600586e-01
5.789473652839660645e-01 5.100000500679016113e-01
1.315789520740509033e-01 -1.650000095367431641e+00
9.736841917037963867e-01 1.889999985694885254e+00
1.578947305679321289e-01 6.200000643730163574e-01
7.894736528396606445e-02 1.070000052452087402e+00
6.315789222717285156e-01 3.490000009536743164e+00
4.473684132099151611e-01 3.440000057220458984e+00
6.052631735801696777e-01 -1.210000038146972656e+00
6.052631735801696777e-01 -3.060000181198120117e+00
9.210526347160339355e-01 -3.700000941753387451e-01
3.684210479259490967e-01 2.299999952316284180e+00
9.473684430122375488e-01 1.350000143051147461e+00
8.157894611358642578e-01 -3.470000028610229492e+00
0.000000000000000000e+00 3.920000076293945312e+00
5.263158082962036133e-01 2.339999914169311523e+00
3.157894611358642578e-01 2.609999895095825195e+00
2.368421107530593872e-01 -8.600000739097595215e-01
4.736842215061187744e-01 -4.000008851289749146e-02
2.368421107530593872e-01 2.740000009536743164e+00
2.631578966975212097e-02 -2.000000000000000000e+00
6.842104792594909668e-01 -2.650000095367431641e+00
1.315789520740509033e-01 -3.500000834465026855e-01
7.894736528396606445e-01 3.279999971389770508e+00
1.315789520740509033e-01 2.420000076293945312e+00
6.842104792594909668e-01 -3.940000057220458984e+00
1.842105239629745483e-01 -1.170000076293945312e+00
9.210526347160339355e-01 1.030000090599060059e+00
9.473684430122375488e-01 9.300000667572021484e-01
7.631578445434570312e-01 -2.430000066757202148e+00
2.631579041481018066e-01 3.809999942779541016e+00
7.894736528396606445e-01 4.900000691413879395e-01
2.631579041481018066e-01 -3.860000133514404297e+00
2.105263173580169678e-01 -3.860000133514404297e+00
2.631578966975212097e-02 2.359999895095825195e+00
6.315789222717285156e-01 -1.610000014305114746e+00
5.526316165924072266e-01 -2.580000162124633789e+00
1.578947305679321289e-01 8.200000524520874023e-01
0.000000000000000000e+00 -3.509999990463256836e+00
2.631578966975212097e-02 3.970000028610229492e+00
0.000000000000000000e+00 3.819999933242797852e+00
7.105262875556945801e-01 2.809999942779541016e+00
8.421052694320678711e-01 1.610000014305114746e+00
2.894736826419830322e-01 8.700000643730163574e-01
9.473684430122375488e-01 3.909999847412109375e+00
3.947368264198303223e-01 -2.360000133514404297e+00
1.000000000000000000e+00 -8.200000524520874023e-01
3.684210479259490967e-01 1.680000066757202148e+00
5.263157933950424194e-02 -3.890000104904174805e+00
5.000000000000000000e-01 -2.210000038146972656e+00
7.368420958518981934e-01 1.009999990463256836e+00
2.105263173580169678e-01 -2.350000143051147461e+00
6.842104792594909668e-01 -1.680000066757202148e+00
5.000000000000000000e-01 -3.910000085830688477e+00
9.736841917037963867e-01 -3.529999971389770508e+00
6.052631735801696777e-01 -2.350000143051147461e+00
7.105262875556945801e-01 2.839999914169311523e+00
5.526316165924072266e-01 1.850000023841857910e+00
8.947368264198303223e-01 2.700000047683715820e+00
5.000000000000000000e-01 3.109999895095825195e+00
2.631578966975212097e-02 5.500000715255737305e-01
5.526316165924072266e-01 5.200001001358032227e-01
1.842105239629745483e-01 3.950000047683715820e+00
8.947368264198303223e-01 -2.519999980926513672e+00
2.631579041481018066e-01 1.170000076293945312e+00
7.894736528396606445e-02 -1.640000104904174805e+00
1.315789520740509033e-01 1.250000000000000000e+00
1.000000000000000000e+00 3.259999990463256836e+00
2.631579041481018066e-01 -2.309999942779541016e+00
1.578947305679321289e-01 -1.289999961853027344e+00
6.578947305679321289e-01 1.779999971389770508e+00
3.157894611358642578e-01 -1.890000104904174805e+00
5.789473652839660645e-01 -3.610000133514404297e+00
3.684210479259490967e-01 -2.039999961853027344e+00
2.631578966975212097e-02 6.000008806586265564e-02
9.736841917037963867e-01 -1.200000867247581482e-01
4.210526347160339355e-01 7.200000882148742676e-01
7.631578445434570312e-01 4.000000953674316406e-01
1.000000000000000000e+00 -2.740000009536743164e+00
2.368421107530593872e-01 2.079999923706054688e+00
3.421052694320678711e-01 -6.000000834465026855e-01
5.263158082962036133e-01 -9.300000667572021484e-01
1.842105239629745483e-01 3.329999923706054688e+00
1.315789520740509033e-01 1.259999990463256836e+00
2.105263173580169678e-01 1.879999995231628418e+00
6.052631735801696777e-01 -2.960000038146972656e+00
8.947368264198303223e-01 -3.460000038146972656e+00
7.894736528396606445e-02 3.329999923706054688e+00
2.894736826419830322e-01 -2.100000143051147461e+00
4.210526347160339355e-01 -3.180000066757202148e+00
1.052631586790084839e-01 -7.400000691413879395e-01
5.526316165924072266e-01 -2.990000009536743164e+00
7.105262875556945801e-01 -1.920000076293945312e+00
0.000000000000000000e+00 -3.610000133514404297e+00
8.421052694320678711e-01 1.460000038146972656e+00
7.894736528396606445e-01 -2.300000786781311035e-01
1.052631586790084839e-01 -2.450000047683715820e+00
9.736841917037963867e-01 -3.400000095367431641e+00
3.947368264198303223e-01 -2.549999952316284180e+00
5.789473652839660645e-01 1.700000047683715820e+00
8.421052694320678711e-01 -3.019999980926513672e+00
0.000000000000000000e+00 2.430000066757202148e+00
2.105263173580169678e-01 -1.080000162124633789e+00
3.947368264198303223e-01 -2.539999961853027344e+00
2.631579041481018066e-01 5.500000715255737305e-01
7.894736528396606445e-01 6.300000548362731934e-01
1.000000000000000000e+00 7.400000691413879395e-01
6.315789222717285156e-01 3.029999971389770508e+00
5.000000000000000000e-01 3.329999923706054688e+00
8.684210777282714844e-01 -2.470000028610229492e+00
8.157894611358642578e-01 -4.000000000000000000e+00
9.210526347160339355e-01 2.960000038146972656e+00
7.894736528396606445e-01 1.730000019073486328e+00
8.947368264198303223e-01 2.519999980926513672e+00
1.000000000000000000e+00 1.150000095367431641e+00
5.526316165924072266e-01 8.200000524520874023e-01
8.421052694320678711e-01 -3.160000085830688477e+00
5.263158082962036133e-01 -7.000001072883605957e-01
8.157894611358642578e-01 3.869999885559082031e+00
6.315789222717285156e-01 2.789999961853027344e+00
2.631579041481018066e-01 -2.009999990463256836e+00
6.842104792594909668e-01 -2.860000133514404297e+00
8.684210777282714844e-01 -2.120000123977661133e+00
8.947368264198303223e-01 3.039999961853027344e+00
8.157894611358642578e-01 3.950000047683715820e+00
1.052631586790084839e-01 -2.190000057220458984e+00
6.052631735801696777e-01 1.799999952316284180e+00
5.263158082962036133e-01 4.900000691413879395e-01
9.473684430122375488e-01 1.470000028610229492e+00
7.894736528396606445e-02 3.599999904632568359e+00
9.473684430122375488e-01 8.500000834465026855e-01
8.157894611358642578e-01 -1.750000000000000000e+00
9.736841917037963867e-01 -8.200000524520874023e-01
6.842104792594909668e-01 -3.850000143051147461e+00
8.947368264198303223e-01 -2.220000028610229492e+00
9.473684430122375488e-01 -2.700001001358032227e-01
5.263158082962036133e-01 1.690000057220458984e+00
7.631578445434570312e-01 2.600000798702239990e-01
7.105262875556945801e-01 1.440000057220458984e+00
4.473684132099151611e-01 3.589999914169311523e+00
4.473684132099151611e-01 8.500000834465026855e-01
0.000000000000000000e+00 2.800000905990600586e-01
9.473684430122375488e-01 1.000008918344974518e-02
3.684210479259490967e-01 1.759999990463256836e+00
7.894736528396606445e-01 -2.799999952316284180e+00
2.105263173580169678e-01 -2.630000114440917969e+00
8.157894611358642578e-01 6.200000643730163574e-01
9.473684430122375488e-01 1.490000009536743164e+00
3.157894611358642578e-01 1.409999966621398926e+00
6.315789222717285156e-01 9.300000667572021484e-01
5.263157933950424194e-02 -8.700000643730163574e-01
2.894736826419830322e-01 -2.049999952316284180e+00
6.315789222717285156e-01 6.200000643730163574e-01
4.473684132099151611e-01 1.889999985694885254e+00
1.578947305679321289e-01 -3.470000028610229492e+00
9.210526347160339355e-01 -1.769999980926513672e+00
8.684210777282714844e-01 1.990000128746032715e+00
5.789473652839660645e-01 -3.970000028610229492e+00
5.789473652839660645e-01 8.000008761882781982e-02
1.842105239629745483e-01 3.539999961853027344e+00
7.105262875556945801e-01 -2.670000076293945312e+00
5.526316165924072266e-01 2.599999904632568359e+00
5.526316165924072266e-01 8.000008761882781982e-02
5.263157933950424194e-02 -9.300000667572021484e-01
7.368420958518981934e-01 -3.480000019073486328e+00
6.578947305679321289e-01 -1.440000057220458984e+00
3.157894611358642578e-01 -2.580000162124633789e+00
3.157894611358642578e-01 4.000000953674316406e-01
7.368420958518981934e-01 4.700000882148742676e-01
7.368420958518981934e-01 4.900000691413879395e-01
9.736841917037963867e-01 -2.490000009536743164e+00
2.368421107530593872e-01 -1.610000014305114746e+00
2.105263173580169678e-01 -1.050000071525573730e+00
6.842104792594909668e-01 -2.190000057220458984e+00
6.842104792594909668e-01 -2.710000038146972656e+00
2.631579041481018066e-01 1.779999971389770508e+00
8.684210777282714844e-01 3.559999942779541016e+00
5.263158082962036133e-01 -3.259999990463256836e+00
7.368420958518981934e-01 1.649999976158142090e+00
3.157894611358642578e-01 1.490000009536743164e+00
6.052631735801696777e-01 7.000001072883605957e-01
6.315789222717285156e-01 -1.200000867247581482e-01
7.368420958518981934e-01 1.200000867247581482e-01
7.894736528396606445e-01 -1.660000085830688477e+00
7.631578445434570312e-01 -4.600000679492950439e-01
9.210526347160339355e-01 2.279999971389770508e+00
8.684210777282714844e-01 -3.799999952316284180e+00
9.736841917037963867e-01 -3.320000171661376953e+00
1.578947305679321289e-01 1.800000816583633423e-01
5.789473652839660645e-01 -2.700001001358032227e-01
1.000000000000000000e+00 2.950000047683715820e+00
6.578947305679321289e-01 6.900001168251037598e-01
4.736842215061187744e-01 1.340000033378601074e+00
4.736842215061187744e-01 -1.370000004768371582e+00
5.526316165924072266e-01 -1.800000071525573730e+00
4.473684132099151611e-01 8.100000619888305664e-01
9.473684430122375488e-01 -2.490000009536743164e+00
8.157894611358642578e-01 -1.830000042915344238e+00
6.052631735801696777e-01 -4.700000882148742676e-01
3.157894611358642578e-01 -1.820000052452087402e+00
7.368420958518981934e-01 2.009999990463256836e+00
7.368420958518981934e-01 4.000000953674316406e-01
6.842104792594909668e-01 -1.940000057220458984e+00
5.789473652839660645e-01 -4.600000679492950439e-01
7.368420958518981934e-01 1.080000042915344238e+00
7.894736528396606445e-01 1.550000071525573730e+00
1.000000000000000000e+00 8.500000834465026855e-01
9.736841917037963867e-01 8.800000548362731934e-01
7.105262875556945801e-01 3.200000047683715820e+00
5.263157933950424194e-02 2.079999923706054688e+00
0.000000000000000000e+00 3.849999904632568359e+00
8.947368264198303223e-01 1.580000042915344238e+00
7.368420958518981934e-01 -4.000000000000000000e+00
6.578947305679321289e-01 7.900000810623168945e-01
5.263158082962036133e-01 3.799999952316284180e+00
5.263158082962036133e-01 -2.069999933242797852e+00
3.947368264198303223e-01 2.710000038146972656e+00
1.842105239629745483e-01 -3.900001049041748047e-01
7.894736528396606445e-02 9.600000381469726562e-01
2.631579041481018066e-01 -2.500000894069671631e-01
2.368421107530593872e-01 7.800000905990600586e-01
3.421052694320678711e-01 3.000000000000000000e+00
9.736841917037963867e-01 5.900000333786010742e-01
8.684210777282714844e-01 1.200000867247581482e-01
0.000000000000000000e+00 1.560000061988830566e+00
3.947368264198303223e-01 3.779999971389770508e+00
2.368421107530593872e-01 -2.350000143051147461e+00
1.052631586790084839e-01 2.759999990463256836e+00
1.052631586790084839e-01 2.809999942779541016e+00
7.631578445434570312e-01 -3.480000019073486328e+00
7.105262875556945801e-01 3.480000019073486328e+00
2.894736826419830322e-01 -3.870000123977661133e+00
1.842105239629745483e-01 -3.110000133514404297e+00
2.105263173580169678e-01 2.269999980926513672e+00
4.473684132099151611e-01 -3.759999990463256836e+00
0.000000000000000000e+00 -1.689999938011169434e+00
1.052631586790084839e-01 -1.910000085830688477e+00
7.105262875556945801e-01 -1.400000095367431641e+00
0.000000000000000000e+00 3.970000028610229492e+00
7.105262875556945801e-01 -1.480000138282775879e+00
2.631579041481018066e-01 -3.759999990463256836e+00
7.631578445434570312e-01 -3.799999952316284180e+00
7.105262875556945801e-01 3.849999904632568359e+00
4.210526347160339355e-01 9.900000095367431641e-01
9.736841917037963867e-01 -3.680000066757202148e+00
3.421052694320678711e-01 8.700000643730163574e-01
5.263158082962036133e-01 2.980000019073486328e+00
1.315789520740509033e-01 -3.009999990463256836e+00
9.210526347160339355e-01 -3.070000171661376953e+00
8.947368264198303223e-01 1.930000066757202148e+00
5.263158082962036133e-01 8.500000834465026855e-01
7.105262875556945801e-01 1.400000900030136108e-01
5.263157933950424194e-02 -3.660000085830688477e+00
2.631579041481018066e-01 -2.000008895993232727e-02
1.000000000000000000e+00 4.000000953674316406e-01
4.473684132099151611e-01 1.170000076293945312e+00
1.052631586790084839e-01 3.360000133514404297e+00
3.947368264198303223e-01 -3.320000171661376953e+00
9.736841917037963867e-01 -2.430000066757202148e+00
5.263158082962036133e-01 2.289999961853027344e+00
7.894736528396606445e-01 -2.120000123977661133e+00
5.789473652839660645e-01 1.300000071525573730e+00
1.578947305679321289e-01 1.180000066757202148e+00
3.421052694320678711e-01 2.400000095367431641e+00
6.842104792594909668e-01 -2.880000114440917969e+00
7.631578445434570312e-01 -2.079999923706054688e+00
7.368420958518981934e-01 2.400000095367431641e+00
8.684210777282714844e-01 4.000000953674316406e-01
2.105263173580169678e-01 -6.700000762939453125e-01
5.526316165924072266e-01 -3.509999990463256836e+00
7.368420958518981934e-01 -8.700000643730163574e-01
6.842104792594909668e-01 9.700000286102294922e-01
6.052631735801696777e-01 -1.360000014305114746e+00
1.578947305679321289e-01 1.360000014305114746e+00
7.368420958518981934e-01 -2.240000009536743164e+00
3.684210479259490967e-01 -3.759999990463256836e+00
7.368420958518981934e-01 8.800000548362731934e-01
1.578947305679321289e-01 1.720000028610229492e+00
0.000000000000000000e+00 -1.370000004768371582e+00
3.947368264198303223e-01 -3.330000162124633789e+00
1.052631586790084839e-01 2.589999914169311523e+00
8.157894611358642578e-01 -1.300000846385955811e-01
3.157894611358642578e-01 -2.480000019073486328e+00
0.000000000000000000e+00 -1.150000095367431641e+00
2.631579041481018066e-01 9.900000095367431641e-01
7.894736528396606445e-01 -2.940000057220458984e+00
7.368420958518981934e-01 -9.200000166893005371e-01
6.578947305679321289e-01 1.940000057220458984e+00
7.105262875556945801e-01 -1.720000028610229492e+00
5.526316165924072266e-01 -2.799999952316284180e+00
5.263158082962036133e-01 2.900000810623168945e-01
3.157894611358642578e-01 1.180000066757202148e+00
2.894736826419830322e-01 -1.400000095367431641e+00
2.631579041481018066e-01 -2.059999942779541016e+00
1.315789520740509033e-01 2.139999866485595703e+00
1.052631586790084839e-01 6.200000643730163574e-01
3.157894611358642578e-01 -1.670000076293945312e+00
9.736841917037963867e-01 -3.200000822544097900e-01
2.105263173580169678e-01 2.700000047683715820e+00
8.684210777282714844e-01 -2.000000774860382080e-01
8.947368264198303223e-01 9.400000572204589844e-01
9.473684430122375488e-01 3.680000066757202148e+00
9.210526347160339355e-01 -6.600000858306884766e-01
9.736841917037963867e-01 -2.180000066757202148e+00
5.263157933950424194e-02 1.100000023841857910e+00
5.263158082962036133e-01 2.549999952316284180e+00
8.157894611358642578e-01 -1.920000076293945312e+00
8.684210777282714844e-01 -2.800000905990600586e-01
8.421052694320678711e-01 3.170000076293945312e+00
8.421052694320678711e-01 -1.550000071525573730e+00
6.315789222717285156e-01 -1.769999980926513672e+00
3.947368264198303223e-01 3.410000085830688477e+00
2.631579041481018066e-01 3.909999847412109375e+00
2.631579041481018066e-01 -3.599999904632568359e+00
8.421052694320678711e-01 2.650000095367431641e+00
7.368420958518981934e-01 -2.900000095367431641e+00
2.894736826419830322e-01 -2.650000095367431641e+00
2.368421107530593872e-01 -1.800000071525573730e+00
2.631578966975212097e-02 -6.000008806586265564e-02
1.000000000000000000e+00 3.859999895095825195e+00
2.631578966975212097e-02 9.500000476837158203e-01
8.421052694320678711e-01 -1.320000052452087402e+00
7.894736528396606445e-02 -3.070000171661376953e+00
6.315789222717285156e-01 -3.670000076293945312e+00
8.684210777282714844e-01 -8.400000333786010742e-01
3.421052694320678711e-01 3.200000822544097900e-01
2.631579041481018066e-01 3.059999942779541016e+00
5.263158082962036133e-01 2.329999923706054688e+00
9.736841917037963867e-01 1.840000033378601074e+00
3.421052694320678711e-01 3.140000104904174805e+00
5.263158082962036133e-01 -1.090000152587890625e+00
3.421052694320678711e-01 1.570000052452087402e+00
2.368421107530593872e-01 -2.100000828504562378e-01
5.526316165924072266e-01 -1.170000076293945312e+00
2.631578966975212097e-02 -1.160000085830688477e+00
6.052631735801696777e-01 5.000000596046447754e-01
8.157894611358642578e-01 -2.600000143051147461e+00
0.000000000000000000e+00 3.579999923706054688e+00
2.368421107530593872e-01 -9.000000357627868652e-01
7.894736528396606445e-02 -5.100000500679016113e-01
2.368421107530593872e-01 2.069999933242797852e+00
8.157894611358642578e-01 2.600000798702239990e-01
6.052631735801696777e-01 -3.100000143051147461e+00
2.631578966975212097e-02 6.200000643730163574e-01
6.842104792594909668e-01 2.910000085830688477e+00
5.000000000000000000e-01 -1.910000085830688477e+00
8.421052694320678711e-01 1.440000057220458984e+00
2.105263173580169678e-01 3.279999971389770508e+00
7.105262875556945801e-01 -3.000009059906005859e-02
4.210526347160339355e-01 1.800000816583633423e-01
5.263157933950424194e-02 3.700000047683715820e+00
3.421052694320678711e-01 2.099999904632568359e+00
7.894736528396606445e-01 -2.630000114440917969e+00
2.105263173580169678e-01 3.289999961853027344e+00
6.052631735801696777e-01 3.600000739097595215e-01
7.894736528396606445e-02 -1.480000138282775879e+00
2.631578966975212097e-02 -1.250000119209289551e+00
3.947368264198303223e-01 -3.900000095367431641e+00
6.578947305679321289e-01 2.829999923706054688e+00
4.210526347160339355e-01 2.460000038146972656e+00
7.894736528396606445e-01 -3.740000009536743164e+00
2.368421107530593872e-01 -2.900000810623168945e-01
1.052631586790084839e-01 -9.500000476837158203e-01
8.157894611358642578e-01 -6.600000858306884766e-01
2.105263173580169678e-01 -1.790000081062316895e+00
6.578947305679321289e-01 2.009999990463256836e+00
1.052631586790084839e-01 3.160000085830688477e+00
7.631578445434570312e-01 2.220000028610229492e+00
5.263158082962036133e-01 1.659999966621398926e+00
8.421052694320678711e-01 -1.769999980926513672e+00
2.105263173580169678e-01 7.700001001358032227e-01
3.421052694320678711e-01 3.099999904632568359e+00
5.526316165924072266e-01 2.539999961853027344e+00
8.684210777282714844e-01 -1.670000076293945312e+00
4.736842215061187744e-01 3.460000038146972656e+00
5.263157933950424194e-02 2.809999942779541016e+00
2.105263173580169678e-01 -2.800000905990600586e-01
4.210526347160339355e-01 2.079999923706054688e+00
9.473684430122375488e-01 -2.660000085830688477e+00
4.736842215061187744e-01 1.920000076293945312e+00
1.842105239629745483e-01 1.140000104904174805e+00
6.842104792594909668e-01 2.690000057220458984e+00
6.052631735801696777e-01 -3.880000114440917969e+00
5.789473652839660645e-01 -2.200000882148742676e-01
6.842104792594909668e-01 1.409999966621398926e+00
6.052631735801696777e-01 2.200000047683715820e+00
6.842104792594909668e-01 3.750000000000000000e+00
8.421052694320678711e-01 1.560000061988830566e+00
7.368420958518981934e-01 -3.620000123977661133e+00
4.473684132099151611e-01 1.930000066757202148e+00
7.894736528396606445e-02 -3.370000123977661133e+00
9.736841917037963867e-01 1.090000033378601074e+00
9.473684430122375488e-01 1.540000081062316895e+00
8.421052694320678711e-01 3.990000009536743164e+00
5.000000000000000000e-01 -1.070000171661376953e+00
9.473684430122375488e-01 1.220000028610229492e+00
0.000000000000000000e+00 1.759999990463256836e+00
5.263157933950424194e-02 9.800000190734863281e-01
1.578947305679321289e-01 9.900000095367431641e-01
4.210526347160339355e-01 8.700000643730163574e-01
9.736841917037963867e-01 -1.990000009536743164e+00
0.000000000000000000e+00 1.639999985694885254e+00
3.947368264198303223e-01 -3.370000123977661133e+00
2.631578966975212097e-02 -3.900001049041748047e-01
7.894736528396606445e-01 3.700000047683715820e+00
7.631578445434570312e-01 -1.560000061988830566e+00
2.105263173580169678e-01 1.560000061988830566e+00
4.473684132099151611e-01 3.829999923706054688e+00
6.052631735801696777e-01 -1.200000867247581482e-01
8.421052694320678711e-01 -3.090000152587890625e+00
8.421052694320678711e-01 -3.670000076293945312e+00
3.684210479259490967e-01 1.740000009536743164e+00
5.000000000000000000e-01 1.850000023841857910e+00
8.684210777282714844e-01 1.150000095367431641e+00
6.052631735801696777e-01 2.910000085830688477e+00
6.578947305679321289e-01 4.100000858306884766e-01
1.315789520740509033e-01 -2.789999961853027344e+00
7.631578445434570312e-01 -3.610000133514404297e+00
6.052631735801696777e-01 2.839999914169311523e+00
8.157894611358642578e-01 1.450000047683715820e+00
7.894736528396606445e-02 3.349999904632568359e+00
4.473684132099151611e-01 -3.500000834465026855e-01
4.736842215061187744e-01 -3.350000143051147461e+00
2.631579041481018066e-01 1.470000028610229492e+00
2.631578966975212097e-02 -3.660000085830688477e+00
5.526316165924072266e-01 3.259999990463256836e+00
7.894736528396606445e-01 -6.200001239776611328e-01
7.894736528396606445e-01 1.100000023841857910e+00
1.315789520740509033e-01 -5.800001025199890137e-01
3.684210479259490967e-01 1.600000858306884766e-01
3.421052694320678711e-01 3.839999914169311523e+00
4.736842215061187744e-01 3.559999942779541016e+00
5.263157933950424194e-02 -1.100000143051147461e+00
6.842104792594909668e-01 6.700000762939453125e-01
9.210526347160339355e-01 -3.740000009536743164e+00
4.736842215061187744e-01 -5.000008642673492432e-02
6.578947305679321289e-01 1.530000090599060059e+00
7.105262875556945801e-01 -2.500000000000000000e+00
8.421052694320678711e-01 3.559999942779541016e+00
3.421052694320678711e-01 2.549999952316284180e+00
7.105262875556945801e-01 1.560000061988830566e+00
0.000000000000000000e+00 -1.210000038146972656e+00
4.473684132099151611e-01 1.150000095367431641e+00
9.736841917037963867e-01 1.200000867247581482e-01
4.736842215061187744e-01 2.430000066757202148e+00
7.894736528396606445e-01 3.750000000000000000e+00
5.263158082962036133e-01 -2.900000095367431641e+00
6.578947305679321289e-01 -5.900000929832458496e-01
3.947368264198303223e-01 3.659999847412109375e+00
8.684210777282714844e-01 -3.060000181198120117e+00
6.052631735801696777e-01 1.510000109672546387e+00
5.000000000000000000e-01 -2.360000133514404297e+00
2.631579041481018066e-01 -2.259999990463256836e+00
7.631578445434570312e-01 -3.549999952316284180e+00
6.315789222717285156e-01 1.710000038146972656e+00
3.421052694320678711e-01 -2.500000894069671631e-01
2.368421107530593872e-01 -3.700000941753387451e-01
5.000000000000000000e-01 -4.500000774860382080e-01
3.947368264198303223e-01 -1.640000104904174805e+00
8.421052694320678711e-01 1.769999980926513672e+00
3.421052694320678711e-01 -2.120000123977661133e+00
2.105263173580169678e-01 3.170000076293945312e+00
2.631578966975212097e-02 4.000008851289749146e-02
2.105263173580169678e-01 -3.809999942779541016e+00
4.736842215061187744e-01 1.789999961853027344e+00
5.526316165924072266e-01 -3.470000028610229492e+00
4.736842215061187744e-01 1.240000009536743164e+00
5.263157933950424194e-02 -1.430000066757202148e+00
5.263158082962036133e-01 1.030000090599060059e+00
4.473684132099151611e-01 2.680000066757202148e+00
9.473684430122375488e-01 -2.360000133514404297e+00
7.105262875556945801e-01 -3.779999971389770508e+00
5.000000000000000000e-01 9.900000095367431641e-01
9.210526347160339355e-01 -8.200000524520874023e-01
2.631579041481018066e-01 9.700000286102294922e-01
8.684210777282714844e-01 2.359999895095825195e+00
1.842105239629745483e-01 3.170000076293945312e+00
5.789473652839660645e-01 -9.300000667572021484e-01
8.421052694320678711e-01 2.079999923706054688e+00
6.842104792594909668e-01 1.310000061988830566e+00
3.947368264198303223e-01 -8.500000834465026855e-01
6.052631735801696777e-01 -2.700001001358032227e-01
2.631579041481018066e-01 9.300000667572021484e-01
4.473684132099151611e-01 1.140000104904174805e+00
8.947368264198303223e-01 -1.520000100135803223e+00
9.736841917037963867e-01 1.320000052452087402e+00
1.000000000000000000e+00 2.890000104904174805e+00
3.947368264198303223e-01 -6.800000667572021484e-01
1.052631586790084839e-01 1.920000076293945312e+00
5.263158082962036133e-01 3.000000715255737305e-01
2.368421107530593872e-01 -2.900000095367431641e+00
9.473684430122375488e-01 8.300000429153442383e-01
5.263157933950424194e-02 5.400000810623168945e-01
9.210526347160339355e-01 2.579999923706054688e+00
2.894736826419830322e-01 2.900000810623168945e-01
9.473684430122375488e-01 1.060000061988830566e+00
8.684210777282714844e-01 -1.870000123977661133e+00
3.947368264198303223e-01 -1.830000042915344238e+00
5.789473652839660645e-01 1.030000090599060059e+00
2.368421107530593872e-01 2.690000057220458984e+00
4.473684132099151611e-01 3.579999923706054688e+00
9.473684430122375488e-01 2.589999914169311523e+00
8.947368264198303223e-01 3.809999942779541016e+00
6.578947305679321289e-01 2.910000085830688477e+00
8.421052694320678711e-01 6.200000643730163574e-01
2.105263173580169678e-01 1.570000052452087402e+00
9.736841917037963867e-01 3.829999923706054688e+00
6.315789222717285156e-01 -2.430000066757202148e+00
9.736841917037963867e-01 -1.600000023841857910e+00
1.315789520740509033e-01 1.330000042915344238e+00
9.210526347160339355e-01 1.590000152587890625e+00
8.684210777282714844e-01 -1.289999961853027344e+00
3.157894611358642578e-01 -2.570000171661376953e+00
9.210526347160339355e-01 3.349999904632568359e+00
3.947368264198303223e-01 -2.240000009536743164e+00
9.736841917037963867e-01 3.740000009536743164e+00
6.315789222717285156e-01 -1.790000081062316895e+00
9.473684430122375488e-01 -1.150000095367431641e+00
3.947368264198303223e-01 2.680000066757202148e+00
6.842104792594909668e-01 -9.700000882148742676e-01
6.578947305679321289e-01 4.200001060962677002e-01
7.631578445434570312e-01 -1.250000119209289551e+00
4.210526347160339355e-01 9.600000381469726562e-01
5.526316165924072266e-01 3.920000076293945312e+00
6.052631735801696777e-01 7.900000810623168945e-01
1.578947305679321289e-01 3.200000047683715820e+00
1.052631586790084839e-01 -2.519999980926513672e+00
4.736842215061187744e-01 1.750000119209289551e+00
1.000000000000000000e+00 -8.000000715255737305e-01
