-5.054314620792865753e-03
-2.005211822688579559e-02
2.716411277651786804e-02
2.057854086160659790e-03
-1.780263148248195648e-02
-1.353415474295616150e-02
3.970004618167877197e-03
-3.205768764019012451e-03
-3.830152004957199097e-02
-2.842894196510314941e-02
-4.559937492012977600e-02
-4.357142746448516846e-02
-3.578690439462661743e-02
-1.474131084978580475e-02
-5.044238641858100891e-03
-5.300638824701309204e-02
-1.879198476672172546e-02
3.411129117012023926e-03
4.716188460588455200e-02
-7.594255730509757996e-03
-2.174176461994647980e-02
-1.353774033486843109e-02
8.627384901046752930e-02
-4.588161595165729523e-03
-4.807444289326667786e-03
-2.499076351523399353e-02
2.720889821648597717e-02
-2.266329154372215271e-02
-1.649989932775497437e-02
1.123548522591590881e-01
1.045382469892501831e-01
-3.008573502302169800e-02
5.255553871393203735e-03
-1.184988766908645630e-02
1.841969415545463562e-02
-1.170173194259405136e-02
-5.351021885871887207e-03
5.271222442388534546e-03
-3.907045349478721619e-03
-1.341097895056009293e-02
-9.782150387763977051e-03
-9.195230901241302490e-03
-5.516693368554115295e-02
-7.441041991114616394e-03
-2.467508800327777863e-02
-4.918378964066505432e-02
-6.981271784752607346e-03
-1.623264886438846588e-02
-2.344938367605209351e-02
2.770939655601978302e-02
-1.611558496952056885e-01
4.270649515092372894e-03
-1.645900495350360870e-02
9.774468839168548584e-03
-2.422294393181800842e-02
4.507287591695785522e-02
4.501592367887496948e-03
-2.530987747013568878e-02
2.090209163725376129e-03
1.842820085585117340e-03
-1.158047839999198914e-02
-2.406219020485877991e-03
6.048953160643577576e-03
-1.381210889667272568e-02
2.071820199489593506e-03
-2.765479311347007751e-02
-1.192685812711715698e-01
-7.085014600306749344e-03
-1.324201282113790512e-02
4.627661779522895813e-03
2.322001010179519653e-02
-1.134720165282487869e-02
2.167495898902416229e-03
-4.567562602460384369e-03
-7.326504588127136230e-02
-9.886056184768676758e-02
8.955905213952064514e-04
3.377527743577957153e-02
1.400032546371221542e-02
-3.184014186263084412e-02
6.114229932427406311e-02
-4.184602759778499603e-03
-1.054571196436882019e-02
-4.557028040289878845e-02
7.730349898338317871e-03
-1.455201115459203720e-02
-1.101846154779195786e-02
1.410440541803836823e-03
7.830429077148437500e-02
-4.159629344940185547e-03
-5.527402274310588837e-03
1.358207128942012787e-02
-8.226490579545497894e-03
1.509184762835502625e-02
3.699604421854019165e-02
-3.725361824035644531e-02
-1.780886948108673096e-02
-1.903201639652252197e-02
-1.684813201427459717e-02
-2.271169610321521759e-02
-5.675366148352622986e-02
-4.714827518910169601e-03
-2.090680412948131561e-02
-1.077225897461175919e-02
-6.079697981476783752e-03
-1.625121198594570160e-02
4.594320803880691528e-02
-3.381815738976001740e-03
-3.574475646018981934e-03
1.115549448877573013e-02
-7.078915834426879883e-03
6.620319932699203491e-02
-2.033671177923679352e-02
8.868637681007385254e-02
7.250300049781799316e-02
-8.295410312712192535e-03
7.255209609866142273e-03
6.540523469448089600e-02
-1.733145862817764282e-02
8.934784680604934692e-03
-1.160193514078855515e-02
-1.270127482712268829e-02
2.166237682104110718e-03
-8.457329124212265015e-02
-9.842830710113048553e-03
-1.243198476731777191e-02
7.229398190975189209e-02
-5.401255097240209579e-03
2.973188459873199463e-02
-9.516976773738861084e-02
-3.750497847795486450e-02
2.260239794850349426e-02
-2.326995879411697388e-02
-1.113863103091716766e-02
2.002240158617496490e-03
-5.653683096170425415e-03
1.138281077146530151e-03
-1.835759356617927551e-02
7.163614034652709961e-03
4.884308204054832458e-02
-8.748094737529754639e-02
9.103443473577499390e-03
-1.833780109882354736e-02
-4.354520700871944427e-03
-1.167589426040649414e-02
-9.428849816322326660e-02
-2.959340065717697144e-02
4.930326715111732483e-03
5.740872025489807129e-02
-2.864848449826240540e-02
-3.598877787590026855e-02
-1.870938390493392944e-02
-4.257094115018844604e-03
-4.943218082189559937e-02
-4.105659201741218567e-03
-1.951880007982254028e-02
-1.327966153621673584e-02
-9.740274399518966675e-04
5.088187754154205322e-05
-9.816290810704231262e-03
4.121295362710952759e-02
-1.144513394683599472e-02
-6.301887333393096924e-02
-1.143846288323402405e-02
2.727825753390789032e-02
-1.409276574850082397e-01
4.040068015456199646e-03
3.602825105190277100e-03
-2.821255289018154144e-02
-1.537014637142419815e-02
-2.586350589990615845e-02
1.396664604544639587e-02
-3.159861639142036438e-02
8.243875205516815186e-02
3.723932430148124695e-03
2.099082805216312408e-03
-2.265537157654762268e-03
6.829044222831726074e-02
-1.198992226272821426e-02
3.281124308705329895e-02
-2.803582698106765747e-03
-1.570597849786281586e-02
3.982717171311378479e-04
-1.147854141891002655e-02
-1.042003370821475983e-02
1.537649892270565033e-03
7.745206356048583984e-03
-3.508621454238891602e-01
-2.477956004440784454e-02
-2.214256674051284790e-03
-2.389910258352756500e-02
-2.082218043506145477e-02
-9.311079047620296478e-03
-3.584604710340499878e-04
-1.020516827702522278e-01
-6.670799572020769119e-03
2.020731009542942047e-02
-4.165720194578170776e-02
-2.028242871165275574e-02
3.871651366353034973e-03
7.939149439334869385e-02
-1.124183461070060730e-02
-2.160803042352199554e-02
-1.554849836975336075e-02
1.782848499715328217e-02
-6.892555207014083862e-02
1.462916471064090729e-02
5.584483966231346130e-03
-6.597750820219516754e-03
1.159023270010948181e-01
-4.871620982885360718e-02
-2.605288662016391754e-02
-1.607389189302921295e-02
-1.077373605221509933e-02
-6.150846183300018311e-02
-2.923619560897350311e-02
-1.047842763364315033e-02
-2.282658591866493225e-02
2.575136348605155945e-02
1.269573345780372620e-02
6.084398180246353149e-02
8.636567741632461548e-03
2.518804743885993958e-02
-1.396751310676336288e-02
-2.417798154056072235e-02
2.089634537696838379e-03
-1.626889966428279877e-02
5.115959793329238892e-03
4.812443628907203674e-03
1.823072880506515503e-02
1.147583127021789551e-03
-7.955685257911682129e-03
-6.839939393103122711e-03
2.179669216275215149e-02
5.802428349852561951e-04
-1.876750588417053223e-01
-1.742647588253021240e-02
-1.790839247405529022e-02
1.159104332327842712e-02
5.467646569013595581e-02
-9.256032109260559082e-02
-4.208735749125480652e-02
-5.623508244752883911e-02
-4.023708403110504150e-02
2.331297844648361206e-03
-1.303220447152853012e-02
-1.024450920522212982e-02
5.336751043796539307e-02
5.296481028199195862e-02
1.360170170664787292e-02
1.853861659765243530e-02
-2.567766979336738586e-02
-2.267427183687686920e-02
2.003661915659904480e-02
-7.288829423487186432e-03
-4.089519008994102478e-02
-1.382503472268581390e-02
1.678917184472084045e-02
-4.624349623918533325e-02
1.155992969870567322e-03
4.458725452423095703e-02
-1.440626382827758789e-02
-1.662728562951087952e-02
7.217992842197418213e-02
4.327630624175071716e-02
-9.697599336504936218e-03
-1.701093651354312897e-02
-1.157886534929275513e-02
-9.291977621614933014e-03
1.181071624159812927e-02
-5.264183506369590759e-03
4.069337621331214905e-03
7.776841521263122559e-04
-2.299451828002929688e-02
-4.018316045403480530e-03
-1.184665691107511520e-02
-4.278904199600219727e-02
3.109683282673358917e-03
2.858624607324600220e-02
-7.984628900885581970e-03
2.384236082434654236e-03
1.059817150235176086e-02
4.320854693651199341e-02
-1.927147246897220612e-02
-9.678794443607330322e-02
-1.397424377501010895e-03
-1.466550119221210480e-02
-6.425095256417989731e-03
-9.093768894672393799e-03
-1.711022481322288513e-02
-1.201812177896499634e-02
-1.293501164764165878e-02
1.044922415167093277e-02
2.616824582219123840e-03
-1.775774359703063965e-02
1.059947535395622253e-02
-4.726449027657508850e-02
3.001029416918754578e-02
2.891740389168262482e-02
6.962408870458602905e-02
-1.698279008269309998e-02
-9.766472503542900085e-03
-1.043061017990112305e-01
-1.857703179121017456e-02
-5.315566901117563248e-03
1.211707442998886108e-01
-3.301657736301422119e-02
-3.894456103444099426e-02
2.773824147880077362e-02
-1.596546545624732971e-02
-3.162228316068649292e-02
9.450715035200119019e-03
-7.243313826620578766e-03
1.236824691295623779e-01
1.298347860574722290e-01
1.079173684120178223e-01
-1.343516819179058075e-02
-3.996903076767921448e-03
3.574341535568237305e-02
-4.101976752281188965e-02
-7.703834678977727890e-03
-6.790681742131710052e-03
-8.820950984954833984e-03
-3.829225152730941772e-02
2.347710728645324707e-02
-1.033248286694288254e-02
-1.052684523165225983e-02
-1.209848187863826752e-02
1.876244880259037018e-02
3.823723644018173218e-03
-4.315829277038574219e-02
-8.054899983108043671e-03
-6.855416111648082733e-03
-6.097818911075592041e-02
-5.299614742398262024e-03
1.781585440039634705e-02
-1.619977131485939026e-02
2.595370635390281677e-03
-1.426761876791715622e-02
1.363937929272651672e-02
4.165215790271759033e-02
-6.002982333302497864e-02
-3.414632380008697510e-01
-7.558929733932018280e-03
1.120633911341428757e-02
-1.341465860605239868e-02
-7.196802645921707153e-03
-5.478535778820514679e-03
5.752656608819961548e-02
2.007910981774330139e-03
3.567682951688766479e-02
-2.387544885277748108e-02
-1.053364947438240051e-03
-6.564799696207046509e-02
-5.152710527181625366e-02
-1.321260258555412292e-02
-6.835225969552993774e-03
-2.980922348797321320e-03
-5.405837669968605042e-03
-3.709014132618904114e-02
-2.169205248355865479e-02
1.319374442100524902e-01
1.029640436172485352e-02
1.412048935890197754e-02
-1.603260263800621033e-02
-1.101176161319017410e-02
-1.384522952139377594e-02
8.227308839559555054e-02
3.800226375460624695e-03
-3.045191429555416107e-02
-1.065675169229507446e-02
1.661524176597595215e-02
-1.069634407758712769e-02
-1.576787978410720825e-02
-8.995710872113704681e-03
8.567467331886291504e-03
6.473483517765998840e-04
-2.053500153124332428e-03
8.332341164350509644e-02
-1.501874998211860657e-02
-1.296550035476684570e-01
4.644189402461051941e-02
-9.381847456097602844e-03
2.348200418055057526e-03
3.021432459354400635e-02
1.953885890543460846e-02
1.507523655891418457e-02
-2.970420010387897491e-02
-4.093947634100914001e-02
-1.522885635495185852e-02
-1.017499715089797974e-02
-9.647783823311328888e-03
7.262931764125823975e-02
-4.995905235409736633e-02
2.310130000114440918e-02
1.847956329584121704e-03
4.829673841595649719e-02
-1.277648471295833588e-02
2.691421471536159515e-02
-3.017860651016235352e-02
-1.645133644342422485e-02
-1.390117965638637543e-02
-7.207312155514955521e-03
-8.440593373961746693e-04
-2.129951678216457367e-02
-1.431109942495822906e-02
-7.497258484363555908e-03
-9.354428388178348541e-03
-2.097519673407077789e-02
-1.622123271226882935e-02
9.190168231725692749e-03
7.094692438840866089e-03
-1.471787691116333008e-04
1.747876778244972229e-02
-1.695335283875465393e-02
-5.009094998240470886e-02
-2.863599685952067375e-03
-1.490873098373413086e-02
-9.803699329495429993e-03
-2.625426650047302246e-02
-1.591901481151580811e-02
-4.516562446951866150e-03
-1.027460303157567978e-02
-1.900688372552394867e-02
-1.886350810527801514e-01
-1.798142120242118835e-02
-8.363727480173110962e-03
-4.122265428304672241e-02
3.819882869720458984e-03
3.713917732238769531e-02
6.353942677378654480e-03
1.071355119347572327e-02
1.972645521163940430e-03
-1.526899263262748718e-02
-1.728247385472059250e-03
-5.099646281450986862e-03
-1.360234990715980530e-02
-4.698807746171951294e-02
7.128635421395301819e-03
-1.004268601536750793e-01
1.646279823035001755e-03
-1.484009716659784317e-02
-2.068948931992053986e-02
-1.358406525105237961e-02
1.769940927624702454e-02
5.674924701452255249e-03
-1.362528093159198761e-02
-3.033431945368647575e-03
-2.050659246742725372e-02
-8.916104584932327271e-02
-2.044931799173355103e-02
1.954386010766029358e-02
-1.394561026245355606e-02
1.613920554518699646e-03
-2.124364674091339111e-02
-4.916404187679290771e-02
-1.495693065226078033e-02
-1.061502005904912949e-02
4.671827703714370728e-02
-1.225370168685913086e-01
-3.377012908458709717e-03
1.760414056479930878e-02
1.470162533223628998e-05
2.731211297214031219e-02
1.676895096898078918e-02
2.957720682024955750e-02
-1.604470238089561462e-02
-1.743880286812782288e-02
-3.452945500612258911e-02
-2.113137207925319672e-02
3.351919353008270264e-02
5.237162113189697266e-02
-1.938039436936378479e-03
-1.026909705251455307e-02
-1.091922260820865631e-02
-1.169573515653610229e-02
3.494330868124961853e-02
3.526046127080917358e-02
-1.427652239799499512e-01
-1.481952797621488571e-02
-4.341608658432960510e-02
1.593009755015373230e-02
2.246867679059505463e-02
1.997452974319458008e-02
-3.351229429244995117e-02
-9.081711992621421814e-03
-5.022519268095493317e-03
-1.429911423474550247e-02
-1.025483291596174240e-02
-1.614453829824924469e-02
2.207876183092594147e-03
-1.860684156417846680e-02
-1.461831759661436081e-02
6.767499446868896484e-02
-3.789248317480087280e-02
3.070726525038480759e-04
3.291274607181549072e-02
-5.535184592008590698e-02
-2.361645996570587158e-01
-1.464470196515321732e-02
-9.492539614439010620e-02
2.112662047147750854e-02
-4.637205600738525391e-02
-2.180150151252746582e-02
-1.354645639657974243e-01
-1.719805039465427399e-02
2.338871732354164124e-02
-2.167034521698951721e-02
-3.202369809150695801e-02
9.987348318099975586e-02
-1.265032216906547546e-02
-1.313237100839614868e-02
-1.329447887837886810e-02
2.155555784702301025e-02
-6.736953556537628174e-02
-6.040859501808881760e-03
-1.316826045513153076e-02
-1.973902806639671326e-03
-7.492216303944587708e-03
-4.432003572583198547e-02
-2.050239220261573792e-02
-3.244974650442600250e-03
-1.008578017354011536e-02
-1.408996060490608215e-02
-3.451794385910034180e-02
1.346038654446601868e-03
1.115996316075325012e-01
-5.738132447004318237e-02
7.600212097167968750e-02
2.268614247441291809e-03
-1.264273654669523239e-02
4.116388969123363495e-03
-1.470449473708868027e-02
2.231308445334434509e-02
-1.291695423424243927e-02
-5.741660296916961670e-02
-3.548221662640571594e-02
-8.580929785966873169e-02
2.134636044502258301e-02
1.398330926895141602e-02
4.628695175051689148e-02
-2.206331118941307068e-02
2.602796256542205811e-02
-4.519474692642688751e-03
-9.417608380317687988e-03
3.513554111123085022e-04
2.038455009460449219e-02
1.470926403999328613e-02
-4.156328737735748291e-03
7.406305521726608276e-04
-1.826521195471286774e-02
-1.529498212039470673e-02
-2.758967876434326172e-02
-1.691549271345138550e-02
-3.700260445475578308e-02
4.818167164921760559e-02
2.133440598845481873e-02
9.210970997810363770e-02
-1.416600793600082397e-01
-2.300456911325454712e-02
-2.440621331334114075e-02
9.434621781110763550e-03
-1.325739547610282898e-02
3.726482391357421875e-02
-1.414584461599588394e-03
-5.511350557208061218e-02
1.070435717701911926e-02
-3.598541487008333206e-03
-5.759494379162788391e-02
-4.588650539517402649e-03
-3.610808029770851135e-02
-1.326609402894973755e-02
2.228179387748241425e-02
-1.516396366059780121e-02
1.423990167677402496e-02
-2.212679013609886169e-02
5.243169143795967102e-03
-9.713694453239440918e-07
-2.545865252614021301e-02
4.407462105154991150e-02
-1.796541363000869751e-02
-1.234344467520713806e-01
-1.119388081133365631e-02
-3.659186139702796936e-02
-7.432371377944946289e-03
-1.183287426829338074e-02
-5.515769124031066895e-03
2.813766151666641235e-02
-6.755980663001537323e-03
-1.726701483130455017e-02
9.388942271471023560e-04
7.340902462601661682e-03
9.735967218875885010e-02
-1.027823388576507568e-01
-1.320510357618331909e-02
-1.245534047484397888e-02
-7.636200636625289917e-02
-1.728450134396553040e-02
-1.502461731433868408e-02
-7.306571584194898605e-03
1.330660656094551086e-02
-5.196488462388515472e-03
-3.060987219214439392e-04
-2.033959701657295227e-02
-1.010091044008731842e-02
-1.443133950233459473e-01
-1.564592309296131134e-02
-7.644893974065780640e-02
-3.804904967546463013e-02
7.739454507827758789e-03
-1.222876831889152527e-02
-3.265476971864700317e-02
5.426758527755737305e-02
-3.144413605332374573e-02
1.107372343540191650e-02
-2.192932367324829102e-02
7.181029766798019409e-03
-1.311438232660293579e-01
3.509239107370376587e-02
-1.437555439770221710e-02
5.483242124319076538e-02
-6.724189035594463348e-03
7.180948741734027863e-03
3.220739588141441345e-02
2.525052614510059357e-02
-3.223280236124992371e-02
-7.996390573680400848e-03
-2.374104708433151245e-01
-6.502749398350715637e-03
4.491738602519035339e-02
-1.086094230413436890e-02
-7.619552314281463623e-03
8.634807169437408447e-02
-7.005587220191955566e-03
1.160764098167419434e-01
1.954603008925914764e-03
-6.551382690668106079e-02
-7.623776327818632126e-03
1.657841354608535767e-02
-4.668276757001876831e-03
6.223924458026885986e-03
-9.926265105605125427e-03
2.409797906875610352e-02
-5.344169680029153824e-03
5.139907822012901306e-03
-1.428660936653614044e-03
-2.967029064893722534e-02
-1.269804313778877258e-03
-3.112969174981117249e-02
1.153151318430900574e-02
-7.742142677307128906e-02
-6.795932538807392120e-03
2.512065321207046509e-02
-1.079526636749505997e-02
-6.818270310759544373e-03
-3.722598776221275330e-04
-4.813593998551368713e-02
4.433190077543258667e-02
-1.377405971288681030e-02
-6.150373257696628571e-03
-1.008060481399297714e-02
-2.034307457506656647e-03
4.132967442274093628e-03
4.717133939266204834e-03
3.752936422824859619e-02
3.168025985360145569e-02
-2.582194283604621887e-02
2.343662083148956299e-02
2.517037466168403625e-02
-2.224439755082130432e-02
-9.233597666025161743e-03
-3.035129047930240631e-02
1.465159654617309570e-02
-4.630642384290695190e-02
-1.429758407175540924e-02
1.864339224994182587e-02
-3.200626000761985779e-03
-8.560348302125930786e-03
-1.504364982247352600e-02
1.171530969440937042e-02
-1.403728872537612915e-02
2.901814877986907959e-03
1.505254581570625305e-02
-3.019376657903194427e-02
-4.949735850095748901e-02
2.818675152957439423e-02
-8.854502812027931213e-03
6.534382700920104980e-03
1.218963414430618286e-02
-1.966450363397598267e-02
2.482371404767036438e-03
-3.760372102260589600e-02
-2.543971687555313110e-02
-5.435474216938018799e-03
-5.512046627700328827e-03
-5.601637996733188629e-03
-5.812263116240501404e-03
-3.310198080725967884e-04
-1.711441203951835632e-02
9.087067842483520508e-02
4.461050033569335938e-03
5.297088995575904846e-03
2.027920261025428772e-02
8.423533290624618530e-05
-6.306475261226296425e-04
1.022765785455703735e-02
-3.291349858045578003e-03
7.838571071624755859e-02
-2.626079693436622620e-02
-1.507373340427875519e-02
-1.308333128690719604e-02
-4.438157752156257629e-02
3.994610160589218140e-03
8.044682443141937256e-03
-1.344889029860496521e-02
-2.300458960235118866e-03
-1.522239148616790771e-01
-9.650939144194126129e-03
2.337582036852836609e-02
1.242538541555404663e-02
-1.726980879902839661e-02
3.184661269187927246e-03
-3.046321682631969452e-03
-1.097055524587631226e-02
2.608923241496086121e-03
-2.378072217106819153e-02
1.038413122296333313e-01
2.960865572094917297e-02
-1.872927546501159668e-01
2.136303111910820007e-03
-6.714341044425964355e-02
-2.260381355881690979e-03
-2.249295823276042938e-03
2.641814574599266052e-02
-1.852194219827651978e-02
4.804782569408416748e-03
-1.979686133563518524e-02
-1.056468300521373749e-02
-1.919593662023544312e-02
5.970017984509468079e-03
3.912639804184436798e-04
-5.593972280621528625e-02
1.061757653951644897e-01
-1.828819699585437775e-02
4.063258692622184753e-02
3.218152560293674469e-03
-3.590179234743118286e-02
-1.308892760425806046e-02
-1.252898015081882477e-02
2.616290003061294556e-04
-1.470325328409671783e-02
2.564372494816780090e-02
2.797139808535575867e-03
-3.177457489073276520e-03
4.474781453609466553e-03
2.229709178209304810e-03
8.807247504591941833e-03
-4.378962889313697815e-02
-1.944003999233245850e-02
-1.831918209791183472e-02
-4.725677892565727234e-02
1.384670659899711609e-02
-1.477363519370555878e-02
-2.454801276326179504e-02
7.902225479483604431e-03
6.731983274221420288e-02
2.496984973549842834e-02
-2.107762917876243591e-02
-4.715184494853019714e-02
-2.500914782285690308e-02
-2.912501618266105652e-02
1.413218490779399872e-02
2.088637650012969971e-02
-7.859056815505027771e-03
9.128173440694808960e-02
1.438756585121154785e-01
-2.185635641217231750e-02
-3.111775033175945282e-02
-2.783451974391937256e-02
3.816387057304382324e-02
-2.479561604559421539e-02
5.511851981282234192e-03
8.963992819190025330e-03
-1.397338230162858963e-02
4.563719034194946289e-03
8.698888123035430908e-03
-4.606023803353309631e-02
3.907173126935958862e-02
1.319510862231254578e-03
-1.847005635499954224e-02
4.015043377876281738e-02
-3.598532406613230705e-03
-2.487744390964508057e-02
-2.299970015883445740e-02
-4.079896211624145508e-02
-8.214333094656467438e-03
-3.055109083652496338e-02
4.044120199978351593e-03
-1.216331962496042252e-02
3.151530399918556213e-04
-9.877152740955352783e-03
2.130345441401004791e-03
1.903647556900978088e-03
-2.022383734583854675e-03
-5.536182224750518799e-02
5.324836820363998413e-03
2.032052725553512573e-04
-1.516801491379737854e-02
-1.696733012795448303e-02
2.291720733046531677e-02
9.240272641181945801e-02
4.470799118280410767e-03
-2.140276832506060600e-03
-2.320883236825466156e-02
-1.809896901249885559e-02
9.011087007820606232e-03
5.320164561271667480e-02
-1.016794331371784210e-02
4.874253645539283752e-04
-1.794210448861122131e-02
-7.963763177394866943e-02
-1.447863131761550903e-02
-2.376288920640945435e-02
6.565151736140251160e-03
-1.591059565544128418e-01
-7.297242991626262665e-03
1.394188962876796722e-03
-1.942423358559608459e-02
5.964294821023941040e-02
-3.232808113098144531e-01
-7.404681295156478882e-02
-4.526382312178611755e-03
-1.344312727451324463e-02
1.699740812182426453e-02
-5.240536108613014221e-02
-9.003124199807643890e-03
-1.187956519424915314e-02
-3.938535600900650024e-02
2.248976379632949829e-03
-2.045208215713500977e-02
-5.909979715943336487e-02
-2.086742967367172241e-02
-1.053035818040370941e-02
5.520712584257125854e-03
1.286080107092857361e-02
-2.832848392426967621e-02
7.220596075057983398e-03
-3.831863403320312500e-02
-1.413474697619676590e-02
2.907985076308250427e-02
-1.703796163201332092e-02
-9.780507534742355347e-04
-3.658193722367286682e-02
-1.696131657809019089e-04
-1.179349794983863831e-02
-8.102929219603538513e-03
8.784346282482147217e-04
-8.918127045035362244e-03
9.082996845245361328e-02
-1.194307953119277954e-02
-6.208168342709541321e-03
2.712190151214599609e-03
-1.131066400557756424e-02
-2.143872343003749847e-02
1.476191543042659760e-02
-1.150790788233280182e-02
7.425570860505104065e-03
-1.277086557820439339e-03
3.025150857865810394e-03
5.728979408740997314e-02
-2.724728919565677643e-02
-9.071807377040386200e-03
-2.010960690677165985e-02
-1.723031327128410339e-02
5.790425837039947510e-02
1.729374751448631287e-03
-4.406609013676643372e-02
-1.537514943629503250e-02
-5.274748429656028748e-03
-1.228525489568710327e-02
2.223943546414375305e-02
-7.083582878112792969e-02
2.257724106311798096e-02
1.163590699434280396e-03
-3.757733153179287910e-03
-1.672944240272045135e-02
-3.235350828617811203e-03
-4.430234432220458984e-03
3.443481028079986572e-02
-2.184604853391647339e-02
-6.561421789228916168e-03
7.462143898010253906e-03
-4.385859705507755280e-03
-3.947609104216098785e-03
2.132152020931243896e-02
-4.410582780838012695e-02
-1.965487748384475708e-02
-2.032907679677009583e-02
5.198394879698753357e-03
-1.396399457007646561e-02
-4.316647723317146301e-02
-2.800975926220417023e-02
1.565829366445541382e-01
-2.382509224116802216e-02
-7.464793324470520020e-02
-2.583844214677810669e-02
-1.425358280539512634e-02
-3.875761292874813080e-03
6.615560501813888550e-03
-2.393859997391700745e-02
6.025495007634162903e-03
1.590766385197639465e-02
7.425470277667045593e-03
-1.789020001888275146e-02
3.574429079890251160e-03
2.889255061745643616e-02
2.103261649608612061e-02
2.739379182457923889e-03
-2.076879143714904785e-03
6.258406490087509155e-02
2.616329491138458252e-02
5.836064927279949188e-03
-8.295296691358089447e-03
-1.905765943229198456e-02
1.562373340129852295e-02
-1.244636066257953644e-02
6.026530638337135315e-03
-2.088092267513275146e-03
1.009866595268249512e-01
-1.648024842143058777e-02
9.994201362133026123e-03
-7.194291334599256516e-03
3.500673919916152954e-02
3.993818536400794983e-03
-1.244270242750644684e-02
4.486164078116416931e-03
-2.040286734700202942e-02
-3.875469416379928589e-02
7.594089955091476440e-03
3.256760537624359131e-03
-2.574568148702383041e-03
-1.551570743322372437e-02
-2.391456253826618195e-02
8.351992815732955933e-03
2.533698081970214844e-02
1.470780465751886368e-02
-1.495493575930595398e-02
1.531716436147689819e-02
-8.871724829077720642e-03
-3.533892333507537842e-02
-8.200366050004959106e-03
-2.088063582777976990e-02
-2.259667403995990753e-02
-1.271803025156259537e-02
-1.104301121085882187e-02
-1.429096236824989319e-02
2.158953621983528137e-02
1.719232648611068726e-03
-7.572446018457412720e-02
-2.773378975689411163e-03
1.193017661571502686e-01
4.206296429038047791e-02
7.857264578342437744e-02
-2.187084034085273743e-02
-3.035918250679969788e-02
-1.385046541690826416e-02
7.273247465491294861e-03
-7.146199233829975128e-03
-1.641753464937210083e-01
-9.664269164204597473e-03
4.702832177281379700e-02
-1.356720924377441406e-02
-2.049106173217296600e-02
-4.220692440867424011e-03
1.509661972522735596e-02
-1.651582308113574982e-03
-6.769326515495777130e-03
-5.081309936940670013e-03
-4.896720405668020248e-03
-1.663846895098686218e-02
-9.204956702888011932e-03
-1.290141977369785309e-02
-3.707834519445896149e-03
-5.291944369673728943e-02
-8.454848080873489380e-03
-3.567224368453025818e-03
-2.843564189970493317e-02
-1.075297594070434570e-02
-3.649709746241569519e-02
6.285268813371658325e-03
