3.070013523101806641e-01
6.725487709045410156e-01
2.195117473602294922e-01
-6.657710075378417969e-01
2.894309815019369125e-03
2.942599821835756302e-04
4.314624071121215820e-01
4.727717339992523193e-01
1.172202825546264648e-01
1.064927782863378525e-04
-2.928912267088890076e-02
-1.318721566349267960e-03
4.137913584709167480e-01
9.302962571382522583e-04
-3.367955563589930534e-03
9.251751936972141266e-03
2.239067405462265015e-01
1.761969923973083496e-01
-1.051845312118530273e+00
-1.586512103676795959e-02
6.240555047988891602e-01
-6.138254404067993164e-01
4.218764603137969971e-03
-2.384984400123357773e-04
-1.364283915609121323e-02
-5.755759477615356445e-01
8.604561537504196167e-02
2.593262195587158203e-01
2.660032361745834351e-03
5.948393344879150391e-01
-8.607114665210247040e-03
3.678341209888458252e-01
4.024447873234748840e-03
-3.745313882827758789e-01
1.555927753448486328e+00
1.826695501804351807e-01
4.266138654202222824e-03
-1.088041663169860840e-01
-9.966125711798667908e-03
-4.407030530273914337e-03
-2.601885497570037842e-01
3.385413289070129395e-01
-1.830365657806396484e-01
4.398883320391178131e-03
-1.381761021912097931e-02
1.462948620319366455e-01
8.688916265964508057e-02
-6.546727418899536133e-01
-1.423629224300384521e-01
7.786326855421066284e-02
-2.316939532756805420e-01
-1.140346288681030273e+00
1.237077452242374420e-02
2.729786094278097153e-03
4.387790262699127197e-01
-3.870287910103797913e-04
4.484824538230895996e-01
-2.816374003887176514e-01
6.416425108909606934e-03
1.963396742939949036e-02
-1.780146658420562744e-01
-2.519294917583465576e-01
3.339600563049316406e-02
2.142916321754455566e-01
7.907544076442718506e-02
2.080928534269332886e-02
1.033729076385498047e+00
3.837763071060180664e-01
8.496128022670745850e-02
4.079489968717098236e-03
5.295735597610473633e-01
2.090698480606079102e-01
-3.139761388301849365e-01
-1.189808640629053116e-02
3.195023164153099060e-03
6.582071539014577866e-03
-8.059325814247131348e-02
-3.670773003250360489e-03
2.198193073272705078e-01
7.021916098892688751e-04
-2.131172269582748413e-02
6.127373874187469482e-02
5.700610876083374023e-01
5.137303844094276428e-03
7.211795449256896973e-01
1.029261155053973198e-03
-1.629640720784664154e-02
2.187537029385566711e-02
1.300902664661407471e-01
1.067604217678308487e-02
3.487332491204142570e-03
2.993624210357666016e-01
6.637476086616516113e-01
4.800099879503250122e-03
1.058590263128280640e-01
2.392744645476341248e-03
-1.792008522897958755e-03
-1.098114103078842163e-01
3.608108730986714363e-03
-2.359059173613786697e-03
1.657797256484627724e-03
1.403321862220764160e+00
-2.070983499288558960e-02
5.639755725860595703e-01
1.353903710842132568e-01
-1.486670784652233124e-02
1.154136508703231812e-01
7.209851406514644623e-03
4.608948156237602234e-02
-9.412435814738273621e-03
-1.272463798522949219e-01
4.273607134819030762e-01
1.853127218782901764e-02
-3.646769747138023376e-02
6.321106571704149246e-03
1.287649750709533691e+00
-2.835213579237461090e-02
2.821401059627532959e-01
6.686951965093612671e-03
5.470501780509948730e-01
3.655947744846343994e-02
9.326492995023727417e-02
-2.533028125762939453e-01
3.314092159271240234e-01
4.908859729766845703e-03
8.473896235227584839e-02
2.343739718198776245e-01
7.946554105728864670e-04
5.899425595998764038e-03
-6.376350522041320801e-01
5.620086193084716797e-01
-9.954977035522460938e-02
4.547547921538352966e-02
3.119742274284362793e-01
4.431571662425994873e-01
8.766904473304748535e-03
-4.459981620311737061e-02
7.452449202537536621e-02
-1.059152111411094666e-01
1.984468195587396622e-03
-3.117669224739074707e-01
-2.461117878556251526e-02
9.842297434806823730e-02
6.544127129018306732e-03
6.923415064811706543e-01
-8.145881891250610352e-01
-2.641903236508369446e-03
-2.714882418513298035e-02
7.519161328673362732e-03
-2.156282961368560791e-02
1.718969270586967468e-02
-1.534233451820909977e-03
1.445724070072174072e-02
4.557656943798065186e-01
-4.019761681556701660e-01
3.149263858795166016e-01
-1.892613247036933899e-02
6.732170581817626953e-01
-1.893491018563508987e-03
1.744619384407997131e-02
1.118289306759834290e-03
-7.745199203491210938e-01
4.103432595729827881e-02
3.631913065910339355e-01
-9.926779568195343018e-02
1.950023174285888672e-01
-4.952163249254226685e-02
4.803989529609680176e-01
-1.268720030784606934e-01
2.878064662218093872e-02
8.950548171997070312e-01
1.983202062547206879e-03
6.843242049217224121e-02
3.415439426898956299e-01
6.017838604748249054e-03
5.218150019645690918e-01
2.358185648918151855e-01
2.602517837658524513e-03
3.270097076892852783e-04
5.222385283559560776e-03
4.031711816787719727e-01
9.504834190011024475e-03
-3.602743614464998245e-03
1.386987278237938881e-03
2.615221589803695679e-02
-7.091935724020004272e-03
-9.110420197248458862e-02
4.205895066261291504e-01
5.877102613449096680e-01
7.235369831323623657e-02
1.175825297832489014e-02
-1.040203496813774109e-03
7.863823771476745605e-01
1.028987811878323555e-03
7.106481790542602539e-01
3.528460264205932617e-01
-2.447007689625024796e-03
-4.462851211428642273e-04
1.381104160100221634e-02
1.066890880465507507e-01
8.593128919601440430e-01
1.032692193984985352e+00
6.261243671178817749e-02
-1.303495168685913086e-01
-1.242834841832518578e-03
-1.325121242552995682e-02
-3.944879174232482910e-01
3.601317759603261948e-03
4.380306228995323181e-02
1.216645538806915283e-02
4.221000242978334427e-03
-3.663906082510948181e-02
6.042793989181518555e-01
2.951789498329162598e-01
5.653629079461097717e-03
5.619637966156005859e-01
1.126598566770553589e-03
1.716644270345568657e-03
1.474237889051437378e-01
4.852181375026702881e-01
1.187940090894699097e-01
-2.318463847041130066e-02
1.597799360752105713e-01
1.047208979725837708e-01
5.505003407597541809e-02
-5.060033407062292099e-03
-2.263184171169996262e-03
4.329885821789503098e-03
9.409477934241294861e-03
6.235300749540328979e-02
1.527540206909179688e+00
1.262435436248779297e+00
-2.592570707201957703e-02
2.064643651247024536e-01
8.171154260635375977e-01
-4.815519787371158600e-04
4.471067222766578197e-04
-2.028259262442588806e-02
5.609711408615112305e-01
-1.135952677577733994e-02
-6.220740266144275665e-03
-2.117940932512283325e-01
2.450860338285565376e-03
9.972162246704101562e-01
-1.145115122199058533e-03
-1.374122977256774902e+00
-1.782982144504785538e-04
-6.648615598678588867e-01
-1.771843992173671722e-02
-3.238290175795555115e-02
2.330965176224708557e-02
-4.463111981749534607e-04
2.537307329475879669e-03
1.416193787008523941e-03
6.069160103797912598e-01
7.758862972259521484e-01
6.408778429031372070e-01
3.754206001758575439e-01
-1.448204740881919861e-03
3.295410871505737305e-01
1.891952473670244217e-03
5.059585906565189362e-03
-1.339132785797119141e+00
5.356854200363159180e-01
-5.301319528371095657e-03
1.896251440048217773e-01
4.759833589196205139e-02
8.673016726970672607e-02
4.266229271888732910e-02
2.406072616577148438e-02
-9.900431148707866669e-03
-6.673918962478637695e-01
9.288314729928970337e-03
6.288236379623413086e-02
-1.152171869762241840e-03
-8.305435180664062500e-01
2.261864021420478821e-03
-9.660032577812671661e-03
-1.058855094015598297e-03
-1.091870188713073730e+00
2.248264383524656296e-03
2.934464719146490097e-03
-1.450905576348304749e-03
1.079252123832702637e+00
4.049438517540693283e-03
5.429619923233985901e-02
5.603168010711669922e-01
9.070740938186645508e-01
9.571493268013000488e-01
2.720738993957638741e-03
3.508927226066589355e-01
5.121570546180009842e-03
6.019909381866455078e-01
1.723861694335937500e-01
-1.430435013025999069e-02
8.246542215347290039e-01
6.523729301989078522e-03
8.043821901082992554e-03
2.683715894818305969e-02
5.939724296331405640e-02
2.730734832584857941e-02
-3.733772318810224533e-04
7.786588743329048157e-03
7.221144437789916992e-02
-2.725500613451004028e-02
3.379205241799354553e-03
-5.313402973115444183e-03
-6.921338438987731934e-01
-5.916498135775327682e-03
1.587689109146595001e-02
-3.893283605575561523e-01
1.496467709541320801e+00
1.839698702096939087e-01
-1.694660633802413940e-02
1.061011672019958496e+00
1.062536612153053284e-03
-3.054623603820800781e-01
4.260406494140625000e-01
2.376988828182220459e-01
2.042627036571502686e-01
7.223471067845821381e-03
-2.428626418113708496e-01
1.585162710398435593e-03
2.775874687358736992e-03
5.845091938972473145e-01
-1.069275755435228348e-02
-3.189967200160026550e-02
1.735251862555742264e-04
1.657322943210601807e-01
5.069625973701477051e-01
-7.011888623237609863e-01
-3.429636824876070023e-03
-1.607326269149780273e-01
-3.829205036163330078e-02
-1.954718492925167084e-02
7.807286456227302551e-04
1.133706234395503998e-02
1.630009850487112999e-03
1.815153751522302628e-03
-3.553325310349464417e-02
1.645761542022228241e-03
-2.066839719191193581e-03
-9.420662187039852142e-03
-1.701691746711730957e-02
2.693361043930053711e-01
5.109411850571632385e-02
7.646230459213256836e-01
-1.160233259201049805e+00
-6.165893282741308212e-04
9.891803264617919922e-01
2.190911769866943359e-02
-9.002737700939178467e-02
1.254312414675951004e-02
5.816990733146667480e-01
-5.472887158393859863e-01
-8.365698158740997314e-02
-2.631707582622766495e-03
-3.628796339035034180e-02
1.438907265663146973e+00
1.412373501807451248e-03
2.505984157323837280e-03
2.433596253395080566e-01
-2.097972296178340912e-02
-6.307254079729318619e-04
4.427582025527954102e-02
1.406591385602951050e-01
3.689009929075837135e-03
6.011188961565494537e-04
1.092296600341796875e+00
3.899066150188446045e-02
2.171467244625091553e-01
-4.283430799841880798e-02
4.449406564235687256e-01
-1.620061397552490234e-01
1.620848625898361206e-01
-1.661425381898880005e-01
4.373143315315246582e-01
-1.017425674945116043e-03
5.518727898597717285e-01
-2.175028435885906219e-03
1.279339075088500977e+00
1.432579383254051208e-02
-4.397801309823989868e-02
-1.868226528167724609e-01
-7.951802574098110199e-03
5.406068172305822372e-03
-2.885642927139997482e-03
-2.004544138908386230e-01
-1.208327896893024445e-02
4.287951160222291946e-04
1.915976777672767639e-02
-3.952289465814828873e-03
5.972749590873718262e-01
8.231800049543380737e-03
3.011386990547180176e-01
6.073442697525024414e-01
4.581695422530174255e-03
3.967921435832977295e-01
-1.527980715036392212e-02
-3.928220830857753754e-03
7.804315537214279175e-04
5.972840785980224609e-01
5.902392864227294922e-01
5.765175819396972656e-02
3.207425177097320557e-01
2.869063019752502441e-01
6.956619024276733398e-01
3.544819951057434082e-01
-1.871257573366165161e-01
1.097173094749450684e+00
5.190045572817325592e-03
2.445734804496169090e-03
6.250521540641784668e-02
4.089071750640869141e-01
1.284494102001190186e-01
-2.558010444045066833e-02
6.431870628148317337e-03
4.759785253554582596e-03
3.697147369384765625e-01
8.052785880863666534e-03
-1.048865029588341713e-03
6.170908212661743164e-01
3.798745572566986084e-02
-1.728142797946929932e-01
-2.117496915161609650e-02
7.096490263938903809e-01
-1.362582203000783920e-03
-2.677102573215961456e-03
7.762517780065536499e-04
1.178896985948085785e-03
4.540254771709442139e-01
7.031995337456464767e-04
-2.694931626319885254e-02
6.612144708633422852e-01
5.241321325302124023e-01
-9.601837955415248871e-03
1.014736248180270195e-03
3.789051771163940430e-01
1.863943296484649181e-03
-6.491851061582565308e-03
1.959867961704730988e-02
3.945205807685852051e-01
6.076241731643676758e-01
1.286793313920497894e-02
-2.460004016757011414e-02
4.833002109080553055e-03
1.496779732406139374e-03
5.864996910095214844e-01
-1.180651970207691193e-02
1.155716180801391602e-01
5.714765787124633789e-01
-1.789946407079696655e-01
1.037825085222721100e-02
1.886658952571451664e-03
3.648114204406738281e-02
-3.204742670059204102e-01
-1.605751514434814453e-01
-6.749199032783508301e-01
2.118419855833053589e-01
-4.770557861775159836e-04
5.756961926817893982e-02
2.543337643146514893e-03
-1.056330744177103043e-02
5.558537244796752930e-01
1.822504960000514984e-02
-2.819799780845642090e-01
-2.669405341148376465e-01
-1.733464747667312622e-02
-5.829773843288421631e-03
6.558477133512496948e-02
-4.366052150726318359e-02
3.352307248860597610e-03
1.089454293251037598e+00
3.119082655757665634e-03
-8.271704427897930145e-03
-4.031578078866004944e-03
6.091010570526123047e-01
3.463774025440216064e-01
-3.146305680274963379e-02
-2.085925824940204620e-02
2.467215061187744141e-02
4.571555256843566895e-01
5.514488816261291504e-01
-3.720099329948425293e-01
5.858223885297775269e-03
1.856177747249603271e-01
1.998829189687967300e-03
8.422783017158508301e-02
4.562060348689556122e-04
4.610186442732810974e-05
5.060637593269348145e-01
5.662790499627590179e-04
-1.781915780156850815e-03
-1.490937545895576477e-03
-1.706535927951335907e-03
9.344155341386795044e-02
1.516715586185455322e-01
4.915616512298583984e-01
-2.367138713598251343e-01
-3.934784326702356339e-04
-4.813652485609054565e-03
-2.470906125381588936e-03
9.495397806167602539e-01
1.324506197124719620e-02
-6.975784897804260254e-02
6.025991868227720261e-03
5.605703592300415039e-01
7.547833025455474854e-03
1.993073672056198120e-01
-2.143970225006341934e-03
5.735550522804260254e-01
1.760716550052165985e-04
2.461116015911102295e-01
1.518809646368026733e-01
-2.103892620652914047e-04
-2.180149778723716736e-02
5.680885910987854004e-01
1.006047248840332031e+00
1.233548223972320557e-01
3.511621952056884766e-01
-4.427493363618850708e-02
-1.055136442184448242e+00
-1.286566443741321564e-02
-3.001417499035596848e-03
4.704588651657104492e-01
-1.134654041379690170e-02
5.964626669883728027e-01
3.041076287627220154e-02
1.071901917457580566e+00
4.301408231258392334e-01
1.677189171314239502e-01
5.564151704311370850e-02
5.542019009590148926e-01
5.227738991379737854e-03
5.935493707656860352e-01
-1.138237118721008301e+00
1.706266077235341072e-03
-3.008220717310905457e-02
-2.141052391380071640e-03
5.409407615661621094e-01
1.233891725540161133e+00
-2.508381381630897522e-02
3.705634921789169312e-02
-2.091838978230953217e-03
4.402811080217361450e-02
9.743405580520629883e-01
-1.218004338443279266e-02
-2.281332761049270630e-02
6.599491462111473083e-05
6.533446311950683594e-01
-4.461946897208690643e-03
-3.476711809635162354e-01
-4.119694605469703674e-02
2.347827553749084473e-01
-8.989328052848577499e-04
7.866845466196537018e-03
2.477361354976892471e-03
1.006799750030040741e-03
-4.680668935179710388e-02
2.644496560096740723e-01
6.380267441272735596e-02
2.187502980232238770e-01
4.026964306831359863e-02
4.432009905576705933e-02
2.830080986022949219e-01
-1.192221269011497498e-01
-1.791246468201279640e-03
-7.946975529193878174e-06
3.471955657005310059e-01
-2.196354232728481293e-02
4.557371735572814941e-01
3.615118563175201416e-03
6.993827819824218750e-01
2.494758367538452148e-02
1.979093551635742188e-01
8.472951594740152359e-04
-8.922155946493148804e-03
8.824466494843363762e-04
1.528971642255783081e-02
9.852166287600994110e-03
1.104789376258850098e+00
6.577730178833007812e-01
2.362446933984756470e-01
2.394245713949203491e-01
9.308285117149353027e-01
1.400945894420146942e-02
3.007278442382812500e-01
7.838501781225204468e-02
-1.593004353344440460e-02
5.013696849346160889e-03
3.070014063268899918e-04
-1.338724978268146515e-04
1.220857277512550354e-01
8.233511820435523987e-03
3.651224076747894287e-03
2.767040133476257324e-01
2.500328700989484787e-03
8.222571015357971191e-02
-1.633203588426113129e-03
1.283197198063135147e-02
2.199265174567699432e-03
-1.996392011642456055e-02
-1.524162054061889648e+00
1.235374715179204941e-03
2.620572745800018311e-01
5.075187683105468750e-01
-2.417030371725559235e-02
-1.412655925378203392e-03
5.396958906203508377e-03
8.312456309795379639e-02
-2.799976151436567307e-03
-5.275105834007263184e-01
6.518881916999816895e-01
-6.555985659360885620e-03
2.519892454147338867e-01
1.169816125184297562e-03
9.505774080753326416e-02
4.014437273144721985e-02
-8.433172479271888733e-05
-8.979300037026405334e-03
8.546384051442146301e-04
5.551454424858093262e-01
1.006992936134338379e+00
-1.151747256517410278e-02
-4.636895954608917236e-01
3.049399238079786301e-04
9.619189798831939697e-02
7.714980095624923706e-02
-8.257532119750976562e-02
-2.913905074819922447e-03
-2.931417431682348251e-03
3.929038643836975098e-01
4.195899963378906250e-01
2.838696539402008057e-02
4.107630550861358643e-01
4.920395314693450928e-01
5.334237813949584961e-01
-7.312083244323730469e-02
-5.516616161912679672e-03
2.437507361173629761e-02
1.270343512296676636e-01
-7.321592420339584351e-03
-2.499389462172985077e-03
-1.437401166185736656e-03
1.073634922504425049e-01
5.843037273734807968e-03
8.093862235546112061e-02
8.800476789474487305e-03
-2.971799671649932861e-02
-3.174548149108886719e-01
-2.251658588647842407e-03
5.125544071197509766e-01
-4.917397629469633102e-03
2.202886343002319336e-02
1.384468227624893188e-01
2.789388000965118408e-01
-2.153841033577919006e-02
4.118140935897827148e-01
1.461007148027420044e-01
5.287572741508483887e-03
5.050626993179321289e-01
7.972454279661178589e-02
-2.790009370073676109e-03
2.613914608955383301e-01
4.001283552497625351e-03
1.264744438230991364e-03
1.364775560796260834e-02
2.022506669163703918e-05
-1.221871934831142426e-05
7.374674081802368164e-03
5.264186859130859375e-01
-2.927655819803476334e-03
9.455320425331592560e-03
1.903457683511078358e-03
-4.019150976091623306e-03
7.281239610165357590e-03
4.678282737731933594e-01
4.079930186271667480e-01
-2.180396467447280884e-01
-3.947032988071441650e-01
-1.142292022705078125e-01
-1.237073987722396851e-01
-2.472454309463500977e-02
-3.073760308325290680e-05
4.827438388019800186e-04
1.684599637985229492e+00
4.001666326075792313e-03
3.023896813392639160e-01
-7.893259637057781219e-03
-1.107201725244522095e-02
-1.570520689710974693e-03
-3.617750853300094604e-02
-1.441103173419833183e-03
2.384294522926211357e-03
9.736168384552001953e-01
1.133885001763701439e-03
7.007402181625366211e-01
6.875122785568237305e-01
7.501494884490966797e-02
-4.843943752348423004e-03
9.006361663341522217e-02
-6.452151574194431305e-04
6.366686429828405380e-03
1.056322082877159119e-02
-1.629927009344100952e-02
3.967153374105691910e-03
-4.533409327268600464e-02
6.826547533273696899e-02
1.252896850928664207e-03
2.687007784843444824e-01
2.941417321562767029e-02
-1.033444050699472427e-02
-2.320612547919154167e-03
-9.845010936260223389e-04
-1.259725987911224365e-01
3.876741975545883179e-04
1.905156765133142471e-03
-3.889808431267738342e-05
3.490625414997339249e-03
3.526314198970794678e-01
5.322479009628295898e-01
2.886259257793426514e-01
1.104538608342409134e-02
-4.127906262874603271e-02
1.223101615905761719e+00
1.979781687259674072e-01
2.838606536388397217e-01
2.734782993793487549e-01
-4.969465080648660660e-04
-1.158884763717651367e-01
5.244930274784564972e-03
1.947259344160556793e-02
-9.477888233959674835e-04
9.352556616067886353e-02
1.608697772026062012e-01
4.015884697437286377e-01
2.333626616746187210e-04
-1.349956030026078224e-03
8.896135091781616211e-01
1.195479258894920349e-01
3.654549364000558853e-03
2.991026826202869415e-02
1.651118742302060127e-03
2.326248288154602051e-01
-4.602878987789154053e-01
-6.413006782531738281e-02
2.782156467437744141e-01
2.207592502236366272e-02
9.457184374332427979e-02
1.537771224975585938e-01
1.129098162055015564e-01
-1.626773923635482788e-02
-1.909719314426183701e-03
2.304030656814575195e-01
6.609593629837036133e-01
8.399546146392822266e-01
-4.606038331985473633e-01
3.948636949062347412e-01
2.642504870891571045e-03
3.196215257048606873e-02
2.294092439115047455e-03
3.531575202941894531e-06
-5.433038994669914246e-02
6.680956110358238220e-03
2.112628072500228882e-01
-2.987926006317138672e-01
9.968075752258300781e-01
1.781966090202331543e-01
2.921354025602340698e-03
9.469079971313476562e-01
7.147247344255447388e-02
2.129294872283935547e-01
-5.294755101203918457e-03
-7.732715457677841187e-04
9.571856353431940079e-04
3.730587959289550781e-01
2.574362754821777344e-01
-7.766337133944034576e-03
5.739176273345947266e-01
-1.142040252685546875e+00
-8.951175957918167114e-03
-7.250004410743713379e-01
4.166610911488533020e-02
2.288526855409145355e-03
5.482977256178855896e-03
1.215698476880788803e-02
-6.812900304794311523e-02
-1.941119134426116943e-02
5.930780768394470215e-01
1.551641523838043213e-02
-2.208785712718963623e-02
5.927202105522155762e-02
1.538100540637969971e-01
-1.479910314083099365e-01
6.856288015842437744e-02
-2.711879909038543701e-01
-8.649064227938652039e-03
5.642979145050048828e-01
5.601255688816308975e-04
-1.772823557257652283e-02
-5.855239629745483398e-01
1.219430327415466309e+00
-6.890415679663419724e-04
-4.201094061136245728e-02
-1.026728391647338867e+00
1.119424581527709961e+00
3.869238495826721191e-01
7.307171355932950974e-03
-4.539883229881525040e-03
-8.096876554191112518e-04
-3.662712499499320984e-02
-7.498310878872871399e-04
8.106598854064941406e-01
5.807199478149414062e-01
-4.154283553361892700e-03
-8.722218684852123260e-03
3.829916417598724365e-01
-8.977572619915008545e-02
-1.054047141224145889e-03
1.103804349899291992e+00
1.161859989166259766e+00
7.706264033913612366e-03
-1.416098028421401978e-01
-2.091985940933227539e-01
9.138355031609535217e-03
5.942692160606384277e-01
1.185885667800903320e-01
-4.323611967265605927e-03
1.375932842493057251e-01
7.367353886365890503e-02
1.186323985457420349e-01
-1.567132771015167236e-01
-2.446905337274074554e-02
8.927370309829711914e-01
8.746691793203353882e-02
-5.750447977334260941e-03
-8.804032579064369202e-03
-1.815796196460723877e-01
5.077790021896362305e-01
5.252431631088256836e-01
2.389317452907562256e-01
-5.548825114965438843e-02
7.858274579048156738e-01
1.645904849283397198e-03
-3.556767012923955917e-03
1.268454361706972122e-02
2.796300649642944336e-01
6.104000844061374664e-03
1.118912361562252045e-02
6.863377057015895844e-03
2.849327921867370605e-01
1.158829778432846069e-03
6.433767266571521759e-04
6.456298287957906723e-03
1.541484612971544266e-02
5.932644382119178772e-02
1.685896655544638634e-03
1.054442644119262695e+00
-4.922281503677368164e-01
-1.694625765085220337e-01
-2.376318164169788361e-02
1.374664753675460815e-01
1.450264096260070801e+00
4.071697127074003220e-03
-1.099682807922363281e+00
-5.619840230792760849e-03
9.239078313112258911e-02
3.460227251052856445e-01
5.292326677590608597e-03
-3.960521891713142395e-03
9.014415740966796875e-02
7.619106210768222809e-03
2.451994717121124268e-01
1.652179211378097534e-01
1.638630405068397522e-03
8.609043359756469727e-01
-5.696650128811597824e-03
-1.088988687843084335e-02
6.600279826670885086e-03
1.103124856948852539e+00
8.510698564350605011e-03
2.700251061469316483e-04
-1.513222418725490570e-02
3.056329675018787384e-03
1.594904959201812744e-01
-1.070534344762563705e-03
-4.272064194083213806e-02
8.824769407510757446e-03
1.471270807087421417e-03
-3.173261880874633789e-01
-5.533331632614135742e-02
2.179227769374847412e-03
5.915616638958454132e-04
-2.458447813987731934e-01
-4.107880406081676483e-03
9.039302356541156769e-03
-2.063647285103797913e-02
2.292833290994167328e-02
5.727223753929138184e-01
-5.868425220251083374e-02
7.761865854263305664e-01
2.010795846581459045e-02
-3.063150048255920410e-01
-1.338291913270950317e-04
9.349475149065256119e-04
9.462568759918212891e-01
8.233692497014999390e-04
-2.029159292578697205e-02
1.014402322471141815e-02
3.543201368302106857e-03
1.887519806623458862e-01
2.720838785171508789e-02
6.074081659317016602e-01
5.097752809524536133e-01
4.163672216236591339e-03
5.008986219763755798e-02
-5.567132681608200073e-02
-1.335698217153549194e-01
-2.091289497911930084e-03
3.081147372722625732e-01
2.234191074967384338e-02
6.389567852020263672e-01
-9.615176357328891754e-03
-1.139309287071228027e+00
-1.349837984889745712e-03
1.572495102882385254e-01
4.889978095889091492e-03
9.373246692121028900e-03
3.023988306522369385e-01
-4.167326726019382477e-03
9.272583723068237305e-01
3.256610035896301270e-01
5.495011806488037109e-03
-7.654274348169565201e-03
9.782749228179454803e-03
-6.848865747451782227e-02
1.325810104608535767e-01
-8.046222850680351257e-03
3.373583033680915833e-02
6.050236895680427551e-02
8.055835030972957611e-03
2.444668859243392944e-02
-7.277308031916618347e-04
-7.647821307182312012e-02
-1.109364442527294159e-03
5.696616321802139282e-02
2.384844934567809105e-03
4.242422580718994141e-01
3.649396821856498718e-04
1.400398015975952148e+00
-1.629431545734405518e-02
-1.360879465937614441e-02
-1.646138262003660202e-04
-8.006912469863891602e-01
2.147349119186401367e-01
-1.038130745291709900e-01
5.641458556056022644e-04
1.384114176034927368e-01
4.321846365928649902e-01
-1.941705821081995964e-03
5.387449637055397034e-02
1.845100894570350647e-03
1.986864805221557617e-01
-1.792718190699815750e-03
1.091882228851318359e+00
-1.086161006242036819e-03
3.609701395034790039e-01
-1.047314703464508057e-02
5.836344957351684570e-01
5.461615696549415588e-02
1.495865136384963989e-01
8.674223907291889191e-03
3.576103970408439636e-02
8.994317054748535156e-02
3.295434713363647461e-01
6.266594529151916504e-01
-3.877370804548263550e-02
2.218499481678009033e-01
1.989778690040111542e-02
5.446646213531494141e-01
2.903580479323863983e-02
-5.708506796509027481e-03
4.509545862674713135e-02
-1.841564849019050598e-02
8.405537344515323639e-03
-6.199481897056102753e-03
-5.428121890872716904e-03
-1.811646670103073120e-02
1.372548490762710571e-01
7.198223378509283066e-03
