3.853362286463379860e-03
-2.061296254396438599e-05
4.087361041456460953e-03
1.825725436210632324e-01
3.888078266754746437e-03
3.547044470906257629e-02
-1.989641459658741951e-03
2.906204201281070709e-02
-9.628144092857837677e-03
-2.725982922129333019e-04
3.944877069443464279e-03
-7.735836552456021309e-04
-3.009861102327704430e-03
-7.741520530544221401e-04
4.795974818989634514e-04
-2.173783928155899048e-01
1.492944955825805664e-01
-9.055489301681518555e-02
6.343027949333190918e-02
2.520819194614887238e-03
-6.146863452158868313e-04
-1.446293443441390991e-01
3.982856869697570801e-03
-1.465737912803888321e-02
-1.372355073690414429e-01
-2.167745828628540039e+00
9.523580782115459442e-03
6.024440750479698181e-03
-5.496622179634869099e-04
-8.814540505409240723e-02
3.785245586186647415e-03
4.677464021369814873e-04
-7.350874366238713264e-04
-4.875636659562587738e-05
-9.234996140003204346e-02
3.602680563926696777e-02
-1.359772030264139175e-02
-2.813525730744004250e-03
2.684275852516293526e-03
1.192840002477169037e-02
5.555128306150436401e-02
3.367955610156059265e-02
-2.966627106070518494e-02
1.085911467671394348e-01
-9.312365949153900146e-02
3.896219730377197266e-01
6.689616944640874863e-03
4.105289280414581299e-02
5.525025771930813789e-04
5.487544462084770203e-03
-3.750414820387959480e-03
-4.955074400641024113e-04
-5.710862460546195507e-04
1.651555486023426056e-02
-4.674390703439712524e-02
-6.629732903093099594e-03
-1.751430518925189972e-02
-7.458997517824172974e-02
2.071436727419495583e-03
3.391606267541646957e-03
3.184930421411991119e-03
-1.898837387561798096e-01
1.854583621025085449e-02
1.239093393087387085e-01
-6.260483860969543457e-01
2.478182315826416016e-03
-7.002431899309158325e-03
-6.813144776970148087e-03
-6.997492164373397827e-02
3.209240436553955078e-01
3.830400761216878891e-03
4.116250202059745789e-03
4.370854794979095459e-02
8.244076743721961975e-03
-9.107736498117446899e-02
-4.726238921284675598e-02
1.437872648239135742e-03
8.618374122306704521e-04
-5.479598045349121094e-02
-9.428912773728370667e-03
7.569163572043180466e-04
-8.113337680697441101e-04
7.398763205856084824e-03
2.332822829484939575e-01
-1.085027828812599182e-01
-1.215563970617949963e-04
-4.296263307332992554e-02
-2.085884287953376770e-02
1.438351869583129883e-01
1.761536579579114914e-03
-2.590827271342277527e-02
-1.528163207694888115e-03
1.626987569034099579e-02
3.752343123778700829e-03
5.068774335086345673e-04
2.443580655381083488e-03
-1.716072112321853638e-01
-8.631597757339477539e-01
1.889412403106689453e-01
4.669440165162086487e-02
2.867322182282805443e-03
-4.904198460280895233e-03
1.817965065129101276e-03
2.548947930335998535e-03
3.884749487042427063e-03
1.316742002964019775e-01
5.057890899479389191e-03
-2.383329421281814575e-01
1.876312540844082832e-03
2.112063113600015640e-03
-6.013283729553222656e-01
-1.646444350481033325e-01
2.043987391516566277e-03
-2.371656522154808044e-02
2.249315828084945679e-01
4.114483948796987534e-03
-1.416314989328384399e-01
-9.316164255142211914e-02
3.883449360728263855e-02
-9.075214713811874390e-02
-1.781188650056719780e-03
7.021555677056312561e-03
9.314027428627014160e-02
-6.834048032760620117e-02
3.221726790070533752e-02
-1.492148488759994507e-01
2.707702806219458580e-03
4.087534733116626740e-03
-3.287740349769592285e-01
6.273741368204355240e-03
2.105237683281302452e-03
3.906634636223316193e-03
-1.060427129268646240e-01
8.408033289015293121e-03
-3.855543211102485657e-02
8.291307091712951660e-02
-2.843980789184570312e-01
-1.479604393243789673e-01
-3.703921660780906677e-02
1.249295193701982498e-03
2.097629010677337646e-03
2.747138962149620056e-03
5.043898709118366241e-04
9.768262971192598343e-04
1.260810494422912598e-01
-1.745935529470443726e-01
-1.245213206857442856e-04
5.810236092656850815e-03
-5.630555097013711929e-05
2.090680412948131561e-03
1.575300693511962891e-01
2.950591035187244415e-03
5.807047709822654724e-03
4.620729386806488037e-02
-7.639769464731216431e-02
2.791643841192126274e-03
-1.172851189039647579e-03
2.111540641635656357e-03
-1.056486666202545166e-01
2.160076498985290527e-01
8.211282640695571899e-02
1.685072900727391243e-03
-3.217811137437820435e-02
6.805860996246337891e-02
-2.085701376199722290e-02
2.552799880504608154e-03
1.603111624717712402e-02
-4.568893089890480042e-02
9.707821011543273926e-01
-6.123849749565124512e-01
-8.874869905412197113e-03
2.078541088849306107e-03
5.365423392504453659e-03
1.861624047160148621e-02
-2.145051490515470505e-03
3.801709040999412537e-03
-3.829764667898416519e-03
1.374974548816680908e-01
-1.386865377426147461e-01
4.450499545782804489e-04
2.608228027820587158e-01
7.506368309259414673e-02
2.553637139499187469e-03
2.104674000293016434e-03
1.116481348872184753e-01
-1.109882816672325134e-02
-7.519765058532357216e-04
9.029588103294372559e-02
7.093409076333045959e-03
5.451870616525411606e-03
3.070611972361803055e-03
-2.635203301906585693e-02
1.473463256843388081e-03
6.755365058779716492e-03
-5.352354794740676880e-02
7.108912616968154907e-02
1.406689756549894810e-03
-1.076326370239257812e-01
-1.762079000473022461e-01
1.232780516147613525e-03
4.338874481618404388e-03
-1.178206950426101685e-01
7.198134437203407288e-03
2.052516443654894829e-03
-5.399526655673980713e-02
-5.679539171978831291e-04
6.709221750497817993e-02
4.508568719029426575e-02
8.160303346812725067e-03
-1.632974147796630859e-01
-8.961159735918045044e-02
2.663747640326619148e-03
-5.131122469902038574e-02
-8.964125066995620728e-02
-2.509598620235919952e-03
1.837004558183252811e-03
7.000908255577087402e-02
4.920189268887042999e-03
-5.319404299370944500e-04
1.303541124798357487e-03
-4.019918269477784634e-04
2.052136696875095367e-04
7.620465755462646484e-02
1.717084785923361778e-03
9.634548798203468323e-03
5.938394926488399506e-03
2.887014532461762428e-03
-3.179186023771762848e-06
-5.019384622573852539e-02
-6.934434175491333008e-03
-1.820870675146579742e-04
-5.733679533004760742e-01
-1.230428367853164673e-02
2.934405580163002014e-03
-9.193468093872070312e-02
-1.427691578865051270e-01
-5.597934941761195660e-04
-3.651581937447190285e-04
5.506328344345092773e-01
-7.648257305845618248e-04
5.187548696994781494e-03
-1.102668326348066330e-02
5.465882830321788788e-03
-9.029525518417358398e-02
9.248971007764339447e-03
5.511391907930374146e-03
2.103157807141542435e-03
3.491778671741485596e-02
5.520809907466173172e-03
6.074598059058189392e-03
2.253117971122264862e-03
1.467483118176460266e-02
1.227484364062547684e-02
3.306938800960779190e-03
2.016709186136722565e-04
8.915699436329305172e-04
-1.051931548863649368e-02
-3.164289053529500961e-03
-1.312131341546773911e-02
-1.315860152244567871e-01
2.476434111595153809e-01
-4.065537080168724060e-02
-2.286871150135993958e-02
2.307210583239793777e-03
3.275192575529217720e-04
6.060339510440826416e-03
-3.257577773183584213e-03
2.484200056642293930e-03
-6.418267264962196350e-03
3.175875902175903320e+00
-7.762800669297575951e-04
-1.552788913249969482e-02
2.466522157192230225e-03
1.413095742464065552e-05
3.180742263793945312e-03
1.141679240390658379e-03
1.167890131473541260e-01
7.433168590068817139e-02
7.167701609432697296e-03
1.255846917629241943e-01
-1.211104020476341248e-01
-1.864093065261840820e+00
1.193699985742568970e-01
1.745898425579071045e-01
1.670982455834746361e-03
-2.998796058818697929e-03
-1.302146613597869873e-01
4.159613698720932007e-02
2.632108051329851151e-03
-7.561172824352979660e-04
6.518360693007707596e-03
-7.135641644708812237e-04
-1.331772655248641968e-03
2.865657676011323929e-03
-4.751932574436068535e-04
1.028673350811004639e-01
2.708502579480409622e-03
7.117705047130584717e-02
-1.566491365432739258e+00
-1.825694553554058075e-02
1.497509307228028774e-03
1.277836114168167114e-01
5.020275712013244629e-02
-9.268843382596969604e-02
-1.262044906616210938e-01
7.175825070589780807e-03
-1.910727024078369141e-01
-1.120805814862251282e-01
-7.167075574398040771e-02
9.945593029260635376e-02
1.801344566047191620e-02
1.094010695815086365e-01
-1.749219149351119995e-01
1.451455354690551758e-01
7.086204364895820618e-03
3.161117201671004295e-04
8.029500395059585571e-02
1.880476716905832291e-03
-8.205373771488666534e-03
-1.401521265506744385e-01
-5.820704391226172447e-04
-2.847187034785747528e-02
2.697716699913144112e-04
-9.252925217151641846e-02
8.621991612017154694e-03
1.231742091476917267e-02
2.067920053377747536e-03
-1.377704143524169922e-01
3.590435028076171875e+00
2.144253067672252655e-02
-3.958984613418579102e-01
4.571935907006263733e-02
-5.267293006181716919e-02
9.795937221497297287e-04
-8.340847492218017578e-02
2.142613288015127182e-03
-9.605243057012557983e-02
-8.745419234037399292e-02
2.087990520521998405e-03
-6.096868589520454407e-02
3.885222598910331726e-03
2.620169194415211678e-03
-1.028144080191850662e-02
2.770560095086693764e-03
-5.830361042171716690e-04
-2.268237993121147156e-03
1.143851727247238159e-01
3.042475320398807526e-03
-5.693647265434265137e-01
6.777856498956680298e-03
-1.387147009372711182e-01
5.773838981986045837e-02
5.386504903435707092e-02
-8.445011079311370850e-02
4.605592228472232819e-03
2.422958845272660255e-03
3.884550556540489197e-02
3.748002462089061737e-03
-4.728634953498840332e-01
5.202309694141149521e-04
1.379188336431980133e-02
2.006766796112060547e-01
-2.388828434050083160e-04
-2.510153129696846008e-02
-1.076772622764110565e-02
3.791527356952428818e-03
1.240458455868065357e-03
1.142250150442123413e-01
9.036960080265998840e-03
-7.420333102345466614e-03
-9.090024977922439575e-02
-2.300962433218955994e-02
-1.198905035853385925e-01
-7.827508961781859398e-04
1.180910542607307434e-01
2.598878694698214531e-03
-5.786667461507022381e-04
-1.563829630613327026e-01
3.250645473599433899e-03
2.543731126934289932e-03
-5.352330394089221954e-03
2.076159464195370674e-03
1.343184849247336388e-03
3.321755528450012207e-01
1.323047676123678684e-03
3.279323689639568329e-03
3.810843918472528458e-03
5.667380988597869873e-03
7.907268591225147247e-03
2.966782543808221817e-03
2.371825743466615677e-03
-2.963268198072910309e-04
5.752107128500938416e-03
7.768216729164123535e-02
2.482886193320155144e-03
-1.788766868412494659e-02
