-1.258847078133840114e-06
-6.360354018397629261e-04
3.944663149013649672e-06
1.949976285686716437e-05
2.326777321286499500e-04
-1.518733042757958174e-04
2.196907735196873546e-05
2.267582021886482835e-05
2.044289838522672653e-03
1.342615604400634766e+00
4.864904403686523438e+01
-1.935106556629762053e-04
-8.665092900628224015e-05
-1.192329978942871094e+01
-7.506914698751643300e-07
2.773882006295025349e-04
1.479980419389903545e-04
2.086932545353192836e-05
-4.831745172850787640e-07
-6.816930181230418384e-06
-9.381340933032333851e-04
-5.550550222396850586e-01
2.402525933575816453e-05
-9.993682397180236876e-07
-1.316716407018247992e-06
4.132533264160156250e+01
1.511490154371131212e-06
2.198573112487792969e+00
7.907307008281350136e-05
2.543422624512459151e-06
1.228195651492569596e-05
-8.061099052429199219e-01
2.509519799787085503e-05
9.493991092313081026e-05
4.394636107463156804e-06
-1.709280331851914525e-05
-2.540338755352422595e-06
2.258094718854408711e-05
3.723203917616046965e-05
-2.071377821266651154e-06
6.369584298226982355e-06
3.032181411981582642e-04
1.460772182326763868e-04
9.970808605430647731e-06
-1.298290014266967773e+00
1.364028139505535364e-04
-1.284325753658777103e-05
1.846521720290184021e-02
-1.455264282412827015e-06
3.439186002651695162e-07
-4.251413978636264801e-03
-1.067452376446453854e-05
4.630804657936096191e-01
-7.216156973299803212e-06
-3.813682997133582830e-05
-6.091202521929517388e-06
4.264757080818526447e-06
-1.869629631983116269e-04
1.818204327719286084e-05
1.665208765189163387e-05
3.412238584132865071e-06
-3.369196747371461242e-06
2.465837133058812469e-05
-5.129048076923936605e-06
1.810245339584071189e-05
-7.604938582517206669e-05
1.261658617295324802e-03
-1.810560934245586395e-05
2.526705502532422543e-04
2.269481410621665418e-05
5.982286438666051254e-06
4.790872480953112245e-06
-1.064802927430719137e-05
-4.231623461237177253e-05
-4.479017225094139576e-04
-3.186636138707399368e-03
2.596043486846610904e-07
2.687556843739002943e-08
1.233891725860303268e-05
-1.313045155256986618e-03
-2.251510522910393775e-06
7.878830729168839753e-06
7.026210369076579809e-07
-1.416463870555162430e-03
2.375053009018301964e-05
-3.354218959808349609e+00
1.232629438163712621e-04
1.311641062784474343e-05
-1.214053372677881271e-05
-2.409184162388555706e-05
1.212926235893974081e-05
-7.080411705828737468e-06
-2.510583726689219475e-06
1.109594450099393725e-05
2.028978633461520076e-05
8.719667093828320503e-04
-2.456727266311645508e+00
2.897527883760631084e-05
1.322274765698239207e-04
-1.232387439813464880e-04
-3.909846878051757812e+01
-3.702208414324559271e-05
3.905022094841115177e-05
-3.918877700925804675e-05
-2.923004467447753996e-05
5.822997627547010779e-05
-2.514116204110905528e-07
-6.677904821117408574e-06
-3.167247632518410683e-05
-3.995221504737855867e-06
-8.648719813209027052e-06
-3.411820216570049524e-06
-1.380993126076646149e-05
-8.357619663001969457e-06
-1.638577145968156401e-06
9.740087261889129877e-05
2.388512803008779883e-05
2.522961221984587610e-05
1.592283297213725746e-05
2.157990820705890656e-05
-3.484590561129152775e-04
-9.330688044428825378e-07
1.534826333227101713e-05
-2.766902791336178780e-03
-3.150153497699648142e-05
3.326701233163475990e-03
-5.152636367711238563e-05
-1.463239459553733468e-05
-3.259763616370037198e-06
1.332526095211505890e-03
1.004430484771728516e+01
7.952649866638239473e-06
-1.204506377689540386e-03
-8.097031241049990058e-05
1.245935436600120738e-05
5.905727448407560587e-06
8.698091733094770461e-06
-1.729626674205064774e-03
-8.571343641960993409e-06
6.695423962810309604e-06
-4.232649807818233967e-04
2.688024324015714228e-06
6.065651541575789452e-04
1.336188597633736208e-05
-1.089252145902719349e-05
-9.983325144276022911e-04
5.500730912899598479e-05
2.432908695482183248e-05
2.955866875709034503e-05
-5.945771117694675922e-04
1.556827354431152344e+01
2.499602036550641060e-03
-8.723964128876104951e-07
-3.557743835449218750e+01
-8.363867891603149474e-07
-2.331294817849993706e-04
-1.602597476448863745e-04
-6.210212177393259481e-06
8.772903129283804446e-06
-1.022329524857923388e-05
-2.333754309802316129e-07
3.367048338986933231e-05
8.622487657703459263e-04
6.274185579968616366e-07
1.844216058088932186e-06
-8.818903006613254547e-04
2.186818892369046807e-05
-9.212551049131434411e-06
-3.179623186588287354e-02
-1.514841860625892878e-04
-1.166466236114501953e+00
1.189858721772907302e-05
-8.225411875173449516e-06
-6.047286660759709775e-06
2.198897709604352713e-05
1.596777292434126139e-05
3.730523530975915492e-06
-2.433926056255586445e-07
-3.390161436982452869e-04
2.123188096447847784e-06
2.719097392400726676e-05
-1.282410812377929688e+01
-7.946443474793341011e-06
4.142560064792633057e-04
3.864891914417967200e-05
1.338153197139035910e-05
2.329314884264022112e-05
-4.643658638000488281e+00
-1.558695366838946939e-04
1.476932084187865257e-06
-3.653134155273437500e+01
1.370302634313702583e-03
-1.577139119035564363e-05
2.727656465140171349e-06
-3.906276077032089233e-03
1.005086960503831506e-05
1.342393261438701302e-06
4.505146145820617676e-01
5.108399636810645461e-05
2.351862713112495840e-05
2.383430910413153470e-06
6.022405432304367423e-05
-2.941420243587344885e-04
2.000687527470290661e-04
3.349776307004503906e-06
3.621722698211669922e+00
4.839016582991462201e-06
3.255601041018962860e-05
-5.416576641437131912e-06
-1.338426682195859030e-05
-1.948208212852478027e-01
2.059531980194151402e-04
-1.333283805847167969e+01
3.287196159362792969e-04
-2.954063529614359140e-04
-1.035827881423756480e-04
6.217494956217706203e-06
2.384175168117508292e-04
1.508854438725393265e-06
1.478335980209521949e-05
-2.668388333404436707e-06
2.268862226628698409e-05
-2.108780245180241764e-05
-3.427106275921687484e-05
1.605535362614318728e-05
-1.131816861743573099e-05
-3.890491643687710166e-05
2.490867154847364873e-05
-2.665874490048736334e-07
-5.656238499796018004e-08
3.680203008116222918e-06
-5.108026016387157142e-06
-2.631920870044268668e-05
2.581827175163198262e-06
-4.195802830508910120e-06
-4.482426214963197708e-03
-4.371471004560589790e-05
-1.834711292758584023e-05
1.825527579057961702e-05
-2.599434446892701089e-05
-3.317826194688677788e-03
-3.825936466455459595e-03
-5.656189168803393841e-04
-1.034538217936642468e-04
1.902364965644665062e-05
-1.113511098083108664e-04
9.257173223886638880e-05
-1.613148015167098492e-06
1.681448520685080439e-05
1.399412212776951492e-05
2.567120191088179126e-06
6.404590385500341654e-05
1.175157231045886874e-04
4.572571015160065144e-06
-2.515308005968108773e-05
-1.011296844808384776e-04
2.171811138396151364e-05
-5.076132765680085868e-06
-1.746367197483778000e-04
-2.775908797048032284e-06
1.164135028375312686e-07
7.527106208726763725e-05
3.736383438110351562e+00
4.419047763803973794e-05
-3.010800355696119368e-07
-3.473345714155584574e-06
-2.612552642822265625e-01
1.042223448166623712e-04
3.982022462878376245e-06
4.273059312254190445e-05
-7.535254553658887744e-06
1.976843304873909801e-05
1.149476429418427870e-05
2.391478483332321048e-04
-4.018536856165155768e-05
2.400443918304517865e-06
4.820923614501953125e+01
2.223353476438205689e-05
-6.012216545059345663e-06
-2.196569039369933307e-05
-2.706757186388131231e-06
1.980351225938647985e-05
-1.696162144071422517e-07
-3.001430886797606945e-04
1.653307676315307617e-02
-5.617965598503360525e-06
1.391457277350127697e-03
-1.418796546204248443e-05
2.080016201944090426e-06
-1.013217115541920066e-05
5.662554031005129218e-06
-2.205108830821700394e-05
-5.644205884891562164e-06
1.692108889983501285e-05
3.477196502685546875e+01
1.662935210333671421e-05
8.430843008682131767e-04
1.668297045398503542e-06
1.255267306987661868e-06
-5.341929863789118826e-06
7.729392382316291332e-04
-8.323684596689417958e-06
6.696708733215928078e-04
-2.429770538583397865e-04
-4.228473699185997248e-05
2.109537490468937904e-06
6.311395554803311825e-05
-1.049367128871381283e-03
1.306232661590911448e-06
2.063363557681441307e-03
-5.475455327541567385e-05
2.038632555922959000e-05
-2.144965947081800550e-05
-1.519567013019695878e-05
-2.556129584263544530e-05
-1.174946464743698016e-05
-1.314575434662401676e-03
1.233564671565545723e-05
1.132646502810530365e-06
-1.437486353097483516e-04
-2.823080649250186980e-05
-2.399953518761321902e-05
-1.635466651350725442e-05
-4.063166427612304688e+01
1.332881765847560018e-06
-2.627618378028273582e-04
2.007860894082114100e-04
4.065059474669396877e-04
1.511802565801190212e-05
2.311218486283905804e-05
1.849413299560546875e+01
1.113571306632366031e-05
1.053342566592618823e-05
-4.101310729980468750e+01
6.441805453505367041e-07
2.506647433619946241e-06
3.891593933105468750e+00
2.012373988691251725e-05
-1.256836985703557730e-04
1.542277277621906251e-05
-3.370633294252911583e-06
4.888145828247070312e+01
2.190353572368621826e-01
1.511902974016265944e-05
1.065524884324986488e-06
-9.622858488000929356e-05
8.470258762827143073e-06
-3.048327380383852869e-05
6.591628334717825055e-06
1.705756221781484783e-05
1.187701855087652802e-06
-2.418509247945621610e-04
4.929515853291377425e-06
-4.303990173339843750e+01
-1.698003325145691633e-04
1.625761273317039013e-03
-7.505293979193083942e-06
-3.617854235926643014e-05
3.106466465396806598e-06
-8.464043639833107591e-05
4.868544419878162444e-05
4.269784767529927194e-06
1.362029524898389354e-05
1.435734338883776218e-05
9.047513594850897789e-05
5.528452675207518041e-06
4.410547553561627865e-04
-1.809739615055150352e-06
2.135262002411764115e-05
9.465439943596720695e-04
-4.374398122308775783e-05
1.173228338302578777e-05
4.173524212092161179e-04
1.694959792075678706e-04
1.811650727177038789e-04
2.139066782547160983e-05
2.605947884148918092e-06
-8.786701073404401541e-06
-3.996910891146399081e-07
2.610104274936020374e-07
-1.159291598014533520e-03
1.390149009239394218e-06
9.611743735149502754e-06
1.896781213872600347e-05
1.204661202791612595e-06
1.478897502238396555e-06
6.319957719824742526e-06
2.413318143226206303e-04
-1.454182784073054790e-04
-1.146245747804641724e-02
-1.147117473010439426e-05
-4.693241498898714781e-05
-2.989919266838114709e-05
1.314362889388576150e-04
1.847392923082225025e-06
1.806794534786604345e-05
3.464579640422016382e-05
3.945186035707592964e-04
-4.371151590021327138e-06
-1.313280547037720680e-03
3.813052317127585411e-04
2.865401911549270153e-04
-5.177764251129701734e-06
-1.990730015677399933e-05
2.803504175972193480e-04
2.145645848941057920e-04
2.471035259077325463e-06
5.952471838099882007e-06
7.384805940091609955e-07
4.747078128275461495e-05
2.095721720252186060e-05
2.367604975006543100e-05
9.464474715059623122e-07
2.914435299317119643e-06
-5.270061592455022037e-05
-4.455751040950417519e-04
-2.432002656860277057e-05
1.210088303196243942e-04
2.212615509051829576e-04
1.098718357086181641e+01
2.790168218780308962e-05
1.791692920960485935e-05
2.747966209426522255e-04
2.479812828823924065e-04
4.370600581169128418e-01
-1.239245033264160156e+01
8.431359674432314932e-06
-1.568039442645385861e-04
2.199843402195256203e-05
-3.124469458271050826e-06
-9.960248462448362261e-06
5.544406121771316975e-06
6.770433174096979201e-06
-3.749737516045570374e-07
-2.799347203108482063e-05
-4.092938979738391936e-05
9.896339476108551025e-02
-1.129314769059419632e-03
-1.220725389430299401e-04
9.323187987320125103e-04
4.719547177955973893e-06
1.145395799539983273e-06
-2.948812325485050678e-04
3.880195436067879200e-04
7.893704605521634221e-06
-9.117585432250052691e-05
1.678118831478059292e-03
2.004162524826824665e-07
6.694601324852555990e-06
2.086719036102294922e+00
-3.223410021746531129e-05
9.143082934315316379e-06
-1.107292747497558594e+01
1.070224243449047208e-06
2.240475441794842482e-04
2.067775726318359375e+01
-1.745798974297940731e-03
1.279154093936085701e-05
8.407840141444467008e-06
1.043825864791870117e+00
1.860075281001627445e-05
7.840733815100975335e-06
-4.846877345698885620e-06
1.875856469268910587e-06
1.264077945961616933e-05
2.847004907380323857e-06
4.022996654384769499e-05
3.672446012496948242e-01
4.131282184971496463e-05
2.506331366021186113e-04
3.448849383858032525e-06
-1.244627128471620381e-06
6.630920324823819101e-06
1.826268817239906639e-05
-3.659111680462956429e-04
-1.989299198612570763e-04
1.526351297798100859e-06
1.083108145394362509e-06
1.124368398450314999e-03
4.486309051513671875e+00
-1.386119402013719082e-04
1.838706339185591787e-06
7.439315595547668636e-06
2.377167675149394199e-06
1.131928348541259766e+01
-1.693856756901368499e-05
-2.857250365195795894e-07
-3.603394725359976292e-04
-8.014772174647077918e-05
-1.936807238962501287e-04
1.927276389324106276e-05
2.845551371574401855e-01
2.470838808221742511e-06
6.403528004739200696e-06
1.786872628144919872e-03
-4.167943188804201782e-06
7.123489922378212214e-07
-2.138735871994867921e-04
-2.997603267431259155e-03
3.484349290374666452e-04
1.688608434051275253e-03
2.176059297198662534e-06
2.093028306262567639e-04
-1.146275901794433594e+01
-8.534584194421768188e-04
1.453429126739501953e+01
5.325421625457238406e-06
4.543468094198033214e-05
-4.970804729964584112e-05
-1.026766858558403328e-05
-1.315045452117919922e+01
3.870906657539308071e-04
5.223626430961303413e-05
4.132959020353155211e-06
-3.157408209517598152e-04
9.061817763722501695e-06
4.651573181152343750e+00
1.919623900903388858e-05
-6.315832251857500523e-06
3.646192252635955811e-01
3.144536167383193970e-04
2.031125404755584896e-06
3.999744658358395100e-04
-2.852415657043457031e+01
1.171831972897052765e-02
1.120996785175520927e-05
2.262761699967086315e-05
1.945126859936863184e-04
-2.910162493208190426e-07
1.916043402161449194e-05
3.651558654382824898e-04
-4.222893949190620333e-06
3.949493984691798687e-04
7.437402018695138395e-07
-2.767231781035661697e-04
-3.346809535287320614e-04
-5.499144317582249641e-04
-4.029695410281419754e-04
4.036364771309308708e-07
1.570724271005019546e-05
1.460566454625222832e-05
-1.604160497663542628e-04
5.530353519134223461e-06
4.868054020334966481e-06
4.915957106277346611e-06
-9.644518286222591996e-07
9.422672519576735795e-06
2.902702362916897982e-06
3.954082785639911890e-06
7.886465937190223485e-06
4.139524753554724157e-05
6.312820911407470703e-01
-4.649745824281126261e-05
3.424137830734252930e-04
-7.954059401527047157e-05
-1.007644641504157335e-06
1.510688889538869262e-06
5.775481440650764853e-06
9.629339911043643951e-04
-9.134928404819220304e-05
-5.986258387565612793e-02
1.779856029315851629e-05
2.882898785173892975e-03
1.489380520069971681e-05
4.519346475717611611e-06
-8.324924274347722530e-04
1.973308280867058784e-05
5.652856998494826257e-06
2.370372531004250050e-04
1.054471795214340091e-05
2.877201186493039131e-04
3.150779288262128830e-03
2.229584424640052021e-06
-1.237451171875000000e+01
1.066714503394905478e-05
2.061714621959254146e-05
2.327235779375769198e-05
1.248415446752915159e-05
-8.417200297117233276e-05
-2.664973180799279362e-06
2.467293597874231637e-05
-3.733760910108685493e-03
-5.046007572673261166e-06
7.491101860068738461e-05
-1.915349275805056095e-05
2.987091429531574249e-04
-6.883965397719293833e-06
1.734716533974278718e-06
1.544768747407943010e-05
-2.746561949606984854e-04
1.616467670828569680e-05
-1.601230906089767814e-06
-9.216661055688746274e-06
1.536542986286804080e-04
4.134441260248422623e-04
1.942024566233158112e-03
2.837541770935058594e+01
-5.820984952151775360e-04
-3.205532073974609375e+00
-2.699529250094201416e-05
1.342741688858950511e-05
-4.553870894596911967e-05
1.222390164912212640e-05
-1.384785864502191544e-04
-8.899584645405411720e-05
-1.201715553179383278e-03
5.720340013504028320e-01
1.648387871682643890e-03
-7.552235911134630442e-05
8.049508323892951012e-06
-8.550273196306079626e-05
1.540553785162046552e-05
-2.396625859546475112e-06
7.707552867941558361e-06
1.906399120343849063e-05
-3.538301467895507812e+01
2.419214433757588267e-05
5.136374384164810181e-04
1.129086740547791123e-06
2.690761117264628410e-03
-1.063518539012875408e-06
-3.120138717349618673e-05
-1.198146128444932401e-05
1.753947799443267286e-06
2.761323776212520897e-05
-4.824408824788406491e-05
-3.215885226381942630e-05
-7.456888910382986069e-03
-9.539558959659188986e-06
2.184115146519616246e-07
-2.567505289334803820e-04
-4.138066287850961089e-06
1.303682802245020866e-05
2.569466050772462040e-05
3.625117642513941973e-06
1.751369563862681389e-05
-7.131865713745355606e-04
-2.265188777528237551e-05
3.627270416473038495e-06
1.158878148999065161e-08
2.412827598163858056e-05
-4.068737325724214315e-06
1.344244083156809211e-06
-4.460684431251138449e-05
2.437492003082297742e-05
6.400132406270131469e-07
2.252151723951101303e-03
1.947488271980546415e-06
3.416935214772820473e-05
-6.568475328094791621e-06
5.932634230703115463e-04
1.346657882095314562e-06
1.038514528772793710e-05
-1.733631506795063615e-04
-3.082451439695432782e-05
-2.521806891309097409e-06
-7.007536478340625763e-04
-1.192054423881927505e-05
2.422369652776978910e-05
-2.522583599784411490e-06
1.522784586995840073e-04
-3.292197106929961592e-06
2.135840259143151343e-05
2.426396531518548727e-05
7.133330655051395297e-07
2.362338818784337491e-06
1.079424546333029866e-04
4.723247002402786165e-06
6.159299573482712731e-06
3.350761835463345051e-04
1.288043313252273947e-05
-9.112848281860351562e+00
1.457487906009191647e-05
-1.430833071935921907e-04
-2.807765849865972996e-05
5.009747837902978063e-06
-3.676762935356236994e-05
-1.686169889580924064e-05
3.248100983910262585e-04
1.131147109845187515e-05
1.500038342783227563e-04
5.867093932465650141e-06
-3.039636794710531831e-06
3.187404712662100792e-03
2.434275083942338824e-04
1.364919626212213188e-06
-4.780180461239069700e-06
2.020518513745628297e-05
1.420416083419695497e-05
-6.998921890044584870e-06
2.011937613133341074e-05
9.066838538274168968e-05
-1.307399361394345760e-03
1.716854603728279471e-05
5.780464562121778727e-06
-4.065490429638884962e-05
8.612223609816282988e-06
-1.540859375381842256e-05
1.968111610040068626e-04
3.243882474635029212e-06
2.381634840276092291e-05
2.315724123036488891e-05
5.871618213859619573e-06
6.626482900173868984e-06
-1.623970092623494565e-05
1.483914365962846205e-05
-2.478299575159326196e-05
2.822390160872600973e-05
2.669477136805653572e-03
2.011101241805590689e-05
1.719198771752417088e-03
-1.494444732088595629e-04
2.047672751359641552e-07
2.260990913782734424e-05
-1.799471210688352585e-03
-4.699990313383750618e-06
-2.697919262573122978e-03
-8.809125574771314859e-06
2.212736035289708525e-06
1.746677480696234852e-05
-2.292579010827466846e-04
1.213705763802863657e-05
-1.359857924398966134e-05
-3.674344043247401714e-06
2.088068140437826514e-05
-7.523692329414188862e-04
7.070027550071245059e-07
2.539945853641256690e-06
-1.409222412109375000e+01
1.832778252719435841e-05
1.926848199218511581e-04
-2.958669392683077604e-05
-2.265402144985273480e-06
1.442498614778742194e-06
3.390949568711221218e-04
1.828556196414865553e-05
3.246965934522449970e-04
-4.831972910324111581e-05
-1.698287669569253922e-04
2.270716140628792346e-05
2.055268851108849049e-06
1.642251736484467983e-04
1.021641946863383055e-05
-1.989064663648605347e-01
1.217652425111737102e-06
2.108802436850965023e-05
-7.664115905761718750e+00
-6.221515359356999397e-04
-7.266474131029099226e-05
1.273900852538645267e-05
2.544524249969981611e-05
1.827068444981705397e-06
4.993933180230669677e-05
8.360942956642247736e-06
1.713143319648224860e-05
-9.803212378756143153e-06
2.174494147766381502e-05
-1.264814200112596154e-04
2.475706860423088074e-03
6.970726966857910156e+00
2.892369925975799561e-01
1.562063516757916659e-05
-1.664580777287483215e-04
4.468510815058834851e-05
2.324854722246527672e-05
-9.036147275764960796e-06
5.227485416980925947e-06
-1.099371293094009161e-04
3.365704324096441269e-03
-3.709996795654296875e+01
-6.486967322416603565e-05
-7.853830538806505501e-06
-8.514985893270932138e-06
-7.133803592296317220e-06
-1.615255541764781810e-06
8.619585059932433069e-06
1.378659799229353666e-04
2.219901187345385551e-03
-8.790801512077450752e-04
-5.088504622108303010e-07
1.327710633631795645e-04
2.393385329924058169e-05
2.200706148869358003e-05
3.781950726988725364e-05
2.274857251904904842e-05
2.047210000455379486e-05
-5.426031112670898438e+00
-7.852343514969106764e-06
1.842283745645545423e-05
9.047122148331254721e-05
-3.405978532100562006e-06
-1.599091774551197886e-07
-1.062715148925781250e+01
4.873930811299942434e-05
1.234297815244644880e-04
-2.542091351642739028e-05
-2.491350746154785156e+01
-1.321159652434289455e-05
-3.621924843173474073e-04
7.049234227451961488e-06
-2.247190423076972365e-04
-4.473859917197842151e-06
1.561256976856384426e-05
2.324431989109143615e-06
-1.967662537936121225e-04
-6.755988579243421555e-05
4.384924977784976363e-06
1.138721418101340532e-04
1.114733458962291479e-05
6.689034762530354783e-06
-1.089757552108494565e-05
2.446633880026638508e-05
-1.248135049536358565e-05
-2.295429294463247061e-04
-5.178820574656128883e-04
-6.096669494581874460e-06
1.494994194217724726e-06
7.231656127260066569e-06
1.298883762501645833e-05
3.431151562836021185e-04
-6.391901406459510326e-04
1.938547939062118530e-06
-2.458058406773488969e-05
2.355389733565971255e-05
9.659110801294445992e-04
-2.632236646604724228e-05
-8.136529686453286558e-06
2.907800436019897461e+00
-1.679575234447838739e-06
-6.816892325878143311e-02
-4.654101212508976460e-04
1.155517384177073836e-05
-1.309911537170410156e+01
3.796506462094839662e-06
-4.968883586116135120e-04
-4.478383925743401051e-05
8.163691381923854351e-05
8.604400209151208401e-04
1.919408168760128319e-05
-7.718217239016667008e-05
-2.312486758455634117e-04
-7.991633610799908638e-04
-1.074811007129028440e-05
1.249976048711687326e-05
-2.940461490652523935e-05
2.280233427882194519e-03
2.336391116841696203e-05
8.467008592560887337e-05
2.965010644402354956e-04
3.594414920371491462e-06
-3.709745942614972591e-04
2.573722667875699699e-06
-2.421965473331511021e-05
-1.180238359665963799e-05
-4.851156700169667602e-05
1.373330633214209229e-06
-2.819580913637764752e-06
-3.164105874020606279e-05
8.970349881565198302e-06
-1.288221392314881086e-05
1.428710675099864602e-06
2.008992669289000332e-05
-2.028804155997931957e-04
-4.499237547861412168e-06
-5.634632543660700321e-06
-5.935646913712844253e-05
2.257227242807857692e-05
-7.542852472397498786e-06
2.170294465031474829e-05
1.420561693521449342e-05
1.795264688553288579e-04
1.436050661141052842e-05
-1.189647769927978516e+01
3.408912277221679688e+01
-1.556444658490363508e-06
1.880054514913354069e-05
-1.088299322873353958e-03
3.547687083482742310e-05
-3.809150075539946556e-05
3.054490662179887295e-06
2.164538273063953966e-06
-4.518986511230468750e+01
1.781356331775896251e-06
3.117289452347904444e-06
-2.509877776901703328e-05
2.066007291432470083e-04
-3.155901140416972339e-06
2.927277819253504276e-06
1.699476342764683068e-06
-5.118668923387303948e-05
-1.830573455663397908e-05
2.182720345444977283e-05
-2.112374204443767667e-07
2.700395270949229598e-06
3.635971552284900099e-06
1.071057340595871210e-04
1.966441777767613530e-04
-1.737870788574218750e+01
2.398080687271431088e-05
1.494613075256347656e+01
-6.004013538360595703e+00
-1.301354641327634454e-04
-3.620040297391824424e-05
1.569602318340912461e-04
8.876862702891230583e-04
-1.817604497773572803e-04
3.593965957406908274e-04
1.803995473892427981e-06
2.092770591843873262e-05
2.160757430829107761e-04
-1.915668690344318748e-06
7.743135029159020633e-06
2.077865792671218514e-05
-3.444488684181123972e-04
2.407796455372590572e-05
1.770381459209602326e-06
1.435369995306245983e-06
1.677592445048503578e-05
4.337084101280197501e-05
-1.153653010987909511e-05
2.003682311624288559e-06
-7.170286153268534690e-06
8.508299288223497570e-06
5.361695075407624245e-04
-5.042395059717819095e-06
1.370102690998464823e-04
6.506486897706054151e-06
-1.741828782542143017e-06
-1.081706250261049718e-05
3.272427420597523451e-05
1.722609522403217852e-05
1.747095666360110044e-06
1.230479938385542482e-06
2.271443918289151043e-05
-8.690580725669860840e-04
2.195988417952321470e-05
1.374849583953619003e-03
-9.296394273405894637e-05
-1.061827424564398825e-05
2.233658597106114030e-05
-1.307240199821535498e-05
2.703503705561161041e-04
2.514347143005579710e-04
1.995867569348774850e-05
-1.142977907875319943e-06
2.728409981500590220e-06
2.723452053032815456e-04
9.029094144352711737e-06
4.416111914906650782e-05
4.112764145247638226e-06
9.865731044556014240e-06
6.885231414344161749e-05
8.779412746662274003e-05
-4.712604731321334839e-02
2.158414281439036131e-05
-1.301749229431152344e+01
6.123086677689570934e-06
1.523139872006140649e-05
4.684906005859375000e+01
-3.404994004085892811e-06
4.836719199374783784e-06
2.315397978236433119e-05
1.390760644426336512e-06
-8.642843458801507950e-04
4.429872894287109375e+01
1.181261264719069004e-03
2.432907058391720057e-05
1.748566319292876869e-06
7.137151551432907581e-04
-1.266283506993204355e-04
-2.578749899839749560e-06
-1.067231559753417969e+01
2.443149278406053782e-04
-7.846410881029441953e-07
1.787467772373929620e-05
-2.919132384704425931e-06
-1.712824632704723626e-05
-3.082960574829485267e-06
-3.916342393495142460e-05
-1.291095213673543185e-05
1.927313860505819321e-06
-2.715051078796386719e+01
-3.752462725969962776e-05
-3.728847122192382812e+01
-1.878315924841444939e-05
-1.688667452981462702e-06
1.542057434562593699e-04
-1.765500201145187020e-06
-2.608316572150215507e-05
2.495665466994978487e-05
