-1.004133373498916626e-04
3.257300704717636108e-04
3.721378743648529053e-05
-2.590753138065338135e-05
-2.359542995691299438e-04
-2.284739166498184204e-04
-2.870894968509674072e-05
5.920790135860443115e-05
7.374789565801620483e-04
3.151177614927291870e-02
1.862343072891235352e+00
3.036763519048690796e-04
1.850035041570663452e-04
3.827206134796142578e+00
-9.561516344547271729e-05
1.707281917333602905e-04
-2.027545124292373657e-04
-2.286769449710845947e-05
1.378264278173446655e-04
6.853602826595306396e-05
3.473069518804550171e-04
1.393150351941585541e-02
1.242365688085556030e-04
-1.042280346155166626e-04
-1.045856624841690063e-04
2.235786914825439453e+00
3.980658948421478271e-05
5.910580605268478394e-02
-1.941714435815811157e-04
1.430418342351913452e-04
1.330878585577011108e-04
1.835577748715877533e-02
2.374872565269470215e-06
-2.695415169000625610e-04
4.046224057674407959e-05
-1.001153141260147095e-04
-1.061949878931045532e-04
-1.523829996585845947e-05
8.409284055233001709e-05
-1.058373600244522095e-04
-3.121234476566314697e-05
-4.170034080743789673e-04
7.840059697628021240e-05
-1.628138124942779541e-05
3.363170474767684937e-02
5.932711064815521240e-05
-2.269539982080459595e-04
8.382461965084075928e-05
-2.423860132694244385e-05
1.133289188146591187e-04
1.725276932120323181e-03
1.265667378902435303e-05
1.175241731107234955e-02
6.475113332271575928e-05
1.145806163549423218e-04
5.837343633174896240e-05
4.710815846920013428e-05
8.626841008663177490e-05
-4.656054079532623291e-05
-5.311705172061920166e-05
-5.687214434146881104e-05
-6.935931742191314697e-05
-5.850568413734436035e-06
4.979036748409271240e-05
-4.721619188785552979e-05
2.061389386653900146e-05
5.418267101049423218e-04
-1.402888447046279907e-04
-3.409180790185928345e-04
-2.325512468814849854e-05
3.554485738277435303e-05
-2.373196184635162354e-05
-2.960301935672760010e-05
-1.569483429193496704e-04
4.768278449773788452e-04
1.566817983984947205e-03
-8.917786180973052979e-05
1.343153417110443115e-05
9.082816541194915771e-05
5.460884422063827515e-04
3.095529973506927490e-05
-1.171603798866271973e-06
-1.913998275995254517e-04
8.623208850622177124e-04
9.736046195030212402e-06
1.208402141928672791e-01
-2.985689789056777954e-04
-6.423331797122955322e-05
6.388686597347259521e-05
1.064147800207138062e-04
-1.255609095096588135e-05
8.197687566280364990e-05
-2.247784286737442017e-04
3.241561353206634521e-05
1.165177673101425171e-04
4.351940006017684937e-04
7.801979035139083862e-02
-1.134667545557022095e-04
-2.232287079095840454e-04
-7.192231714725494385e-05
5.240280628204345703e+00
-1.549217849969863892e-04
-1.025889068841934204e-04
-1.410339027643203735e-04
-1.536104828119277954e-04
8.456967771053314209e-05
3.843568265438079834e-05
-1.023206859827041626e-04
-1.396033912897109985e-04
7.133744657039642334e-05
-1.118276268243789673e-04
3.018043935298919678e-05
4.317425191402435303e-05
4.889629781246185303e-05
1.517739146947860718e-04
-3.067944198846817017e-04
1.304410398006439209e-05
1.219417899847030640e-04
-2.611614763736724854e-05
6.934627890586853027e-06
-3.908667713403701782e-04
-6.557442247867584229e-05
1.191161572933197021e-05
1.525213941931724548e-03
-1.368913799524307251e-04
-2.487096935510635376e-04
1.407172530889511108e-04
-1.185033470392227173e-04
1.245047897100448608e-04
6.317999213933944702e-04
2.719439864158630371e-01
3.304146230220794678e-05
3.318991512060165405e-04
-1.936648041009902954e-04
-6.554462015628814697e-05
3.292225301265716553e-05
-7.469393312931060791e-05
3.407206386327743530e-04
7.619522511959075928e-05
1.278128474950790405e-04
5.008485168218612671e-04
-4.479661583900451660e-06
-9.773112833499908447e-05
-1.845695078372955322e-05
7.398985326290130615e-05
7.920768111944198608e-04
6.791017949581146240e-05
-1.011230051517486572e-05
1.191403716802597046e-04
2.864208072423934937e-04
5.129126548767089844e+00
1.651849597692489624e-04
-1.073572784662246704e-04
5.099013805389404297e+00
-1.071486622095108032e-04
-1.945886760950088501e-04
-2.378914505243301392e-04
-6.190873682498931885e-05
-7.382966578006744385e-05
-1.781675964593887329e-04
1.983903348445892334e-05
5.226396024227142334e-05
4.707481712102890015e-04
3.521703183650970459e-05
2.088211476802825928e-05
7.604863494634628296e-04
-2.817250788211822510e-05
8.543953299522399902e-06
-3.918800503015518188e-04
-2.057645469903945923e-04
2.935751341283321381e-02
2.812407910823822021e-05
7.011555135250091553e-05
3.810785710811614990e-05
-2.891756594181060791e-05
-5.511380732059478760e-05
-8.187629282474517822e-05
1.465883105993270874e-04
-3.491733223199844360e-04
4.093907773494720459e-05
7.041357457637786865e-05
6.225801706314086914e-01
-4.542805254459381104e-05
-4.457328468561172485e-04
-2.420935779809951782e-04
-6.348825991153717041e-05
8.251518011093139648e-07
3.858434408903121948e-02
-1.090262085199356079e-04
5.145929753780364990e-05
1.915248632431030273e+00
1.143421977758407593e-04
-1.116488128900527954e-04
1.372955739498138428e-05
1.730998978018760681e-03
-3.237463533878326416e-05
4.308484494686126709e-05
8.640309795737266541e-03
-1.214537769556045532e-04
-1.383759081363677979e-05
1.428928226232528687e-04
-2.507064491510391235e-04
-1.680646091699600220e-04
-2.548191696405410767e-04
4.248879849910736084e-05
7.123144716024398804e-02
4.305504262447357178e-05
9.506009519100189209e-05
-2.381000667810440063e-04
4.773400723934173584e-05
1.334747299551963806e-03
-8.840300142765045166e-05
3.925179958343505859e+00
-4.115495830774307251e-04
3.612544387578964233e-04
-4.733540117740631104e-05
-4.879571497440338135e-05
-1.305732876062393188e-04
1.325272023677825928e-05
2.174638211727142334e-05
2.791546285152435303e-05
7.739290595054626465e-06
9.675882756710052490e-05
-1.134965568780899048e-04
-2.793408930301666260e-05
-3.767944872379302979e-05
1.293923705816268921e-04
-1.499429345130920410e-06
4.505179822444915771e-05
5.515478551387786865e-05
-8.372403681278228760e-05
-9.406544268131256104e-05
-2.088341861963272095e-04
1.012589782476425171e-04
-1.130439341068267822e-05
1.740058884024620056e-03
-1.065526157617568970e-04
3.059413284063339233e-04
1.608394086360931396e-05
9.923242032527923584e-05
1.632144674658775330e-03
-6.976220756769180298e-04
5.628969520330429077e-04
1.610424369573593140e-04
-4.372932016849517822e-05
-2.014730125665664673e-04
-2.868566662073135376e-04
4.076026380062103271e-05
1.234617084264755249e-04
2.824328839778900146e-05
2.088211476802825928e-05
6.537698209285736084e-05
-1.308117061853408813e-04
3.912113606929779053e-05
-1.984331756830215454e-04
1.775529235601425171e-04
-1.648440957069396973e-06
9.190104901790618896e-05
2.413000911474227905e-04
5.355104804039001465e-06
2.723000943660736084e-05
-2.202186733484268188e-04
1.292807012796401978e-01
1.126434653997421265e-04
4.099868237972259521e-05
-9.120441973209381104e-05
5.281528457999229431e-03
-2.794954925775527954e-04
-5.746819078922271729e-05
1.044478267431259155e-04
-1.039896160364151001e-04
-4.062429070472717285e-06
2.404116094112396240e-05
-1.617465168237686157e-04
-1.497361809015274048e-04
-4.822947084903717041e-05
1.915522933006286621e+00
-2.251006662845611572e-05
6.457231938838958740e-05
-1.847241073846817017e-04
1.980923116207122803e-05
1.375935971736907959e-05
4.022382199764251709e-05
-2.033505588769912720e-04
-2.724716439843177795e-03
-6.694532930850982666e-05
2.800729125738143921e-04
-1.431498676538467407e-04
-2.181921154260635376e-04
5.378387868404388428e-05
-1.754555851221084595e-04
-1.020226627588272095e-04
6.793998181819915771e-05
6.832741200923919678e-05
2.357190608978271484e+00
2.791546285152435303e-05
4.747118800878524780e-04
2.791546285152435303e-05
3.825686872005462646e-05
4.728697240352630615e-05
-1.392457634210586548e-04
-1.116190105676651001e-04
2.450849860906600952e-04
3.112759441137313843e-04
-1.688096672296524048e-04
1.421179622411727905e-04
7.598660886287689209e-05
6.314124912023544312e-04
3.941915929317474365e-05
-7.180310785770416260e-05
1.075770705938339233e-04
1.992844045162200928e-05
-2.101156860589981079e-04
5.256198346614837646e-05
8.313916623592376709e-05
4.332326352596282959e-05
5.533359944820404053e-05
6.189569830894470215e-06
3.208778798580169678e-05
2.663340419530868530e-04
-1.655910164117813110e-04
-2.139899879693984985e-04
-1.822803169488906860e-04
1.608496308326721191e+00
4.070065915584564209e-05
-3.321263939142227173e-04
-3.486666828393936157e-04
-4.296395927667617798e-04
1.004841178655624390e-04
-1.863576471805572510e-05
5.373183727264404297e+00
-1.836754381656646729e-05
-5.910173058509826660e-06
5.312890052795410156e+00
-7.952190935611724854e-05
2.401135861873626709e-05
1.383347362279891968e-01
-3.803707659244537354e-05
-1.993570476770401001e-04
2.451799809932708740e-05
1.430716365575790405e-04
1.593411922454833984e+00
-1.437268592417240143e-02
-2.506170421838760376e-04
7.422827184200286865e-05
-1.831743866205215454e-04
-2.826191484928131104e-05
-1.507196575403213501e-04
1.316275447607040405e-04
-5.126930773258209229e-05
2.973340451717376709e-05
-1.014564186334609985e-04
-8.113123476505279541e-05
5.386101722717285156e+00
2.719070762395858765e-04
-2.599153667688369751e-04
-1.039598137140274048e-04
-1.371297985315322876e-04
-5.407072603702545166e-05
1.496281474828720093e-04
4.457496106624603271e-05
1.393761485815048218e-04
3.506802022457122803e-05
2.663396298885345459e-05
-2.086553722620010376e-04
-1.169182360172271729e-05
-3.004167228937149048e-04
1.526083797216415405e-04
-2.546049654483795166e-05
3.587510436773300171e-04
-1.489017158746719360e-04
2.940557897090911865e-05
-4.662964493036270142e-04
-2.680514007806777954e-04
-3.520045429468154907e-04
1.963041722774505615e-05
-8.589960634708404541e-05
-1.053605228662490845e-04
1.492109149694442749e-04
-8.837319910526275635e-05
8.740630000829696655e-04
1.333560794591903687e-04
-3.329850733280181885e-05
-4.411675035953521729e-05
3.843568265438079834e-05
4.377029836177825928e-05
4.037283360958099365e-05
1.627709716558456421e-04
8.304920047521591187e-04
-2.727601677179336548e-04
-1.604352146387100220e-04
-1.652929931879043579e-04
1.031365245580673218e-04
6.647966802120208740e-05
4.132650792598724365e-05
-4.369951784610748291e-05
1.159217208623886108e-04
-4.118774086236953735e-04
1.217629760503768921e-04
5.087163299322128296e-04
-3.298614174127578735e-04
-3.555808216333389282e-04
-9.940005838871002197e-05
-1.159105449914932251e-04
-2.033207565546035767e-04
-3.056917339563369751e-04
-6.563402712345123291e-05
-4.942156374454498291e-05
-4.220940172672271729e-05
6.707571446895599365e-05
8.007511496543884277e-06
-3.645196557044982910e-06
-8.923746645450592041e-05
4.350207746028900146e-05
-1.171920448541641235e-04
7.369425147771835327e-04
-1.277122646570205688e-04
-2.771411091089248657e-04
-3.671143203973770142e-04
4.726873397827148438e+00
1.009367406368255615e-05
3.950856626033782959e-05
-3.903303295373916626e-04
-2.124700695276260376e-04
-3.429511561989784241e-03
5.423246026039123535e-01
2.166256308555603027e-06
4.609134048223495483e-04
-2.906657755374908447e-05
1.366939395666122437e-04
4.064105451107025146e-05
4.388950765132904053e-05
3.962777554988861084e-05
-3.168918192386627197e-05
-1.252982765436172485e-04
-1.641903072595596313e-04
1.942595466971397400e-03
7.777418941259384155e-04
2.429392188787460327e-04
3.925170749425888062e-04
-8.145906031131744385e-05
-1.020524650812149048e-04
-1.695547252893447876e-04
-3.961715847253799438e-04
3.649853169918060303e-05
2.058651298284530640e-04
-4.324708133935928345e-04
-8.890964090824127197e-05
-6.032921373844146729e-05
3.475701063871383667e-02
-8.381344377994537354e-05
3.214739263057708740e-05
3.765564441680908203e+00
2.591870725154876709e-05
-1.924727112054824829e-04
5.558144569396972656e+00
2.224948257207870483e-04
-2.334453165531158447e-05
1.254882663488388062e-04
1.080261729657649994e-02
4.785321652889251709e-05
3.572367131710052490e-05
-9.755231440067291260e-05
2.705119550228118896e-05
2.630613744258880615e-05
3.816746175289154053e-05
-1.660082489252090454e-04
8.955707773566246033e-03
-5.457550287246704102e-07
-1.674983650445938110e-04
1.187529414892196655e-04
3.953836858272552490e-05
-7.493235170841217041e-05
2.732500433921813965e-06
-3.886017948389053345e-04
-2.828035503625869751e-04
3.974698483943939209e-05
3.420375287532806396e-05
6.643738597631454468e-04
1.765958517789840698e-01
2.096202224493026733e-04
8.823536336421966553e-05
3.357790410518646240e-05
2.484582364559173584e-05
3.302252888679504395e-01
-1.662764698266983032e-04
-9.048916399478912354e-05
-3.219936043024063110e-04
-2.068374305963516235e-04
-2.217385917901992798e-04
-4.045106470584869385e-05
6.677618250250816345e-03
-1.154337078332901001e-04
1.347865909337997437e-04
1.225164160132408142e-03
-9.609200060367584229e-05
1.644156873226165771e-05
2.976562827825546265e-04
1.413872465491294861e-03
-3.590676933526992798e-04
8.468832820653915405e-04
2.830289304256439209e-05
1.560058444738388062e-04
4.341348707675933838e-01
7.451083511114120483e-04
7.221718430519104004e-01
3.631971776485443115e-05
3.521703183650970459e-05
-1.961924135684967041e-05
3.935955464839935303e-05
7.477898001670837402e-01
-4.023108631372451782e-04
-2.158377319574356079e-04
3.888271749019622803e-05
4.245247691869735718e-04
-4.664994776248931885e-05
3.806481838226318359e+00
5.598925054073333740e-05
-2.293381839990615845e-04
6.695559248328208923e-03
-2.159867435693740845e-04
-3.007985651493072510e-05
-4.607532173395156860e-04
2.128166675567626953e+00
8.249487727880477905e-04
-6.894208490848541260e-05
1.254286617040634155e-04
8.561275899410247803e-05
1.482572406530380249e-04
-4.247762262821197510e-05
-4.133079200983047485e-04
3.140233457088470459e-05
-3.721807152032852173e-04
4.163011908531188965e-06
-3.077778965234756470e-04
3.826823085546493530e-04
4.098322242498397827e-04
4.817750304937362671e-04
5.268119275569915771e-05
2.183578908443450928e-05
1.220609992742538452e-04
-1.407656818628311157e-04
3.670714795589447021e-05
-2.602674067020416260e-05
2.293847501277923584e-05
-9.174086153507232666e-05
3.134272992610931396e-05
1.542828977108001709e-05
4.230998456478118896e-05
-7.645227015018463135e-05
4.108808934688568115e-05
1.703019998967647552e-02
-6.143189966678619385e-05
-3.117714077234268188e-04
1.272168010473251343e-04
4.108808934688568115e-05
3.795884549617767334e-05
1.390781253576278687e-04
2.976562827825546265e-04
2.066995948553085327e-04
2.335216850042343140e-04
2.806447446346282959e-05
-1.977775245904922485e-04
1.175012439489364624e-04
-8.163787424564361572e-05
7.111933082342147827e-04
1.572631299495697021e-05
-7.323361933231353760e-05
1.152958720922470093e-04
9.259209036827087402e-06
2.288129180669784546e-04
-4.790816456079483032e-04
2.556107938289642334e-05
3.859095573425292969e+00
3.414414823055267334e-05
-2.125836908817291260e-05
-1.812912523746490479e-05
-6.238557398319244385e-05
-8.738972246646881104e-05
4.940293729305267334e-05
-6.387010216712951660e-06
1.664539799094200134e-03
-1.626703888177871704e-04
2.928636968135833740e-05
9.628199040889739990e-05
-3.830585628747940063e-04
-1.287851482629776001e-04
3.006123006343841553e-05
1.468323171138763428e-05
-2.527628093957901001e-04
4.580244421958923340e-06
5.655549466609954834e-05
4.207156598567962646e-05
1.078566536307334900e-03
-4.122350364923477173e-04
-2.862904220819473267e-04
6.235633850097656250e+00
-1.699663698673248291e-05
1.132791563868522644e-01
-1.864526420831680298e-04
2.487562596797943115e-05
-1.648459583520889282e-04
-6.199814379215240479e-05
-1.491103321313858032e-04
-2.200994640588760376e-04
8.949544280767440796e-04
1.511861942708492279e-02
1.340022310614585876e-03
1.320745795965194702e-04
3.804825246334075928e-05
-1.852009445428848267e-04
4.451535642147064209e-05
4.371069371700286865e-05
-2.405978739261627197e-05
1.483224332332611084e-05
1.959451436996459961e+00
-8.735805749893188477e-07
1.141037791967391968e-04
3.909133374691009521e-05
-1.269672065973281860e-04
3.414414823055267334e-05
-1.754853874444961548e-04
4.844926297664642334e-05
3.882311284542083740e-05
1.102890819311141968e-04
7.983110845088958740e-05
-1.659486442804336548e-04
2.023508772253990173e-03
-1.211259514093399048e-04
3.009103238582611084e-05
-3.233347088098526001e-04
-9.445287287235260010e-05
1.314189285039901733e-04
-2.634022384881973267e-04
1.415219157934188843e-04
-4.989840090274810791e-05
6.456281989812850952e-04
-1.441929489374160767e-04
4.308484494686126709e-05
-8.539296686649322510e-05
-9.277835488319396973e-06
-8.119083940982818604e-05
3.959797322750091553e-05
-1.688096672296524048e-04
-1.005269587039947510e-05
-1.100637018680572510e-05
6.016399711370468140e-04
-8.724071085453033447e-05
9.720586240291595459e-05
7.118843495845794678e-05
2.791788429021835327e-04
-7.281638681888580322e-05
1.071002334356307983e-04
-2.777073532342910767e-04
-1.927111297845840454e-04
-1.583434641361236572e-05
6.178226321935653687e-04
7.258914411067962646e-05
7.560476660728454590e-06
-9.731389582157135010e-05
-3.258381038904190063e-04
-5.740858614444732666e-05
-1.678802073001861572e-05
-9.903684258460998535e-06
3.861449658870697021e-05
4.138611257076263428e-05
-8.080340921878814697e-05
3.712438046932220459e-05
3.530643880367279053e-05
1.340173184871673584e-05
-1.663900911808013916e-05
2.756097614765167236e-01
2.287887036800384521e-05
2.269055694341659546e-04
-1.039598137140274048e-04
3.941915929317474365e-05
-1.399908214807510376e-04
-1.388881355524063110e-04
-3.381166607141494751e-04
3.670714795589447021e-05
-2.748463302850723267e-04
4.737637937068939209e-05
8.516572415828704834e-05
8.764173835515975952e-04
1.640524715185165405e-04
3.673695027828216553e-05
-8.798576891422271729e-05
2.464279532432556152e-06
3.029964864253997803e-05
-5.731359124183654785e-06
-3.726221621036529541e-05
6.576441228389739990e-05
3.841724246740341187e-04
3.116391599178314209e-05
-3.148056566715240479e-05
-1.728329807519912720e-04
-1.437403261661529541e-05
-1.100394874811172485e-04
-2.520177513360977173e-04
1.425053924322128296e-04
-1.437403261661529541e-05
-1.768209040164947510e-05
3.694556653499603271e-05
-7.883645594120025635e-05
-1.117978245019912720e-04
3.280304372310638428e-05
-1.298580318689346313e-04
1.214351505041122437e-04
6.938185542821884155e-04
-1.534018665552139282e-04
2.423729747533798218e-04
2.694334834814071655e-04
5.682371556758880615e-05
1.656077802181243896e-05
5.048718303442001343e-04
-8.724071085453033447e-05
1.384904608130455017e-03
-1.866612583398818970e-04
2.264045178890228271e-05
1.852773129940032959e-05
-2.241823822259902954e-04
2.460740506649017334e-05
-1.137349754571914673e-04
-1.726541668176651001e-04
-3.174878656864166260e-05
2.065207809209823608e-04
1.459028571844100952e-04
3.849528729915618896e-05
1.833815127611160278e-01
-4.533864557743072510e-05
8.740089833736419678e-05
-1.298282295465469360e-04
-9.463168680667877197e-05
4.016421735286712646e-05
-2.636704593896865845e-04
5.325302481651306152e-06
-2.331528812646865845e-04
-1.565609127283096313e-04
-1.743827015161514282e-04
-9.844079613685607910e-06
-8.706189692020416260e-05
7.410906255245208740e-05
1.349356025457382202e-04
3.640254959464073181e-03
1.290347427129745483e-04
-3.386475145816802979e-05
2.099174410104751587e-01
-1.336727291345596313e-04
-1.679752022027969360e-04
-6.247498095035552979e-05
-1.667533069849014282e-04
4.028342664241790771e-05
1.004841178655624390e-04
-6.512738764286041260e-05
9.259209036827087402e-06
-2.093054354190826416e-05
1.667998731136322021e-05
2.331640571355819702e-04
2.052094787359237671e-04
4.261975765228271484e+00
5.013694986701011658e-03
2.115033566951751709e-05
-3.134701400995254517e-04
1.983903348445892334e-05
1.322291791439056396e-05
5.888007581233978271e-05
3.611110150814056396e-05
-1.103077083826065063e-04
1.166900619864463806e-03
1.890568375587463379e+00
-5.392171442508697510e-05
8.555315434932708740e-05
7.273815572261810303e-05
-1.008603721857070923e-04
1.486744731664657593e-04
1.351144164800643921e-04
-1.517329365015029907e-04
6.347503513097763062e-04
6.922986358404159546e-04
1.533888280391693115e-05
-1.048240810632705688e-04
-1.425482332706451416e-05
1.378916203975677490e-05
-1.921746879816055298e-04
-2.364255487918853760e-05
2.246163785457611084e-05
1.303967386484146118e-01
6.498955190181732178e-05
-1.112557947635650635e-05
-1.747701317071914673e-04
5.339644849300384521e-05
-8.876062929630279541e-05
3.663763701915740967e-01
-8.685328066349029541e-05
8.808635175228118896e-05
-1.422259956598281860e-04
4.607896804809570312e+00
-6.148591637611389160e-06
-3.797207027673721313e-04
-7.806159555912017822e-05
-3.165695816278457642e-04
9.795650839805603027e-06
-5.651451647281646729e-05
-8.502975106239318848e-06
3.126766532659530640e-04
1.744832843542098999e-04
-8.312799036502838135e-05
-2.365205436944961548e-04
-3.601051867008209229e-05
3.444217145442962646e-05
5.610845983028411865e-05
-5.373731255531311035e-06
-1.107845455408096313e-04
4.937313497066497803e-05
-2.772603183984756470e-04
6.111524999141693115e-05
1.369025558233261108e-04
-2.090130001306533813e-04
-6.253458559513092041e-05
-2.774391323328018188e-04
5.964245647192001343e-04
-5.612708628177642822e-05
6.555579602718353271e-05
-7.608905434608459473e-06
2.569761127233505249e-04
-1.924429088830947876e-04
-2.507306635379791260e-05
8.749087899923324585e-02
1.483466476202011108e-04
-6.039867177605628967e-03
5.330350250005722046e-04
-4.098750650882720947e-05
7.139663696289062500e-01
9.142421185970306396e-05
5.209948867559432983e-04
-1.721773296594619751e-04
9.556673467159271240e-05
4.488434642553329468e-04
-4.194118082523345947e-05
-1.160893589258193970e-04
3.222431987524032593e-04
3.353860229253768921e-04
-1.413617283105850220e-04
2.535246312618255615e-05
1.144018024206161499e-04
5.663540214300155640e-04
-2.929940819740295410e-06
3.888271749019622803e-05
-3.467891365289688110e-04
3.769062459468841553e-05
-2.749953418970108032e-04
6.100162863731384277e-06
1.136567443609237671e-04
-1.061651855707168579e-04
-1.456234604120254517e-04
-2.312455326318740845e-04
-9.358860552310943604e-05
-1.465473324060440063e-04
1.355018466711044312e-04
-9.162165224552154541e-05
-7.296539843082427979e-05
-2.915598452091217041e-05
3.281142562627792358e-04
-2.402998507022857666e-05
8.525513112545013428e-05
-1.621637493371963501e-04
-1.052394509315490723e-06
-1.028869301080703735e-04
-2.754665911197662354e-05
1.260247081518173218e-04
-6.280280649662017822e-05
-8.145347237586975098e-06
4.783079624176025391e-01
2.365417242050170898e+00
3.560446202754974365e-05
-3.422237932682037354e-05
7.262732833623886108e-04
3.763101994991302490e-05
-1.632664352655410767e-04
-1.648459583520889282e-04
1.518987119197845459e-05
5.459031105041503906e+00
3.402493894100189209e-05
2.895854413509368896e-05
-1.320336014032363892e-04
-2.543721348047256470e-04
-9.564496576786041260e-05
-4.188157618045806885e-05
4.010461270809173584e-05
-9.224750101566314697e-05
-2.243909984827041626e-04
2.275966107845306396e-05
-8.578039705753326416e-05
-8.104182779788970947e-05
3.977678716182708740e-05
5.193613469600677490e-05
-2.104435116052627563e-04
4.185081481933593750e+00
-1.455284655094146729e-05
8.979500532150268555e-01
1.491097956895828247e-01
-6.149150431156158447e-05
1.005437225103378296e-04
-1.281592994928359985e-04
4.501249641180038452e-04
-9.117461740970611572e-05
-3.705713897943496704e-04
-4.343129694461822510e-05
2.291053533554077148e-07
-1.391563564538955688e-04
4.919432103633880615e-05
9.115599095821380615e-05
8.653663098812103271e-05
-2.520773559808731079e-04
8.242391049861907959e-05
2.451799809932708740e-05
4.269741475582122803e-05
6.994232535362243652e-06
9.330175817012786865e-05
6.639026105403900146e-05
3.986619412899017334e-05
3.968738019466400146e-05
-3.455020487308502197e-05
-7.621385157108306885e-05
6.689690053462982178e-05
-2.893898636102676392e-04
6.242655217647552490e-05
-4.209019243717193604e-05
5.145929753780364990e-05
-1.513157039880752563e-04
2.797506749629974365e-05
-7.558800280094146729e-05
2.666376531124114990e-05
-2.385117113590240479e-05
-9.570457041263580322e-05
-1.964904367923736572e-05
2.972092479467391968e-04
3.815796226263046265e-04
5.157850682735443115e-05
-2.283789217472076416e-05
-1.122448593378067017e-04
-1.819226890802383423e-04
-1.359377056360244751e-04
2.550147473812103271e-05
1.105275005102157593e-04
7.500872015953063965e-06
-2.707038074731826782e-04
3.584288060665130615e-05
-2.643857151269912720e-04
6.368383765220642090e-06
-2.659298479557037354e-05
8.644722402095794678e-05
-6.971694529056549072e-05
4.019401967525482178e-05
-2.152416855096817017e-04
6.786062121391296387e-01
1.011397689580917358e-04
-5.806423723697662354e-05
1.342966675758361816e+00
-8.521415293216705322e-05
1.401212066411972046e-04
1.180376857519149780e-04
1.448001712560653687e-04
1.822616904973983765e-04
2.141643524169921875e+00
-4.009101539850234985e-04
2.613291144371032715e-06
-2.412293106317520142e-04
1.187231391668319702e-04
-2.581570297479629517e-04
1.444723457098007202e-04
3.735751152038574219e+00
-2.120528370141983032e-04
-1.036021858453750610e-04
9.705685079097747803e-05
-4.399754106998443604e-05
-1.519415527582168579e-04
-1.143608242273330688e-04
-1.594815403223037720e-04
6.749294698238372803e-05
-6.527639925479888916e-05
2.146981716156005859e+00
-1.456830650568008423e-04
5.168865203857421875e+00
-1.472029834985733032e-04
-9.653903543949127197e-05
-1.237727701663970947e-05
-1.820717006921768188e-04
3.085341304540634155e-04
2.166256308555603027e-06
