-5.879211239516735077e-03
2.674908638000488281e-01
-1.659610867500305176e-02
2.279305830597877502e-02
9.276971220970153809e-02
2.734689041972160339e-02
-2.982527017593383789e-02
5.771673098206520081e-02
4.965784400701522827e-02
5.545093119144439697e-02
-3.604476153850555420e-01
2.599368095397949219e-01
-6.256065797060728073e-03
4.479642957448959351e-02
-3.102692365646362305e-01
6.287523359060287476e-02
3.844192251563072205e-02
-8.855125308036804199e-02
-2.288351021707057953e-02
-1.608675345778465271e-02
1.442084014415740967e-01
-4.267936106771230698e-03
-6.367680430412292480e-02
1.429388374090194702e-01
-6.686031818389892578e-02
8.014550432562828064e-03
-8.406296372413635254e-01
4.541104286909103394e-02
1.936865895986557007e-01
8.549790084362030029e-02
4.373892396688461304e-02
7.170953601598739624e-02
-5.000358074903488159e-02
-9.105497598648071289e-02
-5.128448083996772766e-02
5.714894458651542664e-02
-3.465942665934562683e-02
9.177523897960782051e-04
-2.996622351929545403e-03
6.011625751852989197e-03
-9.369982406497001648e-03
9.007272124290466309e-02
2.146174013614654541e-01
-2.392560839653015137e-01
-1.002533063292503357e-01
7.418908178806304932e-02
-2.144681662321090698e-02
2.255481481552124023e-01
6.861302070319652557e-03
-4.921346902847290039e-03
-5.265436694025993347e-02
-2.244312167167663574e-01
1.237630397081375122e-01
8.164783120155334473e-01
-1.337010879069566727e-02
-1.882893323898315430e+00
-1.220818422734737396e-02
-7.397548109292984009e-02
5.787499248981475830e-02
1.439569145441055298e-01
-8.327480405569076538e-02
1.702233962714672089e-02
1.297771036624908447e-01
-1.864846795797348022e-02
-7.284379005432128906e-02
1.036167051643133163e-02
-1.509863138198852539e-01
-3.783739730715751648e-02
2.534226514399051666e-03
-5.186378210783004761e-02
1.565945334732532501e-02
-6.141061708331108093e-02
-6.554812937974929810e-02
1.619629934430122375e-02
-5.803563073277473450e-02
-2.455032058060169220e-02
1.878400705754756927e-02
-4.699584096670150757e-02
-1.659046113491058350e-01
1.668422222137451172e-01
-1.369929015636444092e-01
4.815375804901123047e-02
-5.021372810006141663e-02
1.276525408029556274e-01
-8.619899302721023560e-02
2.491902932524681091e-02
3.975678235292434692e-02
-2.608249709010124207e-02
-5.971738696098327637e-02
2.501226663589477539e-01
-2.400562167167663574e-01
1.840321868658065796e-01
-4.153798893094062805e-02
2.239487767219543457e-01
1.599401794373989105e-02
-7.627016305923461914e-02
-4.055728018283843994e-02
-4.590663686394691467e-02
2.270542979240417480e-01
1.004817336797714233e-02
-7.601113319396972656e-01
-7.067366838455200195e-01
9.736809879541397095e-03
-1.701182126998901367e-02
-6.418947875499725342e-02
7.667960226535797119e-02
2.786328196525573730e-01
-6.590749025344848633e-01
7.734246551990509033e-03
-4.226445406675338745e-02
-1.560394167900085449e-01
5.928065180778503418e-01
1.245364360511302948e-02
-1.075974758714437485e-02
-5.615451186895370483e-02
-1.145987987518310547e+00
2.566906437277793884e-02
3.327136859297752380e-03
1.622901707887649536e-01
-5.407913774251937866e-02
1.638442464172840118e-02
1.652151346206665039e-01
1.324343234300613403e-01
3.674762845039367676e-01
-5.334602296352386475e-02
2.865646407008171082e-02
-2.094333618879318237e-02
-9.203480556607246399e-03
4.656749591231346130e-02
9.900535643100738525e-02
-2.957099303603172302e-02
-7.628472149372100830e-02
-1.858347840607166290e-02
-2.478241622447967529e-01
-4.276650026440620422e-02
-1.805541813373565674e-01
2.768206037580966949e-02
-2.638604044914245605e-01
-8.145583793520927429e-03
-1.390253752470016479e-02
-4.424276947975158691e-02
-1.987928524613380432e-02
-2.325199544429779053e-02
-1.079820655286312103e-02
-6.274069845676422119e-02
-3.488554805517196655e-02
1.768456101417541504e-01
2.033630460500717163e-01
2.245329134166240692e-02
2.128688097000122070e-01
2.398432195186614990e-01
-5.524840950965881348e-02
3.510917350649833679e-02
-1.796382851898670197e-02
-4.330572485923767090e-02
1.187305431813001633e-02
-7.646458595991134644e-02
-1.037927567958831787e-01
1.553602516651153564e-01
-5.719168484210968018e-02
-1.384821087121963501e-01
-4.500505328178405762e-02
-1.298738270998001099e-01
8.729416131973266602e-02
-2.757145464420318604e-01
-4.602903872728347778e-02
-2.602289021015167236e-01
1.640170514583587646e-01
1.449664682149887085e-02
1.466674171388149261e-02
-6.678158044815063477e-02
2.949028015136718750e-01
-2.848962321877479553e-02
-1.951761171221733093e-02
3.345778211951255798e-02
-4.864988103508949280e-02
-3.362253010272979736e-01
-3.831937909126281738e-02
1.920138113200664520e-02
-7.672442495822906494e-02
2.235686406493186951e-04
-4.363053292036056519e-02
1.377249695360660553e-02
1.301650106906890869e-01
2.601042389869689941e-01
1.535188034176826477e-02
5.246113054454326630e-03
4.782244563102722168e-02
-6.780056655406951904e-02
-7.010973244905471802e-02
-1.272847503423690796e-01
8.717612177133560181e-02
4.794220030307769775e-01
2.021695673465728760e-02
3.403356671333312988e-02
1.182080060243606567e-02
-5.849638953804969788e-03
-7.698103785514831543e-02
-4.397894069552421570e-02
3.966408595442771912e-02
-6.206046789884567261e-03
-2.343616262078285217e-02
-1.584336012601852417e-01
1.354365110397338867e+00
9.197992831468582153e-02
3.667448163032531738e-01
8.039121627807617188e-01
8.491082191467285156e-01
-5.531628429889678955e-02
-1.284089088439941406e+00
-2.130912244319915771e-02
1.522165387868881226e-01
4.227225780487060547e-01
-3.580325841903686523e-02
8.139434456825256348e-02
-5.911839380860328674e-02
1.311800163239240646e-02
1.558519005775451660e-01
1.586661860346794128e-02
1.874575912952423096e-01
-4.286935925483703613e-02
-1.587084531784057617e-01
-3.008674457669258118e-02
1.326766312122344971e-01
-4.804425686597824097e-02
5.697875469923019409e-02
-3.975220024585723877e-02
-2.674535661935806274e-02
-6.020786240696907043e-02
-2.204189822077751160e-02
-1.224251464009284973e-04
1.574727445840835571e-01
4.400061070919036865e-02
2.321780323982238770e-01
3.984221518039703369e-01
1.960807889699935913e-01
1.031783688813447952e-02
-1.880354285240173340e-01
-1.830835826694965363e-02
1.925976127386093140e-01
-3.911072760820388794e-02
-3.310163617134094238e-01
1.426928341388702393e-01
-6.640326231718063354e-02
-7.600970566272735596e-02
-6.469835340976715088e-02
1.350281946361064911e-02
-5.113335326313972473e-02
7.232429087162017822e-02
8.421992510557174683e-02
4.121531844139099121e-01
-7.120801508426666260e-02
1.822451353073120117e-01
1.274020195007324219e+00
1.077000722289085388e-01
-7.873743772506713867e-02
-6.387661397457122803e-02
-4.459591209888458252e-02
-5.606028437614440918e-02
2.505131363868713379e-01
-8.339263498783111572e-02
-4.219623282551765442e-02
-8.423997089266777039e-03
-1.343932189047336578e-02
-6.525019556283950806e-02
-3.797672688961029053e-02
7.530676573514938354e-02
-2.150797471404075623e-02
1.151137985289096832e-02
3.998468816280364990e-01
1.579980403184890747e-01
-5.873648449778556824e-02
-1.253920048475265503e-01
-7.202868163585662842e-02
-1.127620935440063477e-01
-5.907052010297775269e-02
1.440247297286987305e-01
-6.368725746870040894e-02
-1.056102663278579712e-01
-1.512359920889139175e-02
-3.511951118707656860e-02
3.140936791896820068e-02
-5.499546974897384644e-02
6.099493056535720825e-02
-8.198913931846618652e-02
2.438675761222839355e-01
-8.724762126803398132e-03
1.278903782367706299e-01
2.454768167808651924e-03
2.660542726516723633e-02
-3.389262408018112183e-02
-4.666452854871749878e-02
-3.181445226073265076e-02
7.728762030601501465e-01
-6.644231267273426056e-03
1.022280216217041016e+00
1.144952252507209778e-01
-1.778191030025482178e-01
3.517035394906997681e-02
-4.141750931739807129e-02
-6.345102190971374512e-02
1.200871616601943970e-01
-3.958675079047679901e-03
-6.042003631591796875e-03
-1.563959717750549316e-01
-1.951056420803070068e-01
4.205299168825149536e-02
-1.173425763845443726e-01
-5.943537503480911255e-02
1.762942075729370117e-01
1.518592834472656250e+00
-1.905529052019119263e-01
-6.299386173486709595e-02
-2.195677757263183594e-01
8.616723120212554932e-02
-9.143865108489990234e-02
-5.017624795436859131e-02
1.505590528249740601e-01
-4.451365768909454346e-02
1.101710088551044464e-02
-2.777886390686035156e-01
2.915019355714321136e-02
-1.310737431049346924e-01
3.372197970747947693e-02
-6.937029212713241577e-02
4.667778313159942627e-02
-3.378438204526901245e-02
-1.474445164203643799e-01
1.082292664796113968e-02
-6.403487175703048706e-03
8.768459558486938477e-01
1.618536189198493958e-02
-1.126065570861101151e-02
-2.314365096390247345e-02
-5.423130840063095093e-02
-4.872332885861396790e-02
-1.985666900873184204e-02
1.646976321935653687e-01
-6.024399027228355408e-02
-1.604287512600421906e-02
1.481411904096603394e-01
-6.646762788295745850e-02
-1.438817009329795837e-02
-7.734913825988769531e-01
3.451956808567047119e-02
-1.174936909228563309e-02
-1.993800140917301178e-02
-3.656753897666931152e-01
-1.051397919654846191e-01
-8.540027588605880737e-02
1.811085268855094910e-02
-2.679607085883617401e-02
1.333901751786470413e-02
1.180375218391418457e-01
6.884389556944370270e-03
2.281490340828895569e-02
-2.571300864219665527e-01
5.540822446346282959e-02
9.458935260772705078e-02
-3.876102343201637268e-02
-6.530103087425231934e-02
-9.470175206661224365e-02
-8.076399564743041992e-03
2.122306823730468750e-02
6.903504952788352966e-03
4.966273158788681030e-02
-6.133318319916725159e-02
9.835224598646163940e-03
2.944134175777435303e-01
2.191494964063167572e-02
6.526001542806625366e-02
8.251145482063293457e-02
2.476102113723754883e-01
7.884544879198074341e-02
4.373699799180030823e-02
-3.323236107826232910e-02
2.029732316732406616e-01
4.297799617052078247e-02
-1.074569597840309143e-01
3.409877885133028030e-03
-9.458066523075103760e-02
-1.383424699306488037e-01
-1.714617200195789337e-02
-5.980669334530830383e-02
5.424085259437561035e-01
-4.807487130165100098e-02
-9.149724990129470825e-02
-1.049765944480895996e-01
-5.534434318542480469e-02
-1.205699518322944641e-01
-2.465323172509670258e-02
9.272255003452301025e-03
-1.178003028035163879e-01
9.655241854488849640e-03
-7.133914530277252197e-02
-4.909747093915939331e-02
-5.652429908514022827e-02
1.378763765096664429e-01
-2.508847229182720184e-02
-5.559242516756057739e-02
7.501892745494842529e-02
-5.567336082458496094e-01
2.581537328660488129e-02
1.333360001444816589e-02
2.242188155651092529e-01
-2.366928942501544952e-02
-3.444405794143676758e-01
-7.184458523988723755e-02
-4.795714840292930603e-02
5.505330860614776611e-03
-6.623450666666030884e-03
4.527170583605766296e-02
-4.026203975081443787e-02
-5.859815329313278198e-02
-5.104915797710418701e-02
-1.787272989749908447e-01
6.249272823333740234e-02
-2.832084000110626221e-01
-1.057462394237518311e-01
-7.439428567886352539e-02
1.429887302219867706e-02
-6.883643567562103271e-02
-2.120953239500522614e-02
4.754583165049552917e-02
3.213917464017868042e-02
-6.508657336235046387e-02
-3.301208466291427612e-02
5.447773635387420654e-02
1.284353584051132202e-01
-2.682792209088802338e-02
-4.969134926795959473e-02
7.255922257900238037e-02
-3.779354691505432129e-01
-3.145054727792739868e-02
-1.142676025629043579e-01
1.225792095065116882e-01
-2.173101305961608887e-01
2.138961255550384521e-01
2.354140132665634155e-01
1.624668389558792114e-02
5.899365060031414032e-04
-6.181418895721435547e-02
-5.188766866922378540e-02
7.827337086200714111e-02
1.660374104976654053e-01
4.657564312219619751e-02
-5.771843716502189636e-03
-3.616163134574890137e-02
-6.314291059970855713e-02
1.653541438281536102e-02
2.755579948425292969e-01
-2.271625027060508728e-02
-7.043120265007019043e-02
-5.586565658450126648e-02
2.645959705114364624e-02
7.395087480545043945e-01
4.686570912599563599e-02
-4.875868931412696838e-02
-6.543403863906860352e-02
-2.094390541315078735e-01
6.916531175374984741e-02
-4.182681441307067871e-04
-4.205472394824028015e-02
1.197902113199234009e-02
-3.874790854752063751e-04
1.999469846487045288e-02
-2.055823802947998047e-01
-8.408045768737792969e-02
-1.140431612730026245e-01
-1.632252894341945648e-02
-1.338646709918975830e-01
1.668877154588699341e-01
3.079946339130401611e-02
9.485948830842971802e-02
-6.509461998939514160e-02
1.219520717859268188e-01
2.050776779651641846e-01
1.035124361515045166e-01
2.451529726386070251e-03
9.618885815143585205e-02
-2.162910252809524536e-02
9.280782938003540039e-02
1.239944621920585632e-02
-4.533269256353378296e-02
1.472183763980865479e-01
4.844047129154205322e-02
4.260260611772537231e-02
-7.970640063285827637e-02
1.584839522838592529e-01
-5.287881195545196533e-02
2.769153192639350891e-02
-1.079897508025169373e-01
2.432545274496078491e-02
6.478646397590637207e-01
-7.122370600700378418e-02
-1.466421131044626236e-02
-6.401158124208450317e-02
-2.302344702184200287e-02
-3.077820502221584320e-02
6.026058271527290344e-02
-3.963588178157806396e-02
2.076500356197357178e-01
-3.410609439015388489e-02
-1.466155201196670532e-01
1.439961791038513184e-01
-1.674654036760330200e-01
-5.106820166110992432e-02
-1.701476424932479858e-02
-3.450131788849830627e-02
1.457390785217285156e-01
2.576172947883605957e-01
8.328782916069030762e-01
1.902369111776351929e-01
-5.228233337402343750e-02
-3.250337243080139160e-01
-3.888189047574996948e-02
1.726613380014896393e-03
-6.319877505302429199e-02
1.818349659442901611e-01
-3.916018456220626831e-02
-7.772403210401535034e-02
-1.995634473860263824e-02
-1.425661332905292511e-02
-1.630542725324630737e-01
1.629050523042678833e-01
4.540300369262695312e-01
-5.633617192506790161e-02
4.061661660671234131e-03
1.231945380568504333e-01
-1.825453247874975204e-03
2.040576562285423279e-02
-3.719887509942054749e-02
1.059088110923767090e-01
1.769750937819480896e-02
-5.853821709752082825e-02
2.938167192041873932e-03
-2.682647481560707092e-02
-5.541102588176727295e-02
8.004552870988845825e-02
3.782439511269330978e-03
3.193867802619934082e-01
-3.326839208602905273e-01
-4.801761358976364136e-02
-1.838594116270542145e-02
5.545191764831542969e-01
-6.844254583120346069e-02
-3.300735354423522949e-02
3.595142066478729248e-02
1.095632649958133698e-02
-3.052349090576171875e-01
-5.305166244506835938e-01
-2.975421845912933350e-01
-8.119567297399044037e-03
9.571520090103149414e-01
1.739804744720458984e-01
-5.939104408025741577e-02
-3.863416910171508789e-01
-1.473208665847778320e-01
-2.849322184920310974e-02
3.334640758112072945e-03
2.575877904891967773e-01
-2.186586707830429077e-02
-5.119638890027999878e-02
-3.863063454627990723e-02
-8.104454725980758667e-03
-2.360289357602596283e-02
3.014872409403324127e-02
-1.259352117776870728e-01
5.049634724855422974e-02
5.154924467206001282e-02
-3.503315523266792297e-02
1.289530396461486816e-01
5.377542227506637573e-02
-1.031590029597282410e-01
-5.497249215841293335e-02
-1.230657100677490234e-02
-1.234098434448242188e+00
-1.132512390613555908e-01
-3.357267752289772034e-02
-6.818846613168716431e-02
1.961131989955902100e-01
-4.658912867307662964e-02
8.030300959944725037e-03
-3.536322116851806641e-01
-6.499449163675308228e-02
2.205990254878997803e-02
1.587654054164886475e-01
-3.702709078788757324e-02
-3.279228881001472473e-02
1.191062293946743011e-02
2.985563874244689941e-01
-1.394302994012832642e-01
-3.521488234400749207e-02
1.305369734764099121e-01
4.426215887069702148e-01
1.051189675927162170e-01
-1.328222081065177917e-02
-1.767889261245727539e-01
1.517841592431068420e-02
-6.817457824945449829e-02
-6.804481148719787598e-02
-2.330423519015312195e-02
-9.201095998287200928e-02
1.441351324319839478e-02
-1.136734634637832642e-01
-7.520487159490585327e-02
3.235124517232179642e-03
-1.649379432201385498e-01
-6.325042247772216797e-02
1.165072899311780930e-02
-3.764593601226806641e-01
1.224562674760818481e-01
-1.545557826757431030e-01
-7.528628408908843994e-02
-7.982028275728225708e-02
-3.414964303374290466e-02
4.951427504420280457e-02
1.225395128130912781e-01
-1.457477957010269165e-01
1.358174066990613937e-02
1.633058637380599976e-01
1.418707240372896194e-02
1.861700043082237244e-02
-5.725064873695373535e-02
-2.210705913603305817e-02
-3.409450175240635872e-03
5.023172497749328613e-02
-6.863522529602050781e-02
2.453788928687572479e-02
1.949050426483154297e-01
-5.077693238854408264e-02
-1.014475151896476746e-01
1.524438112974166870e-01
1.433452963829040527e-01
-3.725431114435195923e-02
-2.932291030883789062e-01
5.349033474922180176e-01
4.937999695539474487e-02
-1.577108725905418396e-02
-4.491226375102996826e-02
-4.756719246506690979e-02
-4.322391748428344727e-02
-2.316793352365493774e-01
-5.981178581714630127e-02
7.479098439216613770e-02
-5.261326208710670471e-02
-3.091685473918914795e-01
-1.824610829353332520e-01
-2.959064953029155731e-02
-4.884032160043716431e-02
-6.179777532815933228e-02
6.554709747433662415e-03
1.172156305983662605e-03
-1.100995317101478577e-01
-3.953746706247329712e-02
-1.190115660429000854e-01
1.657115519046783447e-01
1.004610210657119751e-03
1.772904694080352783e-01
6.866642236709594727e-01
-3.209655359387397766e-02
-5.773335229605436325e-03
-5.172878503799438477e-02
1.566191613674163818e-01
-1.230762451887130737e-01
-7.514171302318572998e-02
-3.257058560848236084e-02
3.169049322605133057e-02
2.589284420013427734e+00
1.712919212877750397e-03
-1.543723493814468384e-01
-2.831753157079219818e-02
1.820705831050872803e-01
-1.845876276493072510e-01
-5.292395874857902527e-02
-1.069333314895629883e+00
-6.067402660846710205e-02
6.255013868212699890e-04
-9.941929578781127930e-02
3.983885049819946289e-02
2.705619931221008301e-01
3.351258113980293274e-03
-4.643860831856727600e-02
9.748833253979682922e-03
-6.793192774057388306e-02
9.344483725726604462e-03
-2.013184502720832825e-02
1.147536262869834900e-01
-1.159222126007080078e-01
-5.839748680591583252e-02
2.560805156826972961e-02
4.498125314712524414e-01
-5.781334359198808670e-03
-7.150947302579879761e-02
-3.660929575562477112e-02
8.965767920017242432e-02
-5.683003365993499756e-02
-5.315344780683517456e-02
-3.105022907257080078e-01
-5.868756771087646484e-02
3.387633478268980980e-03
-2.528500080108642578e+00
1.032589524984359741e-01
-4.866602271795272827e-02
-2.178629674017429352e-02
-6.895877420902252197e-03
8.980005979537963867e-02
-4.340844154357910156e-01
-5.556985363364219666e-02
-5.654088780283927917e-02
-1.847344338893890381e-01
6.135796755552291870e-02
2.638202905654907227e-02
-6.793721020221710205e-02
-1.602419614791870117e-01
-5.380507186055183411e-02
-1.687473356723785400e-01
-1.597661525011062622e-03
-3.312084451317787170e-02
-9.775734692811965942e-02
-1.068411767482757568e-02
-2.990367449820041656e-02
1.895036101341247559e-01
-9.024987369775772095e-02
-5.982002988457679749e-02
-1.548213660717010498e-01
-6.165749579668045044e-02
2.182837575674057007e-02
1.527046114206314087e-01
7.614006847143173218e-02
-1.474901288747787476e-01
1.251912564039230347e-01
-4.749824851751327515e-02
-1.508914865553379059e-04
9.613569825887680054e-02
2.726302295923233032e-02
1.519042626023292542e-02
1.352801471948623657e-01
-4.777231253683567047e-03
-3.179939091205596924e-02
-4.208052158355712891e-02
1.445588469505310059e-01
-5.930768325924873352e-02
-6.471385061740875244e-02
-2.931326627731323242e-03
3.241454809904098511e-02
-1.587927788496017456e-01
-6.240773946046829224e-02
1.115973200649023056e-02
-8.877538889646530151e-02
-5.809204652905464172e-02
-1.694612577557563782e-02
-4.791387170553207397e-02
-5.136243999004364014e-06
-4.958754777908325195e-02
-3.316301107406616211e-02
-1.660649478435516357e-02
-3.348255529999732971e-02
5.234440565109252930e-01
1.642935425043106079e-01
-2.891206368803977966e-02
6.901244819164276123e-02
1.584786921739578247e-01
1.756778359413146973e-01
-3.067330718040466309e-01
-6.605118513107299805e-02
1.298341602087020874e-01
-2.927641198039054871e-02
6.715642660856246948e-02
3.546589240431785583e-02
-1.320517957210540771e-01
-2.404686659574508667e-01
-1.400042511522769928e-02
-4.539797827601432800e-02
-7.609095424413681030e-02
7.693670690059661865e-02
1.533785909414291382e-01
-2.771480560302734375e+00
-5.920166969299316406e-01
1.131700873374938965e-01
-2.062381803989410400e-02
-1.120612863451242447e-02
-1.557090505957603455e-02
9.535466320812702179e-03
-2.294939197599887848e-02
-3.357780165970325470e-03
9.512066841125488281e-02
2.380655109882354736e-01
-1.062218248844146729e-01
-5.922227725386619568e-02
3.333758562803268433e-02
-3.739783307537436485e-03
6.772750020027160645e-01
1.394492983818054199e-01
1.194098126143217087e-02
-4.367928206920623779e-02
-3.006614279001951218e-03
-1.134903207421302795e-01
-4.842429235577583313e-02
1.789859384298324585e-01
-9.390451014041900635e-02
3.776248544454574585e-02
-6.804047524929046631e-02
3.213204145431518555e-01
1.537526492029428482e-02
2.992334961891174316e-02
1.686976552009582520e-01
1.438982319086790085e-03
-5.025282502174377441e-02
1.474954336881637573e-01
-5.258352030068635941e-03
-3.825049847364425659e-02
1.528282370418310165e-02
-1.604547649621963501e-01
-8.122491091489791870e-02
-1.241946686059236526e-02
-9.487596154212951660e-02
-1.136508770287036896e-02
-4.808075428009033203e-01
-1.005352362990379333e-01
-2.905933186411857605e-03
-6.082808226346969604e-02
2.695463784039020538e-02
-1.551578044891357422e+00
3.504308313131332397e-02
-6.414863467216491699e-02
-6.926997099071741104e-03
-2.530484199523925781e-01
4.234347492456436157e-02
-5.639722570776939392e-02
-1.613465696573257446e-02
2.364930152893066406e+00
-1.247372478246688843e-01
3.313003480434417725e-02
-2.421361580491065979e-02
1.453018374741077423e-02
-7.378479093313217163e-02
-3.390542566776275635e-01
1.244980469346046448e-02
1.465670950710773468e-02
-2.941917181015014648e-01
3.897905349731445312e-01
3.339650928974151611e-01
3.932342678308486938e-02
-5.836761742830276489e-02
3.667039051651954651e-02
-4.524796828627586365e-02
2.674559056758880615e-01
-1.745157130062580109e-02
1.171605512499809265e-01
5.449796915054321289e-01
2.936971187591552734e-02
-2.189081609249114990e-01
2.033851668238639832e-02
-3.290143609046936035e-02
-6.278724409639835358e-03
9.802682325243949890e-03
-2.734769508242607117e-02
6.709974259138107300e-03
-1.823712587356567383e+00
1.426159441471099854e-01
-1.920074671506881714e-01
2.535468898713588715e-03
1.222235783934593201e-01
2.206660658121109009e-01
-1.067044213414192200e-01
1.142500042915344238e-01
-2.637428939342498779e-01
-3.398692607879638672e-01
1.414885185658931732e-02
1.369549036026000977e-01
-6.044412031769752502e-03
-9.113589674234390259e-02
9.998981654644012451e-02
2.213495373725891113e-01
-1.394706964492797852e-02
1.508534252643585205e-01
-2.761753275990486145e-03
5.372699350118637085e-02
5.578771829605102539e-01
-7.742436230182647705e-02
1.318966783583164215e-02
-7.297217845916748047e-03
4.301697611808776855e-01
7.373356074094772339e-02
-6.705439183861017227e-03
1.161163896322250366e-01
-2.585924230515956879e-02
6.593393534421920776e-02
-4.773060232400894165e-02
-4.653758555650711060e-02
-8.613717555999755859e-02
-7.427334785461425781e-02
1.285721361637115479e-01
-3.905568644404411316e-02
1.304561048746109009e-01
9.374543093144893646e-03
-6.970648467540740967e-02
-3.980395942926406860e-02
5.557590723037719727e-02
-5.173911526799201965e-02
2.123245596885681152e-01
-2.285708114504814148e-02
-3.388208895921707153e-02
-9.550443291664123535e-02
6.369926035404205322e-03
3.282850682735443115e-01
-6.321606785058975220e-02
-5.592670664191246033e-02
-4.490767791867256165e-02
-1.391793638467788696e-01
-2.649588882923126221e-01
-4.608060717582702637e-01
-1.056139916181564331e-01
2.277524210512638092e-02
-4.809814095497131348e-01
4.663639143109321594e-02
2.793276682496070862e-02
-4.718644917011260986e-02
-6.599797308444976807e-02
-2.725622951984405518e-01
3.285998106002807617e-01
-1.701756566762924194e-02
-2.411161363124847412e-02
-5.329983681440353394e-02
2.508247084915637970e-02
2.131641376763582230e-03
5.955873988568782806e-03
1.958190351724624634e-01
-3.508401289582252502e-02
8.042110502719879150e-02
1.750740408897399902e-01
4.770548641681671143e-02
3.116555511951446533e-02
2.716960906982421875e-01
-8.047898113727569580e-02
-1.697820425033569336e-01
4.108704626560211182e-03
3.947663307189941406e-02
-5.158264189958572388e-02
-4.878616333007812500e-02
1.345544904470443726e-01
-1.280632168054580688e-01
1.414590477943420410e-01
1.870445907115936279e-01
-1.685753464698791504e-03
7.967035174369812012e-01
7.465554773807525635e-02
2.355670034885406494e-01
-5.610099062323570251e-02
-1.900089904665946960e-02
-8.039912581443786621e-02
-3.674581646919250488e-02
3.007183596491813660e-02
-5.511942505836486816e-02
6.111372262239456177e-02
-1.688927039504051208e-02
-1.301628798246383667e-01
8.200241625308990479e-02
-6.028983369469642639e-02
-7.869350165128707886e-02
-1.890383288264274597e-02
3.134744167327880859e-01
1.081965044140815735e-01
1.376659423112869263e-01
-3.092680126428604126e-04
3.987801074981689453e-02
4.398356378078460693e-02
-5.818034335970878601e-02
-5.143737420439720154e-02
8.194024115800857544e-02
-1.053432822227478027e-01
-4.994778707623481750e-02
1.647878289222717285e-01
-1.432314664125442505e-01
6.815509870648384094e-03
3.660694360733032227e-01
1.871647499501705170e-02
-1.209752857685089111e-01
-9.660576470196247101e-03
6.730223447084426880e-02
1.144288107752799988e-01
-8.362090587615966797e-02
-3.788838535547256470e-02
-1.426701527088880539e-02
-1.344148367643356323e-01
5.158176645636558533e-05
-1.903018057346343994e-01
-6.067153438925743103e-02
-4.443899095058441162e-01
