-4.835442639887332916e-03
-2.042437158524990082e-02
2.609531581401824951e-02
1.487184083089232445e-03
-1.780940592288970947e-02
-1.267539151012897491e-02
3.488914109766483307e-03
-3.346450626850128174e-03
-3.819650039076805115e-02
-2.861693501472473145e-02
-4.469159990549087524e-02
-4.286598786711692810e-02
-3.595772758126258850e-02
-1.472450979053974152e-02
-4.828564822673797607e-03
-5.223529413342475891e-02
-1.884137652814388275e-02
2.676839940249919891e-03
4.686986282467842102e-02
-8.271406404674053192e-03
-2.210655808448791504e-02
-1.407940126955509186e-02
8.315710723400115967e-02
-3.930817358195781708e-03
-4.367184825241565704e-03
-2.526534348726272583e-02
2.689542993903160095e-02
-2.291637286543846130e-02
-1.640579476952552795e-02
1.111963614821434021e-01
1.023909151554107666e-01
-3.010886162519454956e-02
5.523301661014556885e-03
-1.182999461889266968e-02
1.883542910218238831e-02
-1.222462579607963562e-02
-5.319211166352033615e-03
4.394314251840114594e-03
-4.273045808076858521e-03
-1.281154435127973557e-02
-9.423747658729553223e-03
-1.029920112341642380e-02
-5.336859077215194702e-02
-7.170040160417556763e-03
-2.496488764882087708e-02
-4.845521971583366394e-02
-6.899849977344274521e-03
-1.629106700420379639e-02
-2.339769899845123291e-02
2.572454512119293213e-02
-1.617591977119445801e-01
3.491111099720001221e-03
-1.641245000064373016e-02
1.064773648977279663e-02
-2.482268773019313812e-02
4.471728205680847168e-02
3.965653479099273682e-03
-2.568726986646652222e-02
2.592235803604125977e-03
2.166100777685642242e-03
-1.184790488332509995e-02
-1.895558089017868042e-03
5.428348667919635773e-03
-1.396185811609029770e-02
2.559826709330081940e-03
-2.719095721840858459e-02
-1.177891567349433899e-01
-7.155132014304399490e-03
-1.311215758323669434e-02
3.877818584442138672e-03
2.245495840907096863e-02
-1.101235300302505493e-02
5.126148462295532227e-04
-3.640293609350919724e-03
-7.062269747257232666e-02
-9.693544358015060425e-02
1.800805330276489258e-04
3.582705929875373840e-02
1.205046474933624268e-02
-3.181094303727149963e-02
6.001142039895057678e-02
-3.964006900787353516e-03
-1.060381811112165451e-02
-4.403406009078025818e-02
7.208740338683128357e-03
-1.501250453293323517e-02
-1.109980139881372452e-02
1.440305262804031372e-03
7.784850150346755981e-02
-5.887804552912712097e-03
-5.289998371154069901e-03
1.418671756982803345e-02
-8.259903639554977417e-03
1.538059115409851074e-02
3.598284348845481873e-02
-3.710246458649635315e-02
-1.820429600775241852e-02
-1.871809735894203186e-02
-1.683856546878814697e-02
-2.203328721225261688e-02
-5.431713908910751343e-02
-4.666020162403583527e-03
-2.070800587534904480e-02
-1.111210882663726807e-02
-6.365613546222448349e-03
-1.547143608331680298e-02
4.363679885864257812e-02
-3.519357182085514069e-03
-3.725329414010047913e-03
1.130549050867557526e-02
-7.618030998855829239e-03
6.626439094543457031e-02
-2.050997316837310791e-02
8.578538149595260620e-02
6.851903349161148071e-02
-9.198835119605064392e-03
6.922785658389329910e-03
6.441763043403625488e-02
-1.715115457773208618e-02
8.723204955458641052e-03
-1.271166838705539703e-02
-1.300649158656597137e-02
2.574322279542684555e-03
-8.161672949790954590e-02
-1.027424447238445282e-02
-1.265632919967174530e-02
7.183331996202468872e-02
-5.495198536664247513e-03
2.932172641158103943e-02
-9.379337728023529053e-02
-3.732914850115776062e-02
2.153560146689414978e-02
-2.338891290128231049e-02
-1.059563830494880676e-02
1.538425683975219727e-03
-5.507964175194501877e-03
8.383728563785552979e-04
-1.867803558707237244e-02
5.488662049174308777e-03
4.770807549357414246e-02
-8.342491835355758667e-02
3.094870597124099731e-03
-1.815845444798469543e-02
-4.188292194157838821e-03
-1.229840144515037537e-02
-9.105908870697021484e-02
-2.985909581184387207e-02
4.922890570014715195e-03
5.662018805742263794e-02
-2.891336567699909210e-02
-3.573165833950042725e-02
-1.879400014877319336e-02
-3.131476696580648422e-03
-4.772137850522994995e-02
-2.763597760349512100e-03
-1.864454708993434906e-02
-1.239192765206098557e-02
-1.028042286634445190e-03
-8.125789463520050049e-06
-9.893459267914295197e-03
4.240949451923370361e-02
-1.132842898368835449e-02
-6.198308616876602173e-02
-1.140300370752811432e-02
2.689087390899658203e-02
-1.377665996551513672e-01
3.356515662744641304e-03
2.777595072984695435e-03
-2.836456894874572754e-02
-1.462090481072664261e-02
-2.611238509416580200e-02
1.375923864543437958e-02
-3.129358589649200439e-02
8.095894753932952881e-02
3.639906179159879684e-03
2.077425830066204071e-03
-2.284852787852287292e-03
6.684175878763198853e-02
-1.237447746098041534e-02
3.121142461895942688e-02
-3.267955034971237183e-03
-1.603719964623451233e-02
-4.801964387297630310e-04
-1.157375052571296692e-02
-1.047193538397550583e-02
1.538541167974472046e-03
7.062526419758796692e-03
-3.322349786758422852e-01
-2.428679354488849640e-02
-2.596940845251083374e-03
-2.418561652302742004e-02
-2.058228105306625366e-02
-9.954260662198066711e-03
-2.265162765979766846e-04
-1.006841957569122314e-01
-6.414782255887985229e-03
2.090740203857421875e-02
-4.134829342365264893e-02
-2.010101079940795898e-02
4.601082764565944672e-03
7.916938513517379761e-02
-1.125853694975376129e-02
-2.074428275227546692e-02
-1.573044620454311371e-02
1.846192777156829834e-02
-6.684824824333190918e-02
1.555348560214042664e-02
4.940383136272430420e-03
-6.835942156612873077e-03
1.135531663894653320e-01
-4.667228460311889648e-02
-2.639076672494411469e-02
-1.612427644431591034e-02
-1.121183950453996658e-02
-5.976341664791107178e-02
-2.887120470404624939e-02
-1.067963987588882446e-02
-2.317949570715427399e-02
2.566203847527503967e-02
1.286884211003780365e-02
6.132910400629043579e-02
8.176119998097419739e-03
2.452349662780761719e-02
-1.427219621837139130e-02
-2.387792244553565979e-02
3.638844937086105347e-04
-1.759153977036476135e-02
5.336455535143613815e-03
5.077887326478958130e-03
1.664866134524345398e-02
4.801880568265914917e-04
-8.544826880097389221e-03
-6.467187777161598206e-03
1.952940225601196289e-02
-4.434585571289062500e-05
-1.872097551822662354e-01
-1.747027970850467682e-02
-1.829311810433864594e-02
1.184561103582382202e-02
5.622364953160285950e-02
-9.025236964225769043e-02
-4.087065532803535461e-02
-5.451916903257369995e-02
-4.014788568019866943e-02
2.710474655032157898e-03
-1.241432502865791321e-02
-1.040618401020765305e-02
5.084437876939773560e-02
5.226603522896766663e-02
1.391259022057056427e-02
1.792372390627861023e-02
-2.521986886858940125e-02
-2.275936864316463470e-02
2.014962211251258850e-02
-7.231217809021472931e-03
-4.065980017185211182e-02
-1.349721569567918777e-02
1.642023026943206787e-02
-4.575112462043762207e-02
8.436758071184158325e-04
4.370064288377761841e-02
-1.435234956443309784e-02
-1.650949753820896149e-02
6.462666392326354980e-02
4.153041914105415344e-02
-9.128706529736518860e-03
-1.745344325900077820e-02
-1.157395169138908386e-02
-9.591892361640930176e-03
1.260749623179435730e-02
-5.172160919755697250e-03
3.991088364273309708e-03
1.109698787331581116e-03
-2.330102771520614624e-02
-3.218365367501974106e-03
-1.136066298931837082e-02
-4.211615025997161865e-02
4.071909002959728241e-03
2.734991908073425293e-02
-8.150915615260601044e-03
2.325588837265968323e-03
1.069531124085187912e-02
4.137229174375534058e-02
-1.854340545833110809e-02
-9.503547847270965576e-02
-1.163534820079803467e-03
-1.507322210818529129e-02
-5.921161733567714691e-03
-9.178344160318374634e-03
-1.731373555958271027e-02
-1.191140804439783096e-02
-1.336198113858699799e-02
1.097428612411022186e-02
2.045625820755958557e-03
-1.777491532266139984e-02
1.083421893417835236e-02
-4.682896286249160767e-02
2.969880588352680206e-02
2.861751243472099304e-02
6.723073869943618774e-02
-1.702042669057846069e-02
-9.297423996031284332e-03
-1.022234708070755005e-01
-1.895683258771896362e-02
-4.564787261188030243e-03
1.190003752708435059e-01
-3.307408839464187622e-02
-3.827474266290664673e-02
2.749865874648094177e-02
-1.625704392790794373e-02
-3.189940005540847778e-02
9.387782774865627289e-03
-7.074176333844661713e-03
1.198452115058898926e-01
1.241364777088165283e-01
1.069912388920783997e-01
-1.330916956067085266e-02
-3.669323399662971497e-03
3.470965847373008728e-02
-4.048442095518112183e-02
-6.683147512376308441e-03
-6.425426341593265533e-03
-8.976460434496402740e-03
-3.764977678656578064e-02
2.394381538033485413e-02
-1.102207507938146591e-02
-1.090454496443271637e-02
-1.210304442793130875e-02
1.654436439275741577e-02
4.353282973170280457e-03
-4.228309169411659241e-02
-7.920635864138603210e-03
-6.580460816621780396e-03
-5.820425599813461304e-02
-5.245872307568788528e-03
1.793529652059078217e-02
-1.599433831870555878e-02
3.125112038105726242e-03
-1.363257039338350296e-02
1.390723697841167450e-02
4.091452062129974365e-02
-5.798321962356567383e-02
-3.241563141345977783e-01
-7.888971827924251556e-03
1.060982607305049896e-02
-1.301723904907703400e-02
-7.161252200603485107e-03
-5.773827899247407913e-03
5.697640404105186462e-02
2.310202457010746002e-03
3.478206321597099304e-02
-2.316159754991531372e-02
-1.149106770753860474e-03
-6.260292232036590576e-02
-5.040622875094413757e-02
-1.390780322253704071e-02
-6.557822227478027344e-03
-1.995948143303394318e-03
-5.429646931588649750e-03
-3.718232363462448120e-02
-2.138938754796981812e-02
1.275726705789566040e-01
1.062873750925064087e-02
1.438455283641815186e-02
-1.596968993544578552e-02
-1.073347497731447220e-02
-1.446652878075838089e-02
7.891670614480972290e-02
2.972715999931097031e-03
-3.022770769894123077e-02
-1.089233532547950745e-02
1.665466465055942535e-02
-1.085091102868318558e-02
-1.565003953874111176e-02
-9.977716021239757538e-03
8.418408222496509552e-03
1.325774937868118286e-04
-2.426002174615859985e-03
8.119136095046997070e-02
-1.442852336913347244e-02
-1.250129640102386475e-01
4.588776081800460815e-02
-9.407696314156055450e-03
2.640224993228912354e-03
2.966196835041046143e-02
2.016332373023033142e-02
1.576190814375877380e-02
-2.938050031661987305e-02
-4.075511172413825989e-02
-1.570047996938228607e-02
-1.012016646564006805e-02
-9.547970257699489594e-03
7.395079731941223145e-02
-4.898098856210708618e-02
2.323388680815696716e-02
1.377704553306102753e-03
4.781090468168258667e-02
-1.268300320953130722e-02
2.669421955943107605e-02
-3.027147054672241211e-02
-1.630624011158943176e-02
-1.365718245506286621e-02
-7.751782890409231186e-03
-1.052273437380790710e-03
-2.156960405409336090e-02
-1.418281532824039459e-02
-7.806954905390739441e-03
-9.565832093358039856e-03
-2.076925337314605713e-02
-1.611066423356533051e-02
9.119691327214241028e-03
6.255561951547861099e-03
-5.146386101841926575e-04
1.819472759962081909e-02
-1.697798818349838257e-02
-4.792018979787826538e-02
-3.238296136260032654e-03
-1.474979612976312637e-02
-1.051532849669456482e-02
-2.650170773267745972e-02
-1.552921719849109650e-02
-4.203438758850097656e-03
-1.087344717234373093e-02
-1.910975947976112366e-02
-1.926696747541427612e-01
-1.831259019672870636e-02
-8.094198070466518402e-03
-4.014371708035469055e-02
3.595287445932626724e-03
3.716533631086349487e-02
6.989980116486549377e-03
9.923433884978294373e-03
1.857351511716842651e-03
-1.492017135024070740e-02
-1.333937980234622955e-03
-4.600882995873689651e-03
-1.260430738329887390e-02
-4.543319717049598694e-02
6.284534931182861328e-03
-9.883126616477966309e-02
7.696384564042091370e-04
-1.425850018858909607e-02
-1.988101005554199219e-02
-1.335129700601100922e-02
1.673710718750953674e-02
5.637288093566894531e-03
-1.320036966353654861e-02
-3.035287838429212570e-03
-2.023504115641117096e-02
-8.749462664127349854e-02
-2.036426588892936707e-02
1.917114853858947754e-02
-1.391240581870079041e-02
1.793887466192245483e-03
-2.146766707301139832e-02
-4.770911484956741333e-02
-1.512436661869287491e-02
-1.052069291472434998e-02
4.534575343132019043e-02
-1.237917020916938782e-01
-3.212256357073783875e-03
1.774159446358680725e-02
-5.791094154119491577e-04
2.722183801233768463e-02
1.656141690909862518e-02
2.845501899719238281e-02
-1.581341959536075592e-02
-1.752146333456039429e-02
-3.406791761517524719e-02
-2.139709517359733582e-02
3.141537308692932129e-02
4.973883926868438721e-02
-1.961462199687957764e-03
-9.920646436512470245e-03
-1.217300817370414734e-02
-1.121283881366252899e-02
3.348458185791969299e-02
3.418598324060440063e-02
-1.416742056608200073e-01
-1.419737096875905991e-02
-4.307162389159202576e-02
1.442253589630126953e-02
2.160711959004402161e-02
2.015449292957782745e-02
-3.353858739137649536e-02
-9.173801168799400330e-03
-4.806998185813426971e-03
-1.393380202353000641e-02
-9.395047090947628021e-03
-1.523645315319299698e-02
2.915169112384319305e-03
-1.877245120704174042e-02
-1.407504826784133911e-02
6.757386028766632080e-02
-3.784509375691413879e-02
-3.415392711758613586e-04
3.372792154550552368e-02
-5.405561625957489014e-02
-2.252060770988464355e-01
-1.443606056272983551e-02
-9.288550168275833130e-02
2.185519784688949585e-02
-4.581873118877410889e-02
-2.213090658187866211e-02
-1.302986145019531250e-01
-1.713375002145767212e-02
2.272072061896324158e-02
-2.132048830389976501e-02
-3.168880939483642578e-02
1.002683639526367188e-01
-1.312151551246643066e-02
-1.299580559134483337e-02
-1.325502805411815643e-02
2.147655934095382690e-02
-6.454250961542129517e-02
-5.788084585219621658e-03
-1.284060534089803696e-02
-2.028515562415122986e-03
-7.490303833037614822e-03
-4.385635256767272949e-02
-2.072790637612342834e-02
-3.295718692243099213e-03
-1.062279660254716873e-02
-1.428470574319362640e-02
-3.454986214637756348e-02
1.189481467008590698e-03
1.039973050355911255e-01
-5.645477771759033203e-02
7.406589388847351074e-02
2.856896258890628815e-03
-1.238601002842187881e-02
4.249235615134239197e-03
-1.447466947138309479e-02
2.333311364054679871e-02
-1.251464709639549255e-02
-5.607133731245994568e-02
-3.524275124073028564e-02
-8.144483715295791626e-02
1.972957327961921692e-02
1.420317403972148895e-02
4.513176158070564270e-02
-2.150756865739822388e-02
2.451100572943687439e-02
-4.489492624998092651e-03
-9.238831698894500732e-03
-2.221893519163131714e-04
1.951687224209308624e-02
1.248555257916450500e-02
-4.210519138723611832e-03
5.328357219696044922e-04
-1.796843856573104858e-02
-1.496828161180019379e-02
-2.727894112467765808e-02
-1.683725602924823761e-02
-3.709845244884490967e-02
4.608728364109992981e-02
2.280287072062492371e-02
9.202037751674652100e-02
-1.387320011854171753e-01
-2.341266348958015442e-02
-2.471724525094032288e-02
9.587332606315612793e-03
-1.369401533156633377e-02
3.559936210513114929e-02
-1.492255367338657379e-03
-5.313879996538162231e-02
1.078089699149131775e-02
-3.485166467726230621e-03
-5.669395625591278076e-02
-4.250522702932357788e-03
-3.589794039726257324e-02
-1.252391561865806580e-02
2.244397625327110291e-02
-1.516493782401084900e-02
1.463872194290161133e-02
-2.183061838150024414e-02
4.372872412204742432e-03
-1.413328573107719421e-04
-2.512646280229091644e-02
4.304891079664230347e-02
-1.764179393649101257e-02
-1.231194287538528442e-01
-1.106615364551544189e-02
-3.608547523617744446e-02
-8.838267996907234192e-03
-1.193833630532026291e-02
-5.103725008666515350e-03
2.814155817031860352e-02
-6.349183619022369385e-03
-1.683693751692771912e-02
1.259528100490570068e-03
7.566632702946662903e-03
9.604232013225555420e-02
-1.017878800630569458e-01
-1.302661374211311340e-02
-1.319584529846906662e-02
-7.353582978248596191e-02
-1.740912906825542450e-02
-1.546918042004108429e-02
-7.400784175843000412e-03
1.331997103989124298e-02
-3.583310637623071671e-03
-4.610111936926841736e-04
-1.983665488660335541e-02
-9.119114838540554047e-03
-1.390165835618972778e-01
-1.542348507791757584e-02
-7.498110830783843994e-02
-3.803203999996185303e-02
7.431892678141593933e-03
-1.184217818081378937e-02
-3.273637220263481140e-02
5.216770991683006287e-02
-3.106138855218887329e-02
1.126304827630519867e-02
-2.223192155361175537e-02
6.359438411891460419e-03
-1.290246993303298950e-01
3.379480168223381042e-02
-1.462097279727458954e-02
5.231646448373794556e-02
-6.852040067315101624e-03
8.589645847678184509e-03
3.109449148178100586e-02
2.472522109746932983e-02
-3.245553374290466309e-02
-7.303287275135517120e-03
-2.347933650016784668e-01
-6.848823279142379761e-03
4.337236285209655762e-02
-1.121319364756345749e-02
-7.195840589702129364e-03
8.555734157562255859e-02
-7.763689849525690079e-03
1.145121678709983826e-01
2.127402462065219879e-03
-6.337487697601318359e-02
-7.741915062069892883e-03
1.736496016383171082e-02
-4.279250744730234146e-03
5.333826411515474319e-03
-1.045734994113445282e-02
2.466635406017303467e-02
-4.050004296004772186e-03
4.956110846251249313e-03
-1.590423285961151123e-03
-2.952573820948600769e-02
-1.426140777766704559e-03
-3.130660206079483032e-02
9.835351258516311646e-03
-7.609698176383972168e-02
-7.086102385073900223e-03
2.255291119217872620e-02
-1.043175067752599716e-02
-6.644883658736944199e-03
-8.205324411392211914e-04
-4.666879773139953613e-02
4.468101635575294495e-02
-1.339344121515750885e-02
-6.459383759647607803e-03
-1.048622187227010727e-02
-1.933032646775245667e-03
3.445043228566646576e-03
4.895058460533618927e-03
3.600172325968742371e-02
3.003964573144912720e-02
-2.596955746412277222e-02
2.288800105452537537e-02
2.383301407098770142e-02
-2.173657715320587158e-02
-9.073217399418354034e-03
-3.036078251898288727e-02
1.474446058273315430e-02
-4.577212780714035034e-02
-1.460692007094621658e-02
1.893557608127593994e-02
-2.397268079221248627e-03
-8.485043421387672424e-03
-1.484209764748811722e-02
1.218486204743385315e-02
-1.395853608846664429e-02
3.085166215896606445e-03
1.444751583039760590e-02
-3.015782497823238373e-02
-4.883717745542526245e-02
2.819605916738510132e-02
-9.438431821763515472e-03
6.545444484800100327e-03
1.253928802907466888e-02
-1.958263479173183441e-02
3.184234723448753357e-03
-3.674828633666038513e-02
-2.577244676649570465e-02
-5.040034651756286621e-03
-5.493447184562683105e-03
-5.069221369922161102e-03
-5.663344636559486389e-03
-7.553081959486007690e-04
-1.713377423584461212e-02
9.069035947322845459e-02
4.637993406504392624e-03
4.380914848297834396e-03
2.014451101422309875e-02
-5.583278834819793701e-05
-1.045652665197849274e-03
1.051948033273220062e-02
-3.678657580167055130e-03
7.531341165304183960e-02
-2.621467970311641693e-02
-1.475238986313343048e-02
-1.345625706017017365e-02
-4.338643699884414673e-02
3.076946362853050232e-03
7.766391150653362274e-03
-1.367501728236675262e-02
-9.661912918090820312e-04
-1.505761593580245972e-01
-9.761021472513675690e-03
2.307821810245513916e-02
1.269039139151573181e-02
-1.630757562816143036e-02
3.501530736684799194e-03
-3.404433839023113251e-03
-1.092383544892072678e-02
3.502920269966125488e-03
-2.413815818727016449e-02
1.030611470341682434e-01
2.860007807612419128e-02
-1.960564851760864258e-01
2.627036534249782562e-03
-6.475339829921722412e-02
-2.059526741504669189e-03
-2.412249334156513214e-03
2.625709027051925659e-02
-1.857056096196174622e-02
5.067793652415275574e-03
-1.996474526822566986e-02
-1.067725382745265961e-02
-1.852333173155784607e-02
5.182418040931224823e-03
-6.526056677103042603e-05
-5.490082129836082458e-02
1.044210344552993774e-01
-1.870888844132423401e-02
3.968286886811256409e-02
3.300297539681196213e-03
-3.544207662343978882e-02
-1.276394352316856384e-02
-1.239088457077741623e-02
1.461841166019439697e-04
-1.445817202329635620e-02
2.544578909873962402e-02
3.970883786678314209e-03
-3.121464047580957413e-03
4.842041525989770889e-03
7.341597229242324829e-04
8.574805222451686859e-03
-4.330474138259887695e-02
-1.946907863020896912e-02
-1.843041367828845978e-02
-4.660919308662414551e-02
1.404964551329612732e-02
-1.499685272574424744e-02
-2.414154447615146637e-02
7.500896230340003967e-03
6.688977777957916260e-02
2.398695796728134155e-02
-2.042271941900253296e-02
-4.678517207503318787e-02
-2.527328953146934509e-02
-2.878889627754688263e-02
1.495550759136676788e-02
1.934206485748291016e-02
-8.473376743495464325e-03
9.170068800449371338e-02
1.352806985378265381e-01
-2.196465805172920227e-02
-3.099733218550682068e-02
-2.789899706840515137e-02
4.062833636999130249e-02
-2.496871724724769592e-02
4.778885282576084137e-03
8.667952381074428558e-03
-1.385879423469305038e-02
3.909497521817684174e-03
8.658096194267272949e-03
-4.442355781793594360e-02
3.868471086025238037e-02
1.230061636306345463e-03
-1.839600503444671631e-02
3.925023972988128662e-02
-3.540829289704561234e-03
-2.515044435858726501e-02
-2.292667701840400696e-02
-3.820725530385971069e-02
-8.497389964759349823e-03
-3.060048818588256836e-02
2.234747633337974548e-03
-1.300364360213279724e-02
1.594750210642814636e-04
-1.049694977700710297e-02
1.753982156515121460e-03
2.003420144319534302e-03
-2.065161243081092834e-03
-5.349676683545112610e-02
4.991218447685241699e-03
-7.722154259681701660e-05
-1.512781716883182526e-02
-1.687095500528812408e-02
2.208555117249488831e-02
8.993136137723922729e-02
5.064293276518583298e-03
-2.574231475591659546e-03
-2.356394380331039429e-02
-1.851914636790752411e-02
9.675025939941406250e-03
5.290195345878601074e-02
-1.025573257356882095e-02
4.050657153129577637e-04
-1.793505623936653137e-02
-7.677049934864044189e-02
-1.463013142347335815e-02
-2.405316382646560669e-02
5.670220591127872467e-03
-1.553798615932464600e-01
-7.315889466553926468e-03
1.911465078592300415e-04
-1.960554905235767365e-02
5.728654563426971436e-02
-3.044354319572448730e-01
-7.771372795104980469e-02
-4.408807959407567978e-03
-1.384757086634635925e-02
1.512298360466957092e-02
-5.090043693780899048e-02
-8.583229966461658478e-03
-1.006691530346870422e-02
-3.920516371726989746e-02
2.885553054511547089e-03
-2.022658661007881165e-02
-5.737369507551193237e-02
-2.123639173805713654e-02
-1.027750596404075623e-02
5.792497657239437103e-03
1.157443597912788391e-02
-2.816174365580081940e-02
6.450554821640253067e-03
-3.778799623250961304e-02
-1.395311951637268066e-02
2.774390950798988342e-02
-1.641593500971794128e-02
-9.173452854156494141e-04
-3.650417178869247437e-02
-7.308330386877059937e-04
-1.201334409415721893e-02
-8.153037168085575104e-03
8.515547960996627808e-05
-9.178045205771923065e-03
9.045304358005523682e-02
-1.243629120290279388e-02
-6.396197713911533356e-03
2.001736080273985863e-03
-1.434591412544250488e-02
-2.131774090230464935e-02
1.480199582874774933e-02
-1.150474138557910919e-02
6.876577157527208328e-03
-1.719112507998943329e-03
3.789274021983146667e-03
5.661960318684577942e-02
-2.754871547222137451e-02
-8.824349381029605865e-03
-2.044633775949478149e-02
-1.718502491712570190e-02
5.513639375567436218e-02
1.129033509641885757e-03
-4.282469302415847778e-02
-1.506069675087928772e-02
-5.150340963155031204e-03
-1.209717709571123123e-02
2.127765677869319916e-02
-6.763982027769088745e-02
2.376474626362323761e-02
1.420484855771064758e-03
-4.146280698478221893e-03
-1.666321605443954468e-02
-3.294188994914293289e-03
-4.420764744281768799e-03
3.293040767312049866e-02
-2.166558615863323212e-02
-6.374811287969350815e-03
7.478653453290462494e-03
-3.821433987468481064e-03
-3.809780813753604889e-03
2.137498930096626282e-02
-4.350386559963226318e-02
-1.978823170065879822e-02
-2.058169618248939514e-02
4.713426809757947922e-03
-1.312588062137365341e-02
-4.188614338636398315e-02
-2.760364860296249390e-02
1.437177360057830811e-01
-2.402305230498313904e-02
-7.336949557065963745e-02
-2.531084977090358734e-02
-1.404455490410327911e-02
-3.857689909636974335e-03
6.459573283791542053e-03
-2.424101904034614563e-02
6.328804418444633484e-03
1.389641687273979187e-02
6.061296910047531128e-03
-1.694658584892749786e-02
2.542261034250259399e-03
2.856645733118057251e-02
2.156146243214607239e-02
3.084301715716719627e-03
-1.848131418228149414e-03
6.309260427951812744e-02
2.584546431899070740e-02
6.234066560864448547e-03
-8.331698365509510040e-03
-1.878298446536064148e-02
1.393582299351692200e-02
-1.238679140806198120e-02
5.755743011832237244e-03
-2.226571552455425262e-03
9.788760542869567871e-02
-1.618480682373046875e-02
1.018449291586875916e-02
-6.764476653188467026e-03
3.434844315052032471e-02
4.030617419630289078e-03
-1.183117553591728210e-02
3.634497988969087601e-03
-2.049481309950351715e-02
-3.797532990574836731e-02
8.876102045178413391e-03
4.075848031789064407e-03
-2.974343486130237579e-03
-1.565696671605110168e-02
-2.427618205547332764e-02
8.399553596973419189e-03
2.358082309365272522e-02
1.136355660855770111e-02
-1.528689451515674591e-02
1.570663601160049438e-02
-9.127037599682807922e-03
-3.496127575635910034e-02
-8.151436224579811096e-03
-1.948256604373455048e-02
-2.293694764375686646e-02
-1.322348322719335556e-02
-1.109221763908863068e-02
-1.465218421071767807e-02
1.910264045000076294e-02
1.884385012090206146e-03
-7.325018197298049927e-02
-1.541065983474254608e-03
1.172029227018356323e-01
4.157330468297004700e-02
7.795606553554534912e-02
-2.219987101852893829e-02
-3.048867918550968170e-02
-1.356206834316253662e-02
6.543732713907957077e-03
-7.366424426436424255e-03
-1.631310582160949707e-01
-9.202596731483936310e-03
4.591171815991401672e-02
-1.353728584945201874e-02
-2.069868519902229309e-02
-3.126918338239192963e-03
1.316083967685699463e-02
-1.855761744081974030e-03
-5.772016942501068115e-03
-4.783381242305040359e-03
-4.636049270629882812e-03
-1.698830910027027130e-02
-9.588485583662986755e-03
-1.316148974001407623e-02
-3.247858956456184387e-03
-5.084676295518875122e-02
-8.477345108985900879e-03
-2.014962024986743927e-03
-2.874086052179336548e-02
-1.076882518827915192e-02
-3.597544133663177490e-02
5.871881730854511261e-03
