1.763157844543457031e+00 -3.938461542129516602e+00
4.605263233184814453e+00 3.304615259170532227e+00
4.842105388641357422e+00 1.230769604444503784e-02
3.815789699554443359e+00 -1.495384693145751953e+00
3.105263233184814453e+00 -2.480000019073486328e+00
8.947368264198303223e-01 -2.258461713790893555e+00
3.894737005233764648e+00 1.476923078298568726e-01
2.710526227951049805e+00 -3.446153879165649414e+00
3.578947544097900391e+00 -3.187692403793334961e+00
3.500000000000000000e+00 -3.163076877593994141e+00
6.578947305679321289e-01 1.181538462638854980e+00
3.894737005233764648e+00 3.347692251205444336e+00
4.684210777282714844e+00 6.030769348144531250e-01
3.973684310913085938e+00 -3.716922998428344727e+00
4.684210777282714844e+00 -2.141538381576538086e+00
1.921052575111389160e+00 3.230769395828247070e+00
1.842105150222778320e+00 3.403076887130737305e+00
4.289473533630371094e+00 2.104615449905395508e+00
1.763157844543457031e+00 -3.563076972961425781e+00
4.289473533630371094e+00 3.384615480899810791e-01
2.394736766815185547e+00 2.775384664535522461e+00
8.157894611358642578e-01 -3.218461513519287109e+00
3.973684310913085938e+00 1.846153855323791504e+00
3.500000000000000000e+00 3.587692260742187500e+00
2.473684072494506836e+00 -1.599999964237213135e-01
2.394736766815185547e+00 2.344615459442138672e+00
1.131578922271728516e+00 -1.360000014305114746e+00
4.368421077728271484e+00 -1.698461532592773438e+00
4.289473533630371094e+00 3.649230718612670898e+00
3.894737005233764648e+00 -2.498461723327636719e+00
2.236842155456542969e+00 2.283077001571655273e+00
3.184210777282714844e+00 3.723077058792114258e+00
3.736842155456542969e+00 -3.323076963424682617e-01
4.921052455902099609e+00 2.996922969818115234e+00
3.973684310913085938e+00 -1.076923012733459473e+00
3.263158082962036133e+00 -2.098461389541625977e+00
2.631578922271728516e+00 2.338461637496948242e+00
1.447368383407592773e+00 -3.870769023895263672e+00
1.605263113975524902e+00 -3.864615201950073242e+00
1.921052575111389160e+00 1.969230771064758301e+00
4.447368621826171875e+00 6.707692146301269531e-01
4.368421077728271484e+00 3.846153736114501953e+00
2.157894611358642578e+00 -2.332307577133178711e+00
1.052631616592407227e+00 8.738461732864379883e-01
4.052631855010986328e+00 2.264615297317504883e+00
3.500000000000000000e+00 -3.483077049255371094e+00
4.210526466369628906e+00 -1.852307677268981934e+00
3.184210777282714844e+00 -2.276923179626464844e+00
4.921052455902099609e+00 -3.790769338607788086e+00
4.842105388641357422e+00 8.061538338661193848e-01
2.947368383407592773e+00 4.861538410186767578e-01
4.131578922271728516e+00 -2.196923017501831055e+00
2.631578922271728516e+00 -2.523077011108398438e+00
1.210526227951049805e+00 -1.870769262313842773e+00
4.368421077728271484e+00 3.999999761581420898e-01
1.526315689086914062e+00 -1.600000023841857910e+00
2.552631378173828125e+00 -3.840000152587890625e+00
2.315789461135864258e+00 6.769230216741561890e-02
3.342105388641357422e+00 -2.916923046112060547e+00
1.763157844543457031e+00 2.707692146301269531e+00
2.473684072494506836e+00 1.384615421295166016e+00
1.289473652839660645e+00 3.655384540557861328e+00
2.631578922271728516e+00 3.341538429260253906e+00
9.736841917037963867e-01 2.621538400650024414e+00
2.315789461135864258e+00 1.876923084259033203e+00
5.789473652839660645e-01 3.636923074722290039e+00
1.842105150222778320e+00 1.384615421295166016e+00
1.131578922271728516e+00 1.716922998428344727e+00
9.736841917037963867e-01 -3.747692346572875977e+00
2.315789461135864258e+00 -6.338461637496948242e-01
1.131578922271728516e+00 3.236922979354858398e+00
2.789473533630371094e+00 2.116923093795776367e+00
2.789473533630371094e+00 1.876923084259033203e+00
3.421052694320678711e+00 -1.427692413330078125e+00
2.710526227951049805e+00 2.104615449905395508e+00
4.447368621826171875e+00 -1.458461523056030273e+00
1.842105150222778320e+00 3.864615440368652344e+00
2.236842155456542969e+00 -7.753846049308776855e-01
1.447368383407592773e+00 7.138461470603942871e-01
1.921052575111389160e+00 2.553846120834350586e+00
4.289473533630371094e+00 2.750769138336181641e+00
1.526315689086914062e+00 -1.729230761528015137e+00
3.894737005233764648e+00 1.581538558006286621e+00
2.631578922271728516e+00 -2.461538553237915039e+00
3.973684310913085938e+00 2.153846263885498047e+00
2.552631378173828125e+00 3.913846254348754883e+00
4.210526466369628906e+00 -4.000000000000000000e+00
1.921052575111389160e+00 -3.323076725006103516e+00
2.631578922271728516e+00 -4.369230866432189941e-01
5.000000000000000000e+00 3.298461437225341797e+00
1.368421077728271484e+00 1.316923022270202637e+00
3.342105388641357422e+00 3.089230775833129883e+00
2.947368383407592773e+00 -9.415384531021118164e-01
3.500000000000000000e+00 3.187692403793334961e+00
4.289473533630371094e+00 -3.310769319534301758e+00
4.447368621826171875e+00 1.963076949119567871e+00
3.421052694320678711e+00 1.846153736114501953e-01
4.368421077728271484e+00 -7.015384435653686523e-01
4.921052455902099609e+00 3.747692346572875977e+00
8.947368264198303223e-01 4.000000000000000000e+00
2.394736766815185547e+00 -1.729230761528015137e+00
2.473684072494506836e+00 -1.735384583473205566e+00
8.157894611358642578e-01 3.249230623245239258e+00
4.684210777282714844e+00 7.999999821186065674e-02
1.447368383407592773e+00 -7.876923084259033203e-01
1.684210538864135742e+00 -2.738461494445800781e+00
1.684210538864135742e+00 2.264615297317504883e+00
3.342105388641357422e+00 -1.956923007965087891e+00
6.578947305679321289e-01 3.261538267135620117e+00
2.473684072494506836e+00 -8.984615206718444824e-01
4.605263233184814453e+00 -2.030769348144531250e+00
8.157894611358642578e-01 1.833846211433410645e+00
2.710526227951049805e+00 -3.723076820373535156e+00
2.473684072494506836e+00 2.283077001571655273e+00
4.842105388641357422e+00 -1.353846192359924316e+00
2.157894611358642578e+00 -1.747692346572875977e+00
2.868421077728271484e+00 3.975384712219238281e+00
6.578947305679321289e-01 3.144615411758422852e+00
2.078947305679321289e+00 2.886153936386108398e+00
4.289473533630371094e+00 -1.169230699539184570e+00
4.368421077728271484e+00 -3.526153802871704102e+00
2.789473533630371094e+00 2.935384750366210938e+00
2.631578922271728516e+00 -2.639999866485595703e+00
1.526315689086914062e+00 2.153846263885498047e+00
2.000000000000000000e+00 -1.230769276618957520e+00
3.815789699554443359e+00 -2.966153860092163086e+00
4.684210777282714844e+00 -3.692307323217391968e-02
5.000000000000000000e+00 -1.655384659767150879e+00
4.684210777282714844e+00 -2.695384740829467773e+00
2.868421077728271484e+00 -2.713846206665039062e+00
4.921052455902099609e+00 -4.492307603359222412e-01
1.289473652839660645e+00 -8.430769443511962891e-01
4.921052455902099609e+00 1.304615378379821777e+00
5.000000000000000000e-01 5.723077058792114258e-01
4.842105388641357422e+00 -1.464615345001220703e+00
9.736841917037963867e-01 4.984615147113800049e-01
1.526315689086914062e+00 3.329230785369873047e+00
4.842105388641357422e+00 -2.160000085830688477e+00
4.842105388641357422e+00 3.199999928474426270e-01
3.815789699554443359e+00 -2.190769195556640625e+00
3.500000000000000000e+00 1.243076920509338379e+00
4.289473533630371094e+00 2.030769139528274536e-01
4.842105388641357422e+00 -1.907692253589630127e-01
4.368421077728271484e+00 7.323076725006103516e-01
1.921052575111389160e+00 -1.273846149444580078e+00
2.631578922271728516e+00 2.319999933242797852e+00
1.368421077728271484e+00 -2.406153917312622070e+00
2.236842155456542969e+00 -2.301538467407226562e+00
1.921052575111389160e+00 3.766154050827026367e+00
3.184210777282714844e+00 3.323076963424682617e+00
2.947368383407592773e+00 -2.258461713790893555e+00
4.368421077728271484e+00 -1.163076877593994141e+00
2.789473533630371094e+00 3.846153736114501953e+00
4.131578922271728516e+00 9.230769276618957520e-01
3.973684310913085938e+00 -1.236923098564147949e+00
7.368420958518981934e-01 3.599999904632568359e+00
1.763157844543457031e+00 -1.661538481712341309e-01
8.947368264198303223e-01 -3.323076963424682617e-01
4.052631855010986328e+00 -2.406153917312622070e+00
3.105263233184814453e+00 1.630769252777099609e+00
9.736841917037963867e-01 -9.230768680572509766e-01
3.657894849777221680e+00 -1.169230714440345764e-01
1.289473652839660645e+00 3.138461410999298096e-01
2.789473533630371094e+00 3.544615268707275391e+00
2.947368383407592773e+00 -1.723076939582824707e+00
3.815789699554443359e+00 -2.461538463830947876e-01
8.157894611358642578e-01 -1.052307724952697754e+00
2.394736766815185547e+00 -2.387692213058471680e+00
4.684210777282714844e+00 -3.969230651855468750e+00
1.368421077728271484e+00 3.876923084259033203e+00
2.631578922271728516e+00 4.123076796531677246e-01
2.000000000000000000e+00 -2.412307739257812500e+00
8.947368264198303223e-01 2.590769290924072266e+00
1.684210538864135742e+00 -3.563076972961425781e+00
4.131578922271728516e+00 -3.710769176483154297e+00
4.605263233184814453e+00 -9.046153426170349121e-01
9.736841917037963867e-01 1.335384607315063477e+00
5.789473652839660645e-01 2.436923265457153320e+00
1.763157844543457031e+00 3.815384626388549805e+00
1.684210538864135742e+00 -1.969230771064758301e-01
4.921052455902099609e+00 -3.384615421295166016e+00
2.789473533630371094e+00 -8.492307662963867188e-01
4.605263233184814453e+00 -3.815384626388549805e+00
2.868421077728271484e+00 -3.003077030181884766e+00
3.894737005233764648e+00 3.353846073150634766e+00
1.605263113975524902e+00 3.944615364074707031e+00
6.578947305679321289e-01 3.187692403793334961e+00
3.342105388641357422e+00 2.929230928421020508e+00
4.052631855010986328e+00 -1.852307677268981934e+00
3.421052694320678711e+00 2.073846101760864258e+00
1.921052575111389160e+00 8.492307662963867188e-01
3.736842155456542969e+00 -2.480000019073486328e+00
2.394736766815185547e+00 -2.006154060363769531e+00
1.684210538864135742e+00 3.735384702682495117e+00
4.052631855010986328e+00 -3.606153964996337891e+00
4.052631855010986328e+00 -2.855384588241577148e+00
9.736841917037963867e-01 -3.292307853698730469e+00
1.210526227951049805e+00 -5.415384173393249512e-01
3.184210777282714844e+00 3.753846287727355957e-01
3.026315927505493164e+00 3.864615440368652344e+00
8.157894611358642578e-01 -3.132307529449462891e+00
3.973684310913085938e+00 2.953846156597137451e-01
1.684210538864135742e+00 9.353846311569213867e-01
1.210526227951049805e+00 -1.766153812408447266e+00
4.684210777282714844e+00 3.138461589813232422e+00
1.763157844543457031e+00 -2.178461551666259766e+00
1.210526227951049805e+00 -1.876923084259033203e+00
1.684210538864135742e+00 -1.932307720184326172e+00
3.500000000000000000e+00 -4.246153831481933594e-01
1.368421077728271484e+00 -1.495384693145751953e+00
2.552631378173828125e+00 -1.483076930046081543e+00
2.552631378173828125e+00 -3.033846139907836914e+00
2.473684072494506836e+00 -2.123076915740966797e+00
3.263158082962036133e+00 -1.144615411758422852e+00
3.026315927505493164e+00 -2.744615554809570312e+00
3.815789699554443359e+00 1.778461575508117676e+00
4.526315689086914062e+00 -3.624615192413330078e+00
4.684210777282714844e+00 3.193846225738525391e+00
1.763157844543457031e+00 3.975384712219238281e+00
5.789473652839660645e-01 -1.735384583473205566e+00
2.552631378173828125e+00 -8.615384697914123535e-01
5.789473652839660645e-01 -5.907692313194274902e-01
4.842105388641357422e+00 -4.123076796531677246e-01
2.710526227951049805e+00 -2.756923198699951172e+00
4.368421077728271484e+00 -8.061538338661193848e-01
3.815789699554443359e+00 -3.747692346572875977e+00
3.578947544097900391e+00 7.999999821186065674e-02
4.131578922271728516e+00 9.230768680572509766e-02
3.026315927505493164e+00 1.821538448333740234e+00
2.315789461135864258e+00 -3.710769176483154297e+00
2.394736766815185547e+00 -3.501538515090942383e+00
3.578947544097900391e+00 3.095384597778320312e+00
1.684210538864135742e+00 3.193846225738525391e+00
1.447368383407592773e+00 2.430769443511962891e+00
1.447368383407592773e+00 2.092307806015014648e+00
2.473684072494506836e+00 2.972307920455932617e+00
6.578947305679321289e-01 3.790769100189208984e+00
5.000000000000000000e+00 2.658461570739746094e+00
4.210526466369628906e+00 3.076922893524169922e-01
3.026315927505493164e+00 3.039999961853027344e+00
3.578947544097900391e+00 9.846153855323791504e-02
7.368420958518981934e-01 1.107692241668701172e+00
2.868421077728271484e+00 2.923077106475830078e+00
4.684210777282714844e+00 -1.993846297264099121e+00
1.684210538864135742e+00 1.796923041343688965e+00
4.052631855010986328e+00 1.852307677268981934e+00
8.947368264198303223e-01 3.569230794906616211e+00
3.026315927505493164e+00 7.630769014358520508e-01
3.500000000000000000e+00 -3.698461532592773438e+00
3.421052694320678711e+00 3.729230880737304688e+00
1.684210538864135742e+00 -2.166153907775878906e+00
3.105263233184814453e+00 2.141538619995117188e+00
4.921052455902099609e+00 3.236922979354858398e+00
1.368421077728271484e+00 -1.815384507179260254e+00
4.842105388641357422e+00 3.169230937957763672e+00
4.131578922271728516e+00 2.880000114440917969e+00
2.710526227951049805e+00 2.006153821945190430e+00
3.894737005233764648e+00 -2.523076832294464111e-01
3.184210777282714844e+00 1.612307667732238770e+00
1.842105150222778320e+00 -2.596923112869262695e+00
5.000000000000000000e+00 2.036923170089721680e+00
3.500000000000000000e+00 1.175384640693664551e+00
2.236842155456542969e+00 -3.415384531021118164e+00
1.289473652839660645e+00 -3.335384607315063477e+00
2.789473533630371094e+00 1.809230804443359375e+00
3.578947544097900391e+00 1.113846063613891602e+00
4.684210777282714844e+00 -2.633846044540405273e+00
4.921052455902099609e+00 1.359999895095825195e+00
4.763157844543457031e+00 -1.932307720184326172e+00
7.368420958518981934e-01 1.759999990463256836e+00
9.736841917037963867e-01 2.363076925277709961e+00
3.026315927505493164e+00 1.323076844215393066e+00
8.947368264198303223e-01 1.230769604444503784e-02
3.736842155456542969e+00 2.043076992034912109e+00
4.210526466369628906e+00 2.818461418151855469e+00
3.500000000000000000e+00 1.840000033378601074e+00
3.421052694320678711e+00 -2.375384569168090820e+00
2.710526227951049805e+00 -2.092307657003402710e-01
1.052631616592407227e+00 -8.553845882415771484e-01
4.842105388641357422e+00 1.206153869628906250e+00
4.052631855010986328e+00 1.329230666160583496e+00
4.605263233184814453e+00 -1.698461532592773438e+00
3.105263233184814453e+00 1.193846225738525391e+00
4.447368621826171875e+00 -2.621538400650024414e+00
2.947368383407592773e+00 -1.643077015876770020e+00
3.263158082962036133e+00 -2.258461713790893555e+00
2.236842155456542969e+00 2.079999923706054688e+00
1.921052575111389160e+00 2.910769224166870117e+00
1.447368383407592773e+00 -3.932307720184326172e+00
3.500000000000000000e+00 -1.655384659767150879e+00
4.763157844543457031e+00 -4.923076629638671875e-01
4.447368621826171875e+00 -1.335384607315063477e+00
3.894737005233764648e+00 9.230768680572509766e-02
8.947368264198303223e-01 1.938461542129516602e+00
5.789473652839660645e-01 -2.172307729721069336e+00
1.368421077728271484e+00 -1.698461532592773438e+00
4.131578922271728516e+00 3.113846063613891602e+00
1.289473652839660645e+00 6.769230961799621582e-01
2.631578922271728516e+00 -3.495384693145751953e+00
3.657894849777221680e+00 -1.169230699539184570e+00
2.631578922271728516e+00 -2.830769121646881104e-01
4.131578922271728516e+00 -2.473846197128295898e+00
5.000000000000000000e-01 -2.960000038146972656e+00
5.000000000000000000e+00 -2.978461503982543945e+00
1.684210538864135742e+00 9.046154022216796875e-01
5.000000000000000000e-01 -6.030769348144531250e-01
3.657894849777221680e+00 3.944615364074707031e+00
3.657894849777221680e+00 2.510769128799438477e+00
3.105263233184814453e+00 -3.507692217826843262e-01
1.684210538864135742e+00 -2.603076934814453125e+00
6.578947305679321289e-01 -1.489230751991271973e+00
8.947368264198303223e-01 5.107692480087280273e-01
2.710526227951049805e+00 2.092307507991790771e-01
1.447368383407592773e+00 1.267692327499389648e+00
3.105263233184814453e+00 -2.510769367218017578e+00
1.210526227951049805e+00 -2.092307657003402710e-01
3.973684310913085938e+00 -5.969231128692626953e-01
2.552631378173828125e+00 -3.040000200271606445e+00
4.052631855010986328e+00 -3.569230735301971436e-01
4.131578922271728516e+00 -2.953846216201782227e+00
1.131578922271728516e+00 1.187692403793334961e+00
3.026315927505493164e+00 -3.907692193984985352e+00
2.157894611358642578e+00 -1.519999980926513672e+00
3.815789699554443359e+00 -3.200000047683715820e+00
4.289473533630371094e+00 1.895384550094604492e+00
4.605263233184814453e+00 3.089230775833129883e+00
4.052631855010986328e+00 -4.923076555132865906e-02
4.447368621826171875e+00 2.529230833053588867e+00
9.736841917037963867e-01 3.969230890274047852e+00
1.763157844543457031e+00 -3.926153898239135742e+00
8.157894611358642578e-01 1.975384712219238281e+00
4.289473533630371094e+00 -3.323076725006103516e+00
1.368421077728271484e+00 -2.775384426116943359e+00
3.894737005233764648e+00 -1.347692370414733887e+00
2.078947305679321289e+00 -6.092307567596435547e-01
3.105263233184814453e+00 8.369230628013610840e-01
4.052631855010986328e+00 9.292307496070861816e-01
2.473684072494506836e+00 -2.603076934814453125e+00
2.710526227951049805e+00 -4.184615314006805420e-01
5.000000000000000000e+00 1.273846149444580078e+00
4.052631855010986328e+00 3.686153888702392578e+00
5.000000000000000000e-01 2.572307586669921875e+00
2.552631378173828125e+00 2.541538476943969727e+00
6.578947305679321289e-01 -1.058461546897888184e+00
3.026315927505493164e+00 -3.852307796478271484e+00
2.473684072494506836e+00 -3.716922998428344727e+00
2.473684072494506836e+00 -3.963076829910278320e+00
8.157894611358642578e-01 1.427692294120788574e+00
1.763157844543457031e+00 3.199999928474426270e-01
1.210526227951049805e+00 -3.261538445949554443e-01
3.657894849777221680e+00 2.953846216201782227e+00
2.000000000000000000e+00 -3.655384540557861328e+00
4.526315689086914062e+00 -3.643076896667480469e+00
2.710526227951049805e+00 -2.646153926849365234e+00
3.894737005233764648e+00 -1.458461523056030273e+00
1.447368383407592773e+00 3.433846235275268555e+00
9.736841917037963867e-01 9.107692241668701172e-01
3.894737005233764648e+00 3.027692317962646484e+00
3.105263233184814453e+00 -3.040000200271606445e+00
2.552631378173828125e+00 -1.064615368843078613e+00
2.947368383407592773e+00 2.006153821945190430e+00
1.526315689086914062e+00 4.307691752910614014e-02
1.368421077728271484e+00 -3.538461685180664062e+00
4.131578922271728516e+00 -3.298461675643920898e+00
2.789473533630371094e+00 -3.876923084259033203e+00
2.078947305679321289e+00 3.433846235275268555e+00
2.394736766815185547e+00 -3.938461542129516602e-01
2.394736766815185547e+00 2.436923265457153320e+00
4.763157844543457031e+00 3.335384607315063477e+00
1.763157844543457031e+00 3.710769414901733398e+00
4.289473533630371094e+00 3.076923131942749023e+00
1.447368383407592773e+00 -2.572307586669921875e+00
4.605263233184814453e+00 3.279999971389770508e+00
2.236842155456542969e+00 -3.076922893524169922e+00
4.605263233184814453e+00 -1.809230685234069824e+00
2.473684072494506836e+00 -1.206153869628906250e+00
1.052631616592407227e+00 2.356923103332519531e+00
4.526315689086914062e+00 -1.809230685234069824e+00
8.157894611358642578e-01 -4.184615314006805420e-01
7.368420958518981934e-01 -3.864615201950073242e+00
3.500000000000000000e+00 2.326153755187988281e+00
1.447368383407592773e+00 -1.298461556434631348e+00
4.526315689086914062e+00 1.138461589813232422e+00
2.789473533630371094e+00 4.861538410186767578e-01
1.447368383407592773e+00 -2.116923093795776367e+00
2.078947305679321289e+00 -1.249230861663818359e+00
4.131578922271728516e+00 2.855384588241577148e+00
1.921052575111389160e+00 4.430769383907318115e-01
2.000000000000000000e+00 1.889230728149414062e+00
4.842105388641357422e+00 2.276922941207885742e+00
4.052631855010986328e+00 1.089230775833129883e+00
4.763157844543457031e+00 -3.778461694717407227e+00
4.842105388641357422e+00 2.941538572311401367e+00
5.000000000000000000e-01 3.643076896667480469e+00
1.289473652839660645e+00 -6.338461637496948242e-01
2.315789461135864258e+00 -7.015384435653686523e-01
3.105263233184814453e+00 1.341538429260253906e+00
2.552631378173828125e+00 -2.443076848983764648e+00
3.815789699554443359e+00 2.923077106475830078e+00
4.368421077728271484e+00 2.947692394256591797e+00
2.868421077728271484e+00 -3.464615345001220703e+00
5.000000000000000000e-01 -9.046153426170349121e-01
1.368421077728271484e+00 2.990769147872924805e+00
1.210526227951049805e+00 2.996922969818115234e+00
4.368421077728271484e+00 3.249230623245239258e+00
4.368421077728271484e+00 4.923076555132865906e-02
8.947368264198303223e-01 1.452307701110839844e+00
2.394736766815185547e+00 6.153845787048339844e-02
3.105263233184814453e+00 -8.000000119209289551e-01
1.131578922271728516e+00 2.929230928421020508e+00
1.605263113975524902e+00 -2.910769224166870117e+00
2.789473533630371094e+00 3.760000228881835938e+00
3.184210777282714844e+00 -1.046153783798217773e+00
3.105263233184814453e+00 1.790769219398498535e+00
3.026315927505493164e+00 7.569230794906616211e-01
4.921052455902099609e+00 2.812307596206665039e+00
2.552631378173828125e+00 3.569230794906616211e+00
1.052631616592407227e+00 1.126153826713562012e+00
2.157894611358642578e+00 8.430768847465515137e-01
1.842105150222778320e+00 -1.784615367650985718e-01
3.657894849777221680e+00 -1.446153879165649414e+00
3.973684310913085938e+00 1.932307720184326172e+00
4.763157844543457031e+00 1.310769200325012207e+00
2.078947305679321289e+00 3.452307701110839844e+00
3.736842155456542969e+00 -1.513846158981323242e+00
4.052631855010986328e+00 1.858461499214172363e+00
4.131578922271728516e+00 -1.347692370414733887e+00
3.026315927505493164e+00 -3.686153888702392578e+00
4.447368621826171875e+00 -2.486153841018676758e+00
4.052631855010986328e+00 1.353846192359924316e-01
3.973684310913085938e+00 -5.476922988891601562e-01
3.421052694320678711e+00 2.972307920455932617e+00
2.631578922271728516e+00 -1.932307720184326172e+00
3.578947544097900391e+00 -1.243076920509338379e+00
5.000000000000000000e+00 2.984615564346313477e+00
3.815789699554443359e+00 3.698461532592773438e+00
8.947368264198303223e-01 6.523076891899108887e-01
2.789473533630371094e+00 3.083076953887939453e+00
2.157894611358642578e+00 -2.246153831481933594e+00
1.842105150222778320e+00 3.981538534164428711e+00
9.736841917037963867e-01 -3.600000143051147461e+00
1.526315689086914062e+00 -8.430769443511962891e-01
2.078947305679321289e+00 -6.707692146301269531e-01
3.500000000000000000e+00 -2.486153841018676758e+00
1.763157844543457031e+00 2.621538400650024414e+00
4.842105388641357422e+00 -2.726153850555419922e+00
4.763157844543457031e+00 5.353845953941345215e-01
4.052631855010986328e+00 -1.107692271471023560e-01
5.000000000000000000e+00 1.876923084259033203e+00
4.210526466369628906e+00 -3.200000047683715820e+00
1.289473652839660645e+00 1.907692313194274902e+00
2.315789461135864258e+00 -3.969230651855468750e+00
1.526315689086914062e+00 -9.907692670822143555e-01
4.368421077728271484e+00 1.729230761528015137e+00
4.210526466369628906e+00 -1.581538438796997070e+00
8.947368264198303223e-01 1.919999957084655762e+00
2.078947305679321289e+00 3.458461523056030273e+00
4.526315689086914062e+00 1.661538481712341309e+00
2.789473533630371094e+00 1.846153855323791504e+00
1.052631616592407227e+00 7.076923251152038574e-01
2.710526227951049805e+00 3.593846082687377930e+00
4.131578922271728516e+00 2.990769147872924805e+00
3.342105388641357422e+00 9.784615039825439453e-01
1.210526227951049805e+00 2.947692394256591797e+00
3.815789699554443359e+00 -1.421538472175598145e+00
1.289473652839660645e+00 3.353846073150634766e+00
1.210526227951049805e+00 8.000000119209289551e-01
2.394736766815185547e+00 6.646153330802917480e-01
4.605263233184814453e+00 2.258461475372314453e+00
4.210526466369628906e+00 9.230769276618957520e-01
1.605263113975524902e+00 5.476922988891601562e-01
7.368420958518981934e-01 -1.907692313194274902e+00
1.842105150222778320e+00 3.526153802871704102e+00
3.026315927505493164e+00 -2.923076868057250977e+00
2.789473533630371094e+00 1.778461575508117676e+00
2.868421077728271484e+00 -2.916923046112060547e+00
2.947368383407592773e+00 3.052307605743408203e+00
2.000000000000000000e+00 -2.886153697967529297e+00
3.026315927505493164e+00 -1.366153836250305176e+00
3.184210777282714844e+00 -3.200000047683715820e+00
4.526315689086914062e+00 2.461538836359977722e-02
4.921052455902099609e+00 -2.535384416580200195e+00
1.921052575111389160e+00 -3.052307844161987305e+00
2.157894611358642578e+00 -9.723076820373535156e-01
2.552631378173828125e+00 -2.393846035003662109e+00
7.368420958518981934e-01 -2.067692279815673828e+00
3.815789699554443359e+00 -1.563076853752136230e+00
3.184210777282714844e+00 2.258461475372314453e+00
3.736842155456542969e+00 3.120000123977661133e+00
1.842105150222778320e+00 -7.446154356002807617e-01
1.368421077728271484e+00 2.916923046112060547e+00
3.973684310913085938e+00 2.344615459442138672e+00
4.052631855010986328e+00 -3.298461675643920898e+00
1.921052575111389160e+00 -1.889230847358703613e+00
3.342105388641357422e+00 2.098461627960205078e+00
4.842105388641357422e+00 7.384614646434783936e-02
2.710526227951049805e+00 -7.384614646434783936e-02
4.842105388641357422e+00 1.366153836250305176e+00
4.921052455902099609e+00 -4.923076629638671875e-01
3.500000000000000000e+00 -3.932307720184326172e+00
2.868421077728271484e+00 -9.907692670822143555e-01
3.105263233184814453e+00 -2.104615449905395508e+00
3.421052694320678711e+00 6.338461041450500488e-01
1.763157844543457031e+00 8.984615802764892578e-01
4.210526466369628906e+00 3.150769233703613281e+00
7.368420958518981934e-01 2.707692384719848633e-01
3.894737005233764648e+00 -1.003076910972595215e+00
4.368421077728271484e+00 -1.470769166946411133e+00
4.605263233184814453e+00 -4.000000059604644775e-01
4.684210777282714844e+00 3.796922922134399414e+00
1.605263113975524902e+00 2.400000095367431641e+00
8.157894611358642578e-01 2.043076992034912109e+00
3.500000000000000000e+00 3.126153945922851562e+00
1.842105150222778320e+00 -7.753846049308776855e-01
7.368420958518981934e-01 1.083076834678649902e+00
2.710526227951049805e+00 2.578461647033691406e+00
4.684210777282714844e+00 -3.255384683609008789e+00
2.157894611358642578e+00 -3.692307770252227783e-01
3.578947544097900391e+00 3.519999980926513672e+00
3.026315927505493164e+00 -1.033846139907836914e+00
1.210526227951049805e+00 -7.630769610404968262e-01
2.394736766815185547e+00 -3.778461694717407227e+00
1.842105150222778320e+00 -3.126153707504272461e+00
8.157894611358642578e-01 -8.553845882415771484e-01
2.394736766815185547e+00 -2.461538553237915039e+00
7.368420958518981934e-01 2.184615612030029297e+00
3.184210777282714844e+00 -1.661538481712341309e-01
1.052631616592407227e+00 2.584615468978881836e+00
2.947368383407592773e+00 -3.119999885559082031e+00
1.210526227951049805e+00 -3.624615192413330078e+00
2.394736766815185547e+00 3.969230890274047852e+00
4.842105388641357422e+00 -1.495384693145751953e+00
2.473684072494506836e+00 3.347692251205444336e+00
1.210526227951049805e+00 3.224615573883056641e+00
3.026315927505493164e+00 1.600000023841857910e+00
4.289473533630371094e+00 -2.849230766296386719e+00
3.736842155456542969e+00 -1.759999990463256836e+00
3.184210777282714844e+00 1.464615345001220703e+00
2.157894611358642578e+00 2.449230670928955078e+00
8.947368264198303223e-01 -3.883076906204223633e+00
4.763157844543457031e+00 3.372307777404785156e+00
4.684210777282714844e+00 -2.160000085830688477e+00
4.131578922271728516e+00 -1.230769276618957520e+00
4.289473533630371094e+00 2.523076832294464111e-01
1.210526227951049805e+00 2.166153907775878906e+00
1.763157844543457031e+00 -3.507692217826843262e-01
4.842105388641357422e+00 -5.169230699539184570e-01
4.763157844543457031e+00 4.000000000000000000e+00
4.447368621826171875e+00 -3.304615497589111328e+00
9.736841917037963867e-01 1.163076877593994141e+00
3.657894849777221680e+00 -2.036922931671142578e+00
5.789473652839660645e-01 8.738461732864379883e-01
5.000000000000000000e-01 -2.720000028610229492e+00
5.789473652839660645e-01 1.883076906204223633e+00
2.552631378173828125e+00 -2.923076868057250977e+00
3.184210777282714844e+00 1.858461499214172363e+00
2.947368383407592773e+00 -1.753846168518066406e+00
5.000000000000000000e-01 -2.153846025466918945e-01
1.842105150222778320e+00 -3.323076725006103516e+00
6.578947305679321289e-01 -3.950769186019897461e+00
7.368420958518981934e-01 -1.840000033378601074e+00
2.394736766815185547e+00 -3.993846178054809570e+00
3.736842155456542969e+00 -3.876923322677612305e-01
3.894737005233764648e+00 -8.615384250879287720e-02
4.684210777282714844e+00 4.307692348957061768e-01
2.078947305679321289e+00 -3.821538448333740234e+00
4.368421077728271484e+00 -3.987692356109619141e+00
4.368421077728271484e+00 2.387692451477050781e+00
3.500000000000000000e+00 -3.064615488052368164e+00
1.605263113975524902e+00 3.015384435653686523e+00
4.842105388641357422e+00 -5.907692313194274902e-01
3.184210777282714844e+00 2.984615564346313477e+00
3.894737005233764648e+00 -3.827692508697509766e+00
1.447368383407592773e+00 1.169230714440345764e-01
2.078947305679321289e+00 -1.360000014305114746e+00
4.684210777282714844e+00 1.070769190788269043e+00
2.000000000000000000e+00 -1.710769176483154297e+00
3.500000000000000000e+00 2.541538476943969727e+00
3.973684310913085938e+00 3.725290298461914062e-09
2.868421077728271484e+00 2.504615306854248047e+00
2.473684072494506836e+00 2.996922969818115234e+00
2.947368383407592773e+00 -8.000000119209289551e-01
8.157894611358642578e-01 3.193846225738525391e+00
7.368420958518981934e-01 1.193846225738525391e+00
2.315789461135864258e+00 1.919999957084655762e+00
1.289473652839660645e+00 2.793846130371093750e+00
4.447368621826171875e+00 3.735384702682495117e+00
8.157894611358642578e-01 1.655384540557861328e+00
3.578947544097900391e+00 9.292307496070861816e-01
4.289473533630371094e+00 -3.150769233703613281e+00
2.000000000000000000e+00 -2.430769205093383789e+00
1.684210538864135742e+00 1.686153888702392578e+00
4.052631855010986328e+00 -8.615384250879287720e-02
2.789473533630371094e+00 -3.163076877593994141e+00
2.473684072494506836e+00 -2.110769271850585938e+00
4.605263233184814453e+00 -2.559999942779541016e+00
2.631578922271728516e+00 2.609230756759643555e+00
4.842105388641357422e+00 2.627692461013793945e+00
3.973684310913085938e+00 -2.793846130371093750e+00
2.947368383407592773e+00 2.258461475372314453e+00
2.947368383407592773e+00 2.246153831481933594e+00
2.000000000000000000e+00 -3.347692251205444336e+00
9.736841917037963867e-01 -5.600000023841857910e-01
4.605263233184814453e+00 -3.846153974533081055e+00
9.736841917037963867e-01 -8.246153593063354492e-01
2.631578922271728516e+00 1.249230742454528809e+00
3.263158082962036133e+00 -1.372307658195495605e+00
1.131578922271728516e+00 -1.144615411758422852e+00
3.736842155456542969e+00 1.889230728149414062e+00
7.368420958518981934e-01 3.446153879165649414e+00
4.526315689086914062e+00 -2.190769195556640625e+00
4.526315689086914062e+00 -2.449230909347534180e+00
4.447368621826171875e+00 2.689230918884277344e+00
3.263158082962036133e+00 2.166153907775878906e+00
2.473684072494506836e+00 1.680000066757202148e+00
3.736842155456542969e+00 -1.255384683609008789e+00
3.026315927505493164e+00 -3.723076820373535156e+00
3.894737005233764648e+00 -2.443076848983764648e+00
4.684210777282714844e+00 2.449230670928955078e+00
8.947368264198303223e-01 3.538461446762084961e+00
2.710526227951049805e+00 2.910769224166870117e+00
1.052631616592407227e+00 3.698461532592773438e+00
1.526315689086914062e+00 3.723077058792114258e+00
4.210526466369628906e+00 1.735384583473205566e+00
4.210526466369628906e+00 1.113846063613891602e+00
5.000000000000000000e-01 -2.996923208236694336e+00
3.421052694320678711e+00 -2.824615240097045898e+00
3.263158082962036133e+00 2.067692279815673828e+00
4.052631855010986328e+00 -3.310769319534301758e+00
3.105263233184814453e+00 3.347692251205444336e+00
3.657894849777221680e+00 1.544615387916564941e+00
3.815789699554443359e+00 2.781538486480712891e+00
8.947368264198303223e-01 2.344615459442138672e+00
4.447368621826171875e+00 3.760000228881835938e+00
2.552631378173828125e+00 -1.113846182823181152e+00
4.210526466369628906e+00 -2.190769195556640625e+00
1.289473652839660645e+00 2.104615449905395508e+00
4.131578922271728516e+00 3.046153783798217773e+00
4.605263233184814453e+00 1.599999964237213135e-01
3.342105388641357422e+00 1.095384597778320312e+00
3.736842155456542969e+00 -1.083076953887939453e+00
3.500000000000000000e+00 3.692307323217391968e-02
9.736841917037963867e-01 7.753846049308776855e-01
1.763157844543457031e+00 -5.661538839340209961e-01
3.263158082962036133e+00 3.729230880737304688e+00
3.736842155456542969e+00 -6.892307400703430176e-01
6.578947305679321289e-01 9.723076820373535156e-01
1.210526227951049805e+00 6.523076891899108887e-01
3.578947544097900391e+00 7.446153759956359863e-01
3.736842155456542969e+00 -1.033846139907836914e+00
2.552631378173828125e+00 -3.692307770252227783e-01
4.368421077728271484e+00 -3.101538419723510742e+00
5.789473652839660645e-01 -3.470769166946411133e+00
2.157894611358642578e+00 1.384615421295166016e+00
3.578947544097900391e+00 8.615384250879287720e-02
2.078947305679321289e+00 1.249230742454528809e+00
2.078947305679321289e+00 2.713845968246459961e+00
1.052631616592407227e+00 2.935384750366210938e+00
3.815789699554443359e+00 -2.276923179626464844e+00
1.368421077728271484e+00 -1.938461542129516602e+00
3.578947544097900391e+00 8.984615802764892578e-01
8.157894611358642578e-01 -3.150769233703613281e+00
3.973684310913085938e+00 -9.907692670822143555e-01
4.289473533630371094e+00 3.169230937957763672e+00
4.131578922271728516e+00 2.769230604171752930e+00
1.368421077728271484e+00 -4.184615314006805420e-01
3.421052694320678711e+00 -1.206153869628906250e+00
1.921052575111389160e+00 -2.990769386291503906e+00
5.000000000000000000e-01 -1.335384607315063477e+00
4.921052455902099609e+00 -1.981538414955139160e+00
1.763157844543457031e+00 1.052307724952697754e+00
3.657894849777221680e+00 8.307691812515258789e-01
2.394736766815185547e+00 3.039999961853027344e+00
5.789473652839660645e-01 2.707692384719848633e-01
3.736842155456542969e+00 -5.353845953941345215e-01
1.763157844543457031e+00 -1.618461489677429199e+00
3.263158082962036133e+00 1.907692313194274902e+00
2.315789461135864258e+00 -3.421538352966308594e+00
1.447368383407592773e+00 6.769230216741561890e-02
3.342105388641357422e+00 -1.575384616851806641e+00
2.000000000000000000e+00 -2.615384578704833984e+00
1.052631616592407227e+00 2.972307920455932617e+00
2.315789461135864258e+00 -7.753846049308776855e-01
4.684210777282714844e+00 -3.636923074722290039e+00
1.763157844543457031e+00 -3.630769252777099609e-01
6.578947305679321289e-01 3.926153898239135742e+00
3.973684310913085938e+00 4.430769383907318115e-01
2.552631378173828125e+00 3.353846073150634766e+00
1.447368383407592773e+00 2.646153867244720459e-01
4.842105388641357422e+00 -1.316923022270202637e+00
3.973684310913085938e+00 -3.175384521484375000e+00
1.368421077728271484e+00 -2.196923017501831055e+00
4.921052455902099609e+00 3.938461542129516602e-01
4.921052455902099609e+00 1.938461542129516602e+00
3.815789699554443359e+00 1.230769604444503784e-02
3.421052694320678711e+00 2.990769147872924805e+00
2.157894611358642578e+00 1.919999957084655762e+00
1.842105150222778320e+00 -9.661538600921630859e-01
5.789473652839660645e-01 1.507692217826843262e+00
2.078947305679321289e+00 -4.984615147113800049e-01
6.578947305679321289e-01 -3.981538534164428711e+00
7.368420958518981934e-01 -1.187692284584045410e+00
4.526315689086914062e+00 -2.553846120834350586e+00
3.815789699554443359e+00 -3.384615480899810791e-01
4.921052455902099609e+00 -1.907692253589630127e-01
4.763157844543457031e+00 4.430769383907318115e-01
2.000000000000000000e+00 3.138461589813232422e+00
5.000000000000000000e-01 -8.676922917366027832e-01
3.421052694320678711e+00 -3.446153700351715088e-01
3.657894849777221680e+00 1.729230761528015137e+00
2.631578922271728516e+00 -1.636923074722290039e+00
3.578947544097900391e+00 -3.938461542129516602e+00
1.763157844543457031e+00 3.575384616851806641e+00
2.710526227951049805e+00 1.643076896667480469e+00
1.526315689086914062e+00 7.384615540504455566e-01
3.263158082962036133e+00 1.446153879165649414e+00
1.368421077728271484e+00 6.707692146301269531e-01
7.368420958518981934e-01 -3.298461675643920898e+00
3.578947544097900391e+00 2.953846156597137451e-01
1.368421077728271484e+00 3.725290298461914062e-09
1.052631616592407227e+00 2.707692146301269531e+00
7.368420958518981934e-01 2.781538486480712891e+00
2.473684072494506836e+00 -2.849230766296386719e+00
2.394736766815185547e+00 1.236923098564147949e+00
3.263158082962036133e+00 1.883076906204223633e+00
8.947368264198303223e-01 -9.046153426170349121e-01
2.868421077728271484e+00 -1.599999964237213135e-01
1.131578922271728516e+00 2.590769290924072266e+00
2.631578922271728516e+00 3.273846149444580078e+00
3.421052694320678711e+00 -3.649230718612670898e+00
4.526315689086914062e+00 -2.006154060363769531e+00
2.631578922271728516e+00 -2.486153841018676758e+00
4.131578922271728516e+00 1.575384616851806641e+00
4.684210777282714844e+00 -1.606153845787048340e+00
3.578947544097900391e+00 3.723077058792114258e+00
1.921052575111389160e+00 3.643076896667480469e+00
1.052631616592407227e+00 3.341538429260253906e+00
1.605263113975524902e+00 2.633846282958984375e+00
3.026315927505493164e+00 -1.335384607315063477e+00
5.000000000000000000e-01 2.406153917312622070e+00
3.973684310913085938e+00 -2.215384721755981445e+00
3.342105388641357422e+00 3.544615268707275391e+00
2.947368383407592773e+00 1.052307724952697754e+00
1.684210538864135742e+00 -1.052307724952697754e+00
4.842105388641357422e+00 -1.636923074722290039e+00
1.921052575111389160e+00 3.544615268707275391e+00
1.763157844543457031e+00 1.169230818748474121e+00
3.263158082962036133e+00 1.950769186019897461e+00
6.578947305679321289e-01 3.569230794906616211e+00
4.210526466369628906e+00 2.123076915740966797e+00
3.263158082962036133e+00 1.821538448333740234e+00
4.131578922271728516e+00 8.738461732864379883e-01
3.421052694320678711e+00 -8.984615206718444824e-01
9.736841917037963867e-01 -3.563076972961425781e+00
1.842105150222778320e+00 1.864615321159362793e+00
2.947368383407592773e+00 -1.144615411758422852e+00
4.052631855010986328e+00 6.338461041450500488e-01
1.289473652839660645e+00 1.753846049308776855e+00
1.131578922271728516e+00 -2.018461704254150391e+00
1.368421077728271484e+00 -2.418461561203002930e+00
3.894737005233764648e+00 1.101538419723510742e+00
3.263158082962036133e+00 -2.990769386291503906e+00
2.157894611358642578e+00 -2.873846054077148438e+00
1.842105150222778320e+00 2.578461647033691406e+00
1.526315689086914062e+00 -1.452307701110839844e+00
1.684210538864135742e+00 -4.430769085884094238e-01
4.289473533630371094e+00 -2.473846197128295898e+00
4.131578922271728516e+00 2.461538836359977722e-02
3.105263233184814453e+00 3.723077058792114258e+00
1.842105150222778320e+00 3.446153879165649414e+00
4.210526466369628906e+00 2.750769138336181641e+00
1.368421077728271484e+00 1.323076844215393066e+00
2.000000000000000000e+00 -3.249230861663818359e+00
3.263158082962036133e+00 9.969230890274047852e-01
3.973684310913085938e+00 2.036923170089721680e+00
2.394736766815185547e+00 3.427692413330078125e+00
4.289473533630371094e+00 3.716923236846923828e+00
1.289473652839660645e+00 -1.538461565971374512e+00
3.578947544097900391e+00 -1.963076829910278320e+00
3.657894849777221680e+00 3.692307710647583008e+00
3.026315927505493164e+00 -1.255384683609008789e+00
4.447368621826171875e+00 4.492307603359222412e-01
9.736841917037963867e-01 -2.966153860092163086e+00
5.789473652839660645e-01 3.827692270278930664e+00
1.447368383407592773e+00 -3.243077039718627930e+00
8.947368264198303223e-01 -3.329230546951293945e+00
4.447368621826171875e+00 -2.387692213058471680e+00
1.921052575111389160e+00 -1.852307677268981934e+00
4.210526466369628906e+00 2.276922941207885742e+00
3.578947544097900391e+00 1.827692389488220215e+00
1.763157844543457031e+00 -2.879999876022338867e+00
1.368421077728271484e+00 -3.661538362503051758e+00
1.368421077728271484e+00 -1.944615364074707031e+00
9.736841917037963867e-01 2.375384569168090820e+00
8.947368264198303223e-01 3.803076744079589844e+00
3.973684310913085938e+00 2.916923046112060547e+00
4.052631855010986328e+00 -1.803076863288879395e+00
3.500000000000000000e+00 2.547692298889160156e+00
3.105263233184814453e+00 8.184615373611450195e-01
3.894737005233764648e+00 -2.350769281387329102e+00
4.052631855010986328e+00 2.209230661392211914e+00
3.026315927505493164e+00 -3.821538448333740234e+00
2.868421077728271484e+00 2.523076772689819336e+00
2.947368383407592773e+00 -2.184615373611450195e+00
1.131578922271728516e+00 3.218461751937866211e+00
2.947368383407592773e+00 -3.815384626388549805e+00
2.789473533630371094e+00 -2.332307577133178711e+00
3.736842155456542969e+00 -1.415384650230407715e+00
1.921052575111389160e+00 -8.123077154159545898e-01
1.052631616592407227e+00 2.393846273422241211e+00
4.842105388641357422e+00 8.369230628013610840e-01
4.052631855010986328e+00 -1.661538481712341309e-01
4.447368621826171875e+00 -3.618461370468139648e+00
1.131578922271728516e+00 4.615384638309478760e-01
1.842105150222778320e+00 -3.076922707259654999e-02
5.789473652839660645e-01 -2.283076763153076172e+00
4.368421077728271484e+00 -1.938461542129516602e+00
7.368420958518981934e-01 -2.836922883987426758e+00
4.052631855010986328e+00 -2.055384635925292969e+00
3.578947544097900391e+00 2.363076925277709961e+00
5.000000000000000000e+00 7.507692575454711914e-01
1.526315689086914062e+00 -7.815384864807128906e-01
3.815789699554443359e+00 -2.910769224166870117e+00
1.526315689086914062e+00 -1.575384616851806641e+00
3.657894849777221680e+00 -1.513846158981323242e+00
2.868421077728271484e+00 1.224615335464477539e+00
6.578947305679321289e-01 -2.941538572311401367e+00
4.368421077728271484e+00 -2.018461704254150391e+00
3.736842155456542969e+00 -3.298461675643920898e+00
3.342105388641357422e+00 -3.199999928474426270e-01
7.368420958518981934e-01 -2.578461408615112305e+00
7.368420958518981934e-01 -1.489230751991271973e+00
9.736841917037963867e-01 -8.738461136817932129e-01
2.315789461135864258e+00 3.716923236846923828e+00
2.394736766815185547e+00 -1.341538429260253906e+00
9.736841917037963867e-01 3.501538276672363281e+00
2.631578922271728516e+00 1.403076887130737305e+00
5.789473652839660645e-01 1.076923012733459473e+00
4.210526466369628906e+00 -3.076922893524169922e+00
1.131578922271728516e+00 3.723077058792114258e+00
3.657894849777221680e+00 -2.098461389541625977e+00
1.368421077728271484e+00 -2.240000009536743164e+00
1.447368383407592773e+00 2.326153755187988281e+00
3.894737005233764648e+00 -1.563076853752136230e+00
2.473684072494506836e+00 -4.738461375236511230e-01
2.552631378173828125e+00 3.760000228881835938e+00
3.184210777282714844e+00 -8.984615206718444824e-01
1.605263113975524902e+00 2.086153984069824219e+00
2.473684072494506836e+00 -3.840000152587890625e+00
2.315789461135864258e+00 -3.033846139907836914e+00
5.789473652839660645e-01 2.135384798049926758e+00
3.578947544097900391e+00 2.953846216201782227e+00
2.947368383407592773e+00 -1.704615354537963867e+00
1.605263113975524902e+00 3.686153888702392578e+00
4.684210777282714844e+00 -4.000000059604644775e-01
1.842105150222778320e+00 -3.076922893524169922e+00
4.210526466369628906e+00 -2.763077020645141602e+00
1.921052575111389160e+00 -3.353846073150634766e+00
9.736841917037963867e-01 -2.393846035003662109e+00
1.368421077728271484e+00 -1.624615430831909180e+00
3.657894849777221680e+00 -2.393846035003662109e+00
5.789473652839660645e-01 3.199999928474426270e-01
5.789473652839660645e-01 -3.753846168518066406e+00
2.236842155456542969e+00 2.658461570739746094e+00
3.342105388641357422e+00 3.353846073150634766e+00
2.157894611358642578e+00 8.799999952316284180e-01
2.868421077728271484e+00 -3.267692327499389648e+00
1.210526227951049805e+00 1.206153869628906250e+00
2.947368383407592773e+00 -1.741538524627685547e+00
4.605263233184814453e+00 -3.833846330642700195e+00
3.026315927505493164e+00 3.470769405364990234e+00
4.842105388641357422e+00 8.923076987266540527e-01
1.763157844543457031e+00 1.784615397453308105e+00
3.263158082962036133e+00 3.643076896667480469e+00
5.789473652839660645e-01 -1.710769176483154297e+00
8.947368264198303223e-01 2.855384588241577148e+00
4.131578922271728516e+00 -2.418461561203002930e+00
5.000000000000000000e+00 7.200000286102294922e-01
4.447368621826171875e+00 3.938461542129516602e+00
2.315789461135864258e+00 -2.036922931671142578e+00
3.421052694320678711e+00 2.166153907775878906e+00
1.131578922271728516e+00 3.852307558059692383e+00
4.684210777282714844e+00 4.861538410186767578e-01
2.157894611358642578e+00 -2.104615449905395508e+00
4.447368621826171875e+00 -2.596923112869262695e+00
4.526315689086914062e+00 -1.544615387916564941e+00
1.763157844543457031e+00 2.818461418151855469e+00
3.894737005233764648e+00 1.009230732917785645e+00
3.657894849777221680e+00 -3.710769176483154297e+00
4.605263233184814453e+00 -8.799999952316284180e-01
3.578947544097900391e+00 -1.107692271471023560e-01
1.763157844543457031e+00 -1.298461556434631348e+00
4.684210777282714844e+00 1.944615364074707031e+00
2.710526227951049805e+00 3.378461599349975586e+00
5.000000000000000000e+00 -7.938461899757385254e-01
2.236842155456542969e+00 2.676923274993896484e+00
4.763157844543457031e+00 -3.790769338607788086e+00
2.078947305679321289e+00 -2.092307657003402710e-01
3.500000000000000000e+00 1.095384597778320312e+00
3.342105388641357422e+00 -2.806153774261474609e+00
3.578947544097900391e+00 -2.830769121646881104e-01
3.657894849777221680e+00 3.470769405364990234e+00
4.447368621826171875e+00 3.076923638582229614e-02
4.921052455902099609e+00 1.550769209861755371e+00
1.447368383407592773e+00 1.230769604444503784e-02
4.289473533630371094e+00 -3.021538496017456055e+00
1.526315689086914062e+00 2.086153984069824219e+00
2.710526227951049805e+00 4.307692348957061768e-01
4.447368621826171875e+00 -1.120000004768371582e+00
3.026315927505493164e+00 -8.615384697914123535e-01
1.921052575111389160e+00 1.433846235275268555e+00
3.973684310913085938e+00 -1.926153898239135742e+00
2.789473533630371094e+00 -1.944615364074707031e+00
1.368421077728271484e+00 1.046153828501701355e-01
4.210526466369628906e+00 -3.544615507125854492e+00
2.236842155456542969e+00 -1.864615321159362793e+00
4.447368621826171875e+00 -2.652307748794555664e+00
4.052631855010986328e+00 -3.452307701110839844e+00
4.289473533630371094e+00 1.600000023841857910e+00
4.842105388641357422e+00 1.883076906204223633e+00
4.842105388641357422e+00 -2.166153907775878906e+00
1.921052575111389160e+00 -2.430769205093383789e+00
7.368420958518981934e-01 2.880000114440917969e+00
4.921052455902099609e+00 -2.646153569221496582e-01
4.447368621826171875e+00 -1.261538505554199219e+00
1.368421077728271484e+00 3.039999961853027344e+00
5.789473652839660645e-01 -3.643076896667480469e+00
4.763157844543457031e+00 -3.446153879165649414e+00
3.421052694320678711e+00 3.446153879165649414e+00
4.368421077728271484e+00 -1.390769243240356445e+00
3.263158082962036133e+00 -3.132307529449462891e+00
2.552631378173828125e+00 -2.326153755187988281e+00
2.868421077728271484e+00 -3.612307548522949219e+00
2.000000000000000000e+00 -3.046154022216796875e+00
4.289473533630371094e+00 3.495384454727172852e+00
2.078947305679321289e+00 7.999999821186065674e-02
4.684210777282714844e+00 2.658461570739746094e+00
3.815789699554443359e+00 2.960000038146972656e+00
3.578947544097900391e+00 -2.818461418151855469e+00
3.657894849777221680e+00 -3.384615480899810791e-01
3.105263233184814453e+00 2.461538463830947876e-01
2.710526227951049805e+00 -2.769230842590332031e+00
2.000000000000000000e+00 1.230769157409667969e+00
2.868421077728271484e+00 -2.375384569168090820e+00
1.605263113975524902e+00 2.523076772689819336e+00
1.684210538864135742e+00 -3.969230651855468750e+00
1.052631616592407227e+00 -1.840000033378601074e+00
3.500000000000000000e+00 -3.618461370468139648e+00
1.526315689086914062e+00 2.436923265457153320e+00
3.026315927505493164e+00 6.153849884867668152e-03
8.947368264198303223e-01 -2.652307748794555664e+00
1.131578922271728516e+00 -5.907692313194274902e-01
4.684210777282714844e+00 -5.415384173393249512e-01
3.105263233184814453e+00 -3.987692356109619141e+00
3.263158082962036133e+00 1.600000023841857910e+00
3.263158082962036133e+00 -2.775384426116943359e+00
4.447368621826171875e+00 2.092307507991790771e-01
1.289473652839660645e+00 -1.144615411758422852e+00
3.026315927505493164e+00 -2.603076934814453125e+00
2.789473533630371094e+00 1.969230622053146362e-01
2.552631378173828125e+00 9.230769276618957520e-01
3.263158082962036133e+00 2.830769300460815430e+00
4.684210777282714844e+00 3.550769090652465820e+00
3.500000000000000000e+00 3.673846244812011719e+00
3.500000000000000000e+00 3.599999904632568359e+00
4.842105388641357422e+00 -2.898461580276489258e+00
4.131578922271728516e+00 -3.864615201950073242e+00
1.921052575111389160e+00 3.390769243240356445e+00
2.552631378173828125e+00 -4.799999892711639404e-01
3.973684310913085938e+00 1.618461489677429199e+00
1.289473652839660645e+00 -2.461538553237915039e+00
1.921052575111389160e+00 4.492307603359222412e-01
4.763157844543457031e+00 -9.661538600921630859e-01
2.394736766815185547e+00 -2.953846216201782227e+00
1.605263113975524902e+00 1.686153888702392578e+00
1.052631616592407227e+00 3.033846139907836914e+00
2.710526227951049805e+00 -2.061538457870483398e+00
1.921052575111389160e+00 3.895384550094604492e+00
8.947368264198303223e-01 -4.307691752910614014e-02
4.921052455902099609e+00 -3.027692317962646484e+00
3.184210777282714844e+00 -2.769230842590332031e+00
2.947368383407592773e+00 -2.049230575561523438e+00
1.289473652839660645e+00 -2.953845858573913574e-01
4.447368621826171875e+00 -4.061538577079772949e-01
4.210526466369628906e+00 5.169230699539184570e-01
8.157894611358642578e-01 -7.630769610404968262e-01
6.578947305679321289e-01 -3.372307538986206055e+00
1.210526227951049805e+00 -1.273846149444580078e+00
1.842105150222778320e+00 -1.144615411758422852e+00
4.210526466369628906e+00 -2.116923093795776367e+00
