0.000000000000000000e+00 0.000000000000000000e+00 0.000000000000000000e+00 0.000000000000000000e+00 0.000000000000000000e+00 0.000000000000000000e+00 1.000000000000000000e+04 0.000000000000000000e+00 0.000000000000000000e+00 0.000000000000000000e+00 0.000000000000000000e+00 0.000000000000000000e+00
0.000000000000000000e+00 0.000000000000000000e+00 0.000000000000000000e+00 0.000000000000000000e+00 0.000000000000000000e+00 5.047000000000000000e+03 4.953000000000000000e+03 0.000000000000000000e+00 0.000000000000000000e+00 0.000000000000000000e+00 0.000000000000000000e+00 0.000000000000000000e+00
0.000000000000000000e+00 0.000000000000000000e+00 0.000000000000000000e+00 0.000000000000000000e+00 0.000000000000000000e+00 2.524000000000000000e+03 7.476000000000000000e+03 0.000000000000000000e+00 0.000000000000000000e+00 0.000000000000000000e+00 0.000000000000000000e+00 0.000000000000000000e+00
0.000000000000000000e+00 0.000000000000000000e+00 0.000000000000000000e+00 0.000000000000000000e+00 0.000000000000000000e+00 5.028000000000000000e+03 4.972000000000000000e+03 0.000000000000000000e+00 0.000000000000000000e+00 0.000000000000000000e+00 0.000000000000000000e+00 0.000000000000000000e+00
0.000000000000000000e+00 0.000000000000000000e+00 0.000000000000000000e+00 0.000000000000000000e+00 0.000000000000000000e+00 3.177000000000000000e+03 6.823000000000000000e+03 0.000000000000000000e+00 0.000000000000000000e+00 0.000000000000000000e+00 0.000000000000000000e+00 0.000000000000000000e+00
0.000000000000000000e+00 0.000000000000000000e+00 0.000000000000000000e+00 0.000000000000000000e+00 0.000000000000000000e+00 5.078000000000000000e+03 4.922000000000000000e+03 0.000000000000000000e+00 0.000000000000000000e+00 0.000000000000000000e+00 0.000000000000000000e+00 0.000000000000000000e+00
0.000000000000000000e+00 0.000000000000000000e+00 0.000000000000000000e+00 0.000000000000000000e+00 0.000000000000000000e+00 3.494000000000000000e+03 6.506000000000000000e+03 0.000000000000000000e+00 0.000000000000000000e+00 0.000000000000000000e+00 0.000000000000000000e+00 0.000000000000000000e+00
0.000000000000000000e+00 0.000000000000000000e+00 0.000000000000000000e+00 0.000000000000000000e+00 8.000000000000000000e+01 4.994000000000000000e+03 4.831000000000000000e+03 9.500000000000000000e+01 0.000000000000000000e+00 0.000000000000000000e+00 0.000000000000000000e+00 0.000000000000000000e+00
0.000000000000000000e+00 0.000000000000000000e+00 0.000000000000000000e+00 0.000000000000000000e+00 4.000000000000000000e+01 3.670000000000000000e+03 6.241000000000000000e+03 4.900000000000000000e+01 0.000000000000000000e+00 0.000000000000000000e+00 0.000000000000000000e+00 0.000000000000000000e+00
0.000000000000000000e+00 0.000000000000000000e+00 0.000000000000000000e+00 0.000000000000000000e+00 1.580000000000000000e+02 4.909000000000000000e+03 4.711000000000000000e+03 2.220000000000000000e+02 0.000000000000000000e+00 0.000000000000000000e+00 0.000000000000000000e+00 0.000000000000000000e+00
0.000000000000000000e+00 0.000000000000000000e+00 0.000000000000000000e+00 0.000000000000000000e+00 8.900000000000000000e+01 3.766000000000000000e+03 6.002000000000000000e+03 1.430000000000000000e+02 0.000000000000000000e+00 0.000000000000000000e+00 0.000000000000000000e+00 0.000000000000000000e+00
0.000000000000000000e+00 0.000000000000000000e+00 0.000000000000000000e+00 0.000000000000000000e+00 3.020000000000000000e+02 4.724000000000000000e+03 4.596000000000000000e+03 3.780000000000000000e+02 0.000000000000000000e+00 0.000000000000000000e+00 0.000000000000000000e+00 0.000000000000000000e+00
0.000000000000000000e+00 0.000000000000000000e+00 0.000000000000000000e+00 0.000000000000000000e+00 1.850000000000000000e+02 3.702000000000000000e+03 5.881000000000000000e+03 2.320000000000000000e+02 0.000000000000000000e+00 0.000000000000000000e+00 0.000000000000000000e+00 0.000000000000000000e+00
0.000000000000000000e+00 0.000000000000000000e+00 0.000000000000000000e+00 0.000000000000000000e+00 4.400000000000000000e+02 4.539000000000000000e+03 4.501000000000000000e+03 5.200000000000000000e+02 0.000000000000000000e+00 0.000000000000000000e+00 0.000000000000000000e+00 0.000000000000000000e+00
0.000000000000000000e+00 0.000000000000000000e+00 0.000000000000000000e+00 0.000000000000000000e+00 2.700000000000000000e+02 3.673000000000000000e+03 5.723000000000000000e+03 3.330000000000000000e+02 1.000000000000000000e+00 0.000000000000000000e+00 0.000000000000000000e+00 0.000000000000000000e+00
0.000000000000000000e+00 0.000000000000000000e+00 0.000000000000000000e+00 0.000000000000000000e+00 5.570000000000000000e+02 4.403000000000000000e+03 4.424000000000000000e+03 6.160000000000000000e+02 0.000000000000000000e+00 0.000000000000000000e+00 0.000000000000000000e+00 0.000000000000000000e+00
0.000000000000000000e+00 0.000000000000000000e+00 0.000000000000000000e+00 2.000000000000000000e+00 3.500000000000000000e+02 3.631000000000000000e+03 5.593000000000000000e+03 4.210000000000000000e+02 3.000000000000000000e+00 0.000000000000000000e+00 0.000000000000000000e+00 0.000000000000000000e+00
0.000000000000000000e+00 0.000000000000000000e+00 0.000000000000000000e+00 1.000000000000000000e+00 6.770000000000000000e+02 4.279000000000000000e+03 4.283000000000000000e+03 7.590000000000000000e+02 1.000000000000000000e+00 0.000000000000000000e+00 0.000000000000000000e+00 0.000000000000000000e+00
0.000000000000000000e+00 0.000000000000000000e+00 0.000000000000000000e+00 4.000000000000000000e+00 4.290000000000000000e+02 3.583000000000000000e+03 5.476000000000000000e+03 5.030000000000000000e+02 5.000000000000000000e+00 0.000000000000000000e+00 0.000000000000000000e+00 0.000000000000000000e+00
0.000000000000000000e+00 0.000000000000000000e+00 0.000000000000000000e+00 3.000000000000000000e+00 8.130000000000000000e+02 4.152000000000000000e+03 4.164000000000000000e+03 8.650000000000000000e+02 3.000000000000000000e+00 0.000000000000000000e+00 0.000000000000000000e+00 0.000000000000000000e+00
0.000000000000000000e+00 0.000000000000000000e+00 0.000000000000000000e+00 9.000000000000000000e+00 5.510000000000000000e+02 3.526000000000000000e+03 5.301000000000000000e+03 5.990000000000000000e+02 1.400000000000000000e+01 0.000000000000000000e+00 0.000000000000000000e+00 0.000000000000000000e+00
0.000000000000000000e+00 0.000000000000000000e+00 0.000000000000000000e+00 7.000000000000000000e+00 9.180000000000000000e+02 4.055000000000000000e+03 4.013000000000000000e+03 1.001000000000000000e+03 6.000000000000000000e+00 0.000000000000000000e+00 0.000000000000000000e+00 0.000000000000000000e+00
0.000000000000000000e+00 0.000000000000000000e+00 0.000000000000000000e+00 2.000000000000000000e+01 6.210000000000000000e+02 3.460000000000000000e+03 5.192000000000000000e+03 6.880000000000000000e+02 1.900000000000000000e+01 0.000000000000000000e+00 0.000000000000000000e+00 0.000000000000000000e+00
0.000000000000000000e+00 0.000000000000000000e+00 0.000000000000000000e+00 1.300000000000000000e+01 1.022000000000000000e+03 3.958000000000000000e+03 3.908000000000000000e+03 1.089000000000000000e+03 1.000000000000000000e+01 0.000000000000000000e+00 0.000000000000000000e+00 0.000000000000000000e+00
0.000000000000000000e+00 0.000000000000000000e+00 0.000000000000000000e+00 2.500000000000000000e+01 7.290000000000000000e+02 3.419000000000000000e+03 5.036000000000000000e+03 7.640000000000000000e+02 2.700000000000000000e+01 0.000000000000000000e+00 0.000000000000000000e+00 0.000000000000000000e+00
0.000000000000000000e+00 0.000000000000000000e+00 0.000000000000000000e+00 1.600000000000000000e+01 1.119000000000000000e+03 3.826000000000000000e+03 3.869000000000000000e+03 1.151000000000000000e+03 1.900000000000000000e+01 0.000000000000000000e+00 0.000000000000000000e+00 0.000000000000000000e+00
0.000000000000000000e+00 0.000000000000000000e+00 0.000000000000000000e+00 3.700000000000000000e+01 8.170000000000000000e+02 3.389000000000000000e+03 4.913000000000000000e+03 7.980000000000000000e+02 4.500000000000000000e+01 0.000000000000000000e+00 0.000000000000000000e+00 0.000000000000000000e+00
0.000000000000000000e+00 0.000000000000000000e+00 1.000000000000000000e+00 2.200000000000000000e+01 1.184000000000000000e+03 3.784000000000000000e+03 3.770000000000000000e+03 1.209000000000000000e+03 3.000000000000000000e+01 0.000000000000000000e+00 0.000000000000000000e+00 0.000000000000000000e+00
0.000000000000000000e+00 0.000000000000000000e+00 1.000000000000000000e+00 5.000000000000000000e+01 8.160000000000000000e+02 3.389000000000000000e+03 4.819000000000000000e+03 8.650000000000000000e+02 5.900000000000000000e+01 1.000000000000000000e+00 0.000000000000000000e+00 0.000000000000000000e+00
0.000000000000000000e+00 0.000000000000000000e+00 1.000000000000000000e+00 3.500000000000000000e+01 1.251000000000000000e+03 3.673000000000000000e+03 3.722000000000000000e+03 1.277000000000000000e+03 4.100000000000000000e+01 0.000000000000000000e+00 0.000000000000000000e+00 0.000000000000000000e+00
0.000000000000000000e+00 0.000000000000000000e+00 0.000000000000000000e+00 7.500000000000000000e+01 8.820000000000000000e+02 3.248000000000000000e+03 4.796000000000000000e+03 9.210000000000000000e+02 7.600000000000000000e+01 0.000000000000000000e+00 0.000000000000000000e+00 0.000000000000000000e+00
0.000000000000000000e+00 0.000000000000000000e+00 1.000000000000000000e+00 5.500000000000000000e+01 1.317000000000000000e+03 3.598000000000000000e+03 3.642000000000000000e+03 1.337000000000000000e+03 5.000000000000000000e+01 0.000000000000000000e+00 0.000000000000000000e+00 0.000000000000000000e+00
0.000000000000000000e+00 0.000000000000000000e+00 1.000000000000000000e+00 9.600000000000000000e+01 9.640000000000000000e+02 3.172000000000000000e+03 4.678000000000000000e+03 9.830000000000000000e+02 1.040000000000000000e+02 1.000000000000000000e+00 0.000000000000000000e+00 0.000000000000000000e+00
0.000000000000000000e+00 0.000000000000000000e+00 2.000000000000000000e+00 6.300000000000000000e+01 1.404000000000000000e+03 3.479000000000000000e+03 3.588000000000000000e+03 1.392000000000000000e+03 7.100000000000000000e+01 1.000000000000000000e+00 0.000000000000000000e+00 0.000000000000000000e+00
0.000000000000000000e+00 0.000000000000000000e+00 1.000000000000000000e+00 1.110000000000000000e+02 1.026000000000000000e+03 3.121000000000000000e+03 4.604000000000000000e+03 1.020000000000000000e+03 1.130000000000000000e+02 1.000000000000000000e+00 0.000000000000000000e+00 0.000000000000000000e+00
0.000000000000000000e+00 0.000000000000000000e+00 3.000000000000000000e+00 8.000000000000000000e+01 1.444000000000000000e+03 3.434000000000000000e+03 3.510000000000000000e+03 1.446000000000000000e+03 8.300000000000000000e+01 0.000000000000000000e+00 0.000000000000000000e+00 0.000000000000000000e+00
0.000000000000000000e+00 0.000000000000000000e+00 2.000000000000000000e+00 1.320000000000000000e+02 1.052000000000000000e+03 3.134000000000000000e+03 4.483000000000000000e+03 1.050000000000000000e+03 1.360000000000000000e+02 5.000000000000000000e+00 0.000000000000000000e+00 0.000000000000000000e+00
0.000000000000000000e+00 0.000000000000000000e+00 5.000000000000000000e+00 8.600000000000000000e+01 1.526000000000000000e+03 3.384000000000000000e+03 3.399000000000000000e+03 1.494000000000000000e+03 1.030000000000000000e+02 3.000000000000000000e+00 0.000000000000000000e+00 0.000000000000000000e+00
0.000000000000000000e+00 0.000000000000000000e+00 3.000000000000000000e+00 1.600000000000000000e+02 1.118000000000000000e+03 3.032000000000000000e+03 4.419000000000000000e+03 1.090000000000000000e+03 1.670000000000000000e+02 7.000000000000000000e+00 0.000000000000000000e+00 0.000000000000000000e+00
0.000000000000000000e+00 0.000000000000000000e+00 6.000000000000000000e+00 1.080000000000000000e+02 1.549000000000000000e+03 3.306000000000000000e+03 3.358000000000000000e+03 1.556000000000000000e+03 1.140000000000000000e+02 3.000000000000000000e+00 0.000000000000000000e+00 0.000000000000000000e+00
0.000000000000000000e+00 0.000000000000000000e+00 4.000000000000000000e+00 1.780000000000000000e+02 1.157000000000000000e+03 2.971000000000000000e+03 4.359000000000000000e+03 1.137000000000000000e+03 1.800000000000000000e+02 8.000000000000000000e+00 0.000000000000000000e+00 0.000000000000000000e+00
0.000000000000000000e+00 0.000000000000000000e+00 7.000000000000000000e+00 1.250000000000000000e+02 1.608000000000000000e+03 3.201000000000000000e+03 3.325000000000000000e+03 1.592000000000000000e+03 1.370000000000000000e+02 5.000000000000000000e+00 0.000000000000000000e+00 0.000000000000000000e+00
0.000000000000000000e+00 0.000000000000000000e+00 5.000000000000000000e+00 1.920000000000000000e+02 1.233000000000000000e+03 2.908000000000000000e+03 4.258000000000000000e+03 1.180000000000000000e+03 2.020000000000000000e+02 1.400000000000000000e+01 0.000000000000000000e+00 0.000000000000000000e+00
0.000000000000000000e+00 0.000000000000000000e+00 7.000000000000000000e+00 1.350000000000000000e+02 1.668000000000000000e+03 3.156000000000000000e+03 3.222000000000000000e+03 1.655000000000000000e+03 1.490000000000000000e+02 8.000000000000000000e+00 0.000000000000000000e+00 0.000000000000000000e+00
0.000000000000000000e+00 0.000000000000000000e+00 4.000000000000000000e+00 2.210000000000000000e+02 1.235000000000000000e+03 2.937000000000000000e+03 4.142000000000000000e+03 1.212000000000000000e+03 2.210000000000000000e+02 1.700000000000000000e+01 0.000000000000000000e+00 0.000000000000000000e+00
0.000000000000000000e+00 0.000000000000000000e+00 1.000000000000000000e+01 1.590000000000000000e+02 1.716000000000000000e+03 3.129000000000000000e+03 3.150000000000000000e+03 1.650000000000000000e+03 1.710000000000000000e+02 1.500000000000000000e+01 0.000000000000000000e+00 0.000000000000000000e+00
0.000000000000000000e+00 0.000000000000000000e+00 8.000000000000000000e+00 2.260000000000000000e+02 1.291000000000000000e+03 2.878000000000000000e+03 4.091000000000000000e+03 1.222000000000000000e+03 2.490000000000000000e+02 2.400000000000000000e+01 0.000000000000000000e+00 0.000000000000000000e+00
0.000000000000000000e+00 0.000000000000000000e+00 1.400000000000000000e+01 1.630000000000000000e+02 1.761000000000000000e+03 3.076000000000000000e+03 3.089000000000000000e+03 1.693000000000000000e+03 1.850000000000000000e+02 1.900000000000000000e+01 0.000000000000000000e+00 0.000000000000000000e+00
0.000000000000000000e+00 0.000000000000000000e+00 1.000000000000000000e+01 2.460000000000000000e+02 1.330000000000000000e+03 2.817000000000000000e+03 4.029000000000000000e+03 1.250000000000000000e+03 2.690000000000000000e+02 3.300000000000000000e+01 0.000000000000000000e+00 0.000000000000000000e+00
0.000000000000000000e+00 0.000000000000000000e+00 1.900000000000000000e+01 1.800000000000000000e+02 1.774000000000000000e+03 3.016000000000000000e+03 3.072000000000000000e+03 1.714000000000000000e+03 2.040000000000000000e+02 2.000000000000000000e+01 1.000000000000000000e+00 0.000000000000000000e+00
0.000000000000000000e+00 0.000000000000000000e+00 1.400000000000000000e+01 2.610000000000000000e+02 1.327000000000000000e+03 2.836000000000000000e+03 3.952000000000000000e+03 1.275000000000000000e+03 2.840000000000000000e+02 3.200000000000000000e+01 1.000000000000000000e+00 0.000000000000000000e+00
0.000000000000000000e+00 0.000000000000000000e+00 2.000000000000000000e+01 2.110000000000000000e+02 1.798000000000000000e+03 2.985000000000000000e+03 3.017000000000000000e+03 1.728000000000000000e+03 2.220000000000000000e+02 1.700000000000000000e+01 2.000000000000000000e+00 0.000000000000000000e+00
0.000000000000000000e+00 0.000000000000000000e+00 1.500000000000000000e+01 2.970000000000000000e+02 1.367000000000000000e+03 2.782000000000000000e+03 3.884000000000000000e+03 1.296000000000000000e+03 3.100000000000000000e+02 2.900000000000000000e+01 1.000000000000000000e+00 0.000000000000000000e+00
0.000000000000000000e+00 0.000000000000000000e+00 2.500000000000000000e+01 2.340000000000000000e+02 1.817000000000000000e+03 2.955000000000000000e+03 2.977000000000000000e+03 1.740000000000000000e+03 2.300000000000000000e+02 2.000000000000000000e+01 2.000000000000000000e+00 0.000000000000000000e+00
0.000000000000000000e+00 0.000000000000000000e+00 1.900000000000000000e+01 3.300000000000000000e+02 1.367000000000000000e+03 2.767000000000000000e+03 3.851000000000000000e+03 1.291000000000000000e+03 3.140000000000000000e+02 4.100000000000000000e+01 2.000000000000000000e+00 0.000000000000000000e+00
0.000000000000000000e+00 1.000000000000000000e+00 3.000000000000000000e+01 2.470000000000000000e+02 1.819000000000000000e+03 2.926000000000000000e+03 2.950000000000000000e+03 1.748000000000000000e+03 2.510000000000000000e+02 2.400000000000000000e+01 4.000000000000000000e+00 0.000000000000000000e+00
0.000000000000000000e+00 1.000000000000000000e+00 2.300000000000000000e+01 3.570000000000000000e+02 1.349000000000000000e+03 2.725000000000000000e+03 3.824000000000000000e+03 1.301000000000000000e+03 3.510000000000000000e+02 4.400000000000000000e+01 2.000000000000000000e+00 0.000000000000000000e+00
0.000000000000000000e+00 2.000000000000000000e+00 3.300000000000000000e+01 2.850000000000000000e+02 1.831000000000000000e+03 2.874000000000000000e+03 2.886000000000000000e+03 1.785000000000000000e+03 2.710000000000000000e+02 2.700000000000000000e+01 6.000000000000000000e+00 0.000000000000000000e+00
0.000000000000000000e+00 1.000000000000000000e+00 2.500000000000000000e+01 3.940000000000000000e+02 1.370000000000000000e+03 2.636000000000000000e+03 3.798000000000000000e+03 1.340000000000000000e+03 3.600000000000000000e+02 4.800000000000000000e+01 5.000000000000000000e+00 0.000000000000000000e+00
0.000000000000000000e+00 1.000000000000000000e+00 3.600000000000000000e+01 3.100000000000000000e+02 1.851000000000000000e+03 2.803000000000000000e+03 2.887000000000000000e+03 1.789000000000000000e+03 2.880000000000000000e+02 2.800000000000000000e+01 7.000000000000000000e+00 0.000000000000000000e+00
0.000000000000000000e+00 1.000000000000000000e+00 2.900000000000000000e+01 3.880000000000000000e+02 1.380000000000000000e+03 2.637000000000000000e+03 3.720000000000000000e+03 1.362000000000000000e+03 3.810000000000000000e+02 5.400000000000000000e+01 4.000000000000000000e+00 0.000000000000000000e+00
0.000000000000000000e+00 1.000000000000000000e+00 5.900000000000000000e+01 3.110000000000000000e+02 1.850000000000000000e+03 2.820000000000000000e+03 2.811000000000000000e+03 1.807000000000000000e+03 3.010000000000000000e+02 3.400000000000000000e+01 6.000000000000000000e+00 0.000000000000000000e+00
0.000000000000000000e+00 1.000000000000000000e+00 4.100000000000000000e+01 4.120000000000000000e+02 1.364000000000000000e+03 2.622000000000000000e+03 3.677000000000000000e+03 1.365000000000000000e+03 4.170000000000000000e+02 5.800000000000000000e+01 3.000000000000000000e+00 0.000000000000000000e+00
0.000000000000000000e+00 2.000000000000000000e+00 6.300000000000000000e+01 3.130000000000000000e+02 1.857000000000000000e+03 2.787000000000000000e+03 2.771000000000000000e+03 1.822000000000000000e+03 3.350000000000000000e+02 4.400000000000000000e+01 6.000000000000000000e+00 0.000000000000000000e+00
0.000000000000000000e+00 2.000000000000000000e+00 3.900000000000000000e+01 4.080000000000000000e+02 1.406000000000000000e+03 2.595000000000000000e+03 3.610000000000000000e+03 1.393000000000000000e+03 4.180000000000000000e+02 7.600000000000000000e+01 6.000000000000000000e+00 0.000000000000000000e+00
0.000000000000000000e+00 3.000000000000000000e+00 6.400000000000000000e+01 3.140000000000000000e+02 1.889000000000000000e+03 2.769000000000000000e+03 2.711000000000000000e+03 1.847000000000000000e+03 3.400000000000000000e+02 5.600000000000000000e+01 7.000000000000000000e+00 0.000000000000000000e+00
0.000000000000000000e+00 1.000000000000000000e+00 5.300000000000000000e+01 4.020000000000000000e+02 1.417000000000000000e+03 2.622000000000000000e+03 3.540000000000000000e+03 1.368000000000000000e+03 4.540000000000000000e+02 8.400000000000000000e+01 6.000000000000000000e+00 0.000000000000000000e+00
0.000000000000000000e+00 2.000000000000000000e+00 8.100000000000000000e+01 3.180000000000000000e+02 1.871000000000000000e+03 2.783000000000000000e+03 2.695000000000000000e+03 1.810000000000000000e+03 3.700000000000000000e+02 6.300000000000000000e+01 7.000000000000000000e+00 0.000000000000000000e+00
0.000000000000000000e+00 1.000000000000000000e+00 5.800000000000000000e+01 4.460000000000000000e+02 1.392000000000000000e+03 2.612000000000000000e+03 3.482000000000000000e+03 1.384000000000000000e+03 4.640000000000000000e+02 9.600000000000000000e+01 5.000000000000000000e+00 0.000000000000000000e+00
0.000000000000000000e+00 4.000000000000000000e+00 8.500000000000000000e+01 3.560000000000000000e+02 1.851000000000000000e+03 2.743000000000000000e+03 2.651000000000000000e+03 1.863000000000000000e+03 3.670000000000000000e+02 7.000000000000000000e+01 1.000000000000000000e+01 0.000000000000000000e+00
1.000000000000000000e+00 2.000000000000000000e+00 6.400000000000000000e+01 4.710000000000000000e+02 1.402000000000000000e+03 2.576000000000000000e+03 3.451000000000000000e+03 1.401000000000000000e+03 4.640000000000000000e+02 1.060000000000000000e+02 7.000000000000000000e+00 1.000000000000000000e+00
1.000000000000000000e+00 4.000000000000000000e+00 8.900000000000000000e+01 3.710000000000000000e+02 1.904000000000000000e+03 2.689000000000000000e+03 2.621000000000000000e+03 1.871000000000000000e+03 3.550000000000000000e+02 8.200000000000000000e+01 1.200000000000000000e+01 1.000000000000000000e+00
1.000000000000000000e+00 2.000000000000000000e+00 7.100000000000000000e+01 4.880000000000000000e+02 1.427000000000000000e+03 2.525000000000000000e+03 3.440000000000000000e+03 1.410000000000000000e+03 4.600000000000000000e+02 1.160000000000000000e+02 1.100000000000000000e+01 1.000000000000000000e+00
1.000000000000000000e+00 5.000000000000000000e+00 9.200000000000000000e+01 4.090000000000000000e+02 1.909000000000000000e+03 2.635000000000000000e+03 2.584000000000000000e+03 1.887000000000000000e+03 3.800000000000000000e+02 8.200000000000000000e+01 1.500000000000000000e+01 1.000000000000000000e+00
1.000000000000000000e+00 4.000000000000000000e+00 7.300000000000000000e+01 5.050000000000000000e+02 1.415000000000000000e+03 2.558000000000000000e+03 3.351000000000000000e+03 1.403000000000000000e+03 4.910000000000000000e+02 1.290000000000000000e+02 1.100000000000000000e+01 2.000000000000000000e+00
1.000000000000000000e+00 7.000000000000000000e+00 9.200000000000000000e+01 4.150000000000000000e+02 1.910000000000000000e+03 2.613000000000000000e+03 2.544000000000000000e+03 1.908000000000000000e+03 4.010000000000000000e+02 9.400000000000000000e+01 1.400000000000000000e+01 1.000000000000000000e+00
1.000000000000000000e+00 4.000000000000000000e+00 7.300000000000000000e+01 5.130000000000000000e+02 1.444000000000000000e+03 2.494000000000000000e+03 3.326000000000000000e+03 1.415000000000000000e+03 5.100000000000000000e+02 1.440000000000000000e+02 9.000000000000000000e+00 2.000000000000000000e+00
1.000000000000000000e+00 1.100000000000000000e+01 8.800000000000000000e+01 4.470000000000000000e+02 1.886000000000000000e+03 2.646000000000000000e+03 2.476000000000000000e+03 1.916000000000000000e+03 4.020000000000000000e+02 1.130000000000000000e+02 1.300000000000000000e+01 1.000000000000000000e+00
1.000000000000000000e+00 7.000000000000000000e+00 6.600000000000000000e+01 5.340000000000000000e+02 1.437000000000000000e+03 2.479000000000000000e+03 3.294000000000000000e+03 1.451000000000000000e+03 4.880000000000000000e+02 1.540000000000000000e+02 1.100000000000000000e+01 1.000000000000000000e+00
0.000000000000000000e+00 1.500000000000000000e+01 1.000000000000000000e+02 4.540000000000000000e+02 1.932000000000000000e+03 2.542000000000000000e+03 2.486000000000000000e+03 1.939000000000000000e+03 3.940000000000000000e+02 1.180000000000000000e+02 1.800000000000000000e+01 1.000000000000000000e+00
1.000000000000000000e+00 6.000000000000000000e+00 7.800000000000000000e+01 5.650000000000000000e+02 1.450000000000000000e+03 2.443000000000000000e+03 3.235000000000000000e+03 1.461000000000000000e+03 5.110000000000000000e+02 1.620000000000000000e+02 1.000000000000000000e+01 4.000000000000000000e+00
1.000000000000000000e+00 1.500000000000000000e+01 1.060000000000000000e+02 4.740000000000000000e+02 1.940000000000000000e+03 2.496000000000000000e+03 2.465000000000000000e+03 1.927000000000000000e+03 4.260000000000000000e+02 1.260000000000000000e+02 1.900000000000000000e+01 4.000000000000000000e+00
1.000000000000000000e+00 1.100000000000000000e+01 8.800000000000000000e+01 5.900000000000000000e+02 1.455000000000000000e+03 2.394000000000000000e+03 3.213000000000000000e+03 1.447000000000000000e+03 5.590000000000000000e+02 1.600000000000000000e+02 1.500000000000000000e+01 4.000000000000000000e+00
1.000000000000000000e+00 1.700000000000000000e+01 1.160000000000000000e+02 4.790000000000000000e+02 1.937000000000000000e+03 2.501000000000000000e+03 2.438000000000000000e+03 1.907000000000000000e+03 4.560000000000000000e+02 1.250000000000000000e+02 1.800000000000000000e+01 4.000000000000000000e+00
1.000000000000000000e+00 1.300000000000000000e+01 9.200000000000000000e+01 5.880000000000000000e+02 1.476000000000000000e+03 2.378000000000000000e+03 3.204000000000000000e+03 1.417000000000000000e+03 5.630000000000000000e+02 1.750000000000000000e+02 1.600000000000000000e+01 4.000000000000000000e+00
1.000000000000000000e+00 2.100000000000000000e+01 1.200000000000000000e+02 4.890000000000000000e+02 1.947000000000000000e+03 2.450000000000000000e+03 2.420000000000000000e+03 1.935000000000000000e+03 4.620000000000000000e+02 1.250000000000000000e+02 2.500000000000000000e+01 4.000000000000000000e+00
1.000000000000000000e+00 1.800000000000000000e+01 9.800000000000000000e+01 5.900000000000000000e+02 1.465000000000000000e+03 2.334000000000000000e+03 3.214000000000000000e+03 1.430000000000000000e+03 5.770000000000000000e+02 1.720000000000000000e+02 2.200000000000000000e+01 4.000000000000000000e+00
1.000000000000000000e+00 2.800000000000000000e+01 1.300000000000000000e+02 4.980000000000000000e+02 1.978000000000000000e+03 2.359000000000000000e+03 2.428000000000000000e+03 1.943000000000000000e+03 4.800000000000000000e+02 1.200000000000000000e+02 3.200000000000000000e+01 2.000000000000000000e+00
1.000000000000000000e+00 2.500000000000000000e+01 1.000000000000000000e+02 5.860000000000000000e+02 1.509000000000000000e+03 2.266000000000000000e+03 3.159000000000000000e+03 1.475000000000000000e+03 5.780000000000000000e+02 1.810000000000000000e+02 2.500000000000000000e+01 4.000000000000000000e+00
1.000000000000000000e+00 3.300000000000000000e+01 1.330000000000000000e+02 5.040000000000000000e+02 2.005000000000000000e+03 2.297000000000000000e+03 2.409000000000000000e+03 1.952000000000000000e+03 5.020000000000000000e+02 1.210000000000000000e+02 4.000000000000000000e+01 2.000000000000000000e+00
1.000000000000000000e+00 2.600000000000000000e+01 1.080000000000000000e+02 6.070000000000000000e+02 1.497000000000000000e+03 2.234000000000000000e+03 3.136000000000000000e+03 1.473000000000000000e+03 5.930000000000000000e+02 1.930000000000000000e+02 3.000000000000000000e+01 3.000000000000000000e+00
1.000000000000000000e+00 3.500000000000000000e+01 1.450000000000000000e+02 5.150000000000000000e+02 1.995000000000000000e+03 2.306000000000000000e+03 2.394000000000000000e+03 1.921000000000000000e+03 5.170000000000000000e+02 1.220000000000000000e+02 4.600000000000000000e+01 2.000000000000000000e+00
1.000000000000000000e+00 2.500000000000000000e+01 1.210000000000000000e+02 6.180000000000000000e+02 1.490000000000000000e+03 2.262000000000000000e+03 3.095000000000000000e+03 1.451000000000000000e+03 6.030000000000000000e+02 1.980000000000000000e+02 3.400000000000000000e+01 4.000000000000000000e+00
0.000000000000000000e+00 4.400000000000000000e+01 1.510000000000000000e+02 5.320000000000000000e+02 1.984000000000000000e+03 2.314000000000000000e+03 2.328000000000000000e+03 1.941000000000000000e+03 5.080000000000000000e+02 1.470000000000000000e+02 4.600000000000000000e+01 4.000000000000000000e+00
2.000000000000000000e+00 3.000000000000000000e+01 1.160000000000000000e+02 6.370000000000000000e+02 1.491000000000000000e+03 2.231000000000000000e+03 3.020000000000000000e+03 1.500000000000000000e+03 6.210000000000000000e+02 2.100000000000000000e+02 3.500000000000000000e+01 5.000000000000000000e+00
2.000000000000000000e+00 4.200000000000000000e+01 1.490000000000000000e+02 5.520000000000000000e+02 1.981000000000000000e+03 2.321000000000000000e+03 2.235000000000000000e+03 1.980000000000000000e+03 5.290000000000000000e+02 1.570000000000000000e+02 4.800000000000000000e+01 3.000000000000000000e+00
2.000000000000000000e+00 3.400000000000000000e+01 1.190000000000000000e+02 6.630000000000000000e+02 1.481000000000000000e+03 2.225000000000000000e+03 2.985000000000000000e+03 1.500000000000000000e+03 6.210000000000000000e+02 2.220000000000000000e+02 3.200000000000000000e+01 7.000000000000000000e+00
1.000000000000000000e+00 4.400000000000000000e+01 1.540000000000000000e+02 5.800000000000000000e+02 1.972000000000000000e+03 2.285000000000000000e+03 2.256000000000000000e+03 1.961000000000000000e+03 5.340000000000000000e+02 1.600000000000000000e+02 4.600000000000000000e+01 6.000000000000000000e+00
4.000000000000000000e+00 3.100000000000000000e+01 1.220000000000000000e+02 6.630000000000000000e+02 1.492000000000000000e+03 2.209000000000000000e+03 2.989000000000000000e+03 1.457000000000000000e+03 6.350000000000000000e+02 2.340000000000000000e+02 3.700000000000000000e+01 8.000000000000000000e+00
3.000000000000000000e+00 4.600000000000000000e+01 1.650000000000000000e+02 5.710000000000000000e+02 2.007000000000000000e+03 2.264000000000000000e+03 2.243000000000000000e+03 1.934000000000000000e+03 5.390000000000000000e+02 1.700000000000000000e+02 5.100000000000000000e+01 6.000000000000000000e+00
